1 13
2 71
3 59
7 78
15 1236
27 42
29 56
31 79
41 838
62 82
71 59
78 29
79 166
85 82
89 20
90 134
93 124
94 15
102 66
111 29
122 124
123 9624
129 124
142 42
147 82
166 1255
185 124
197 97
202 74
208 74
236 124
237 121
239 15
270 176
286 74
290 66
296 142
304 391
312 124
317 78
335 166
339 18
341 163
356 78
361 47
363 124
384 29
389 42
391 124
408 166
409 66
426 124
427 124
437 59
463 126
466 166
478 651
535 4864
541 166
542 124
560 358
575 20
615 292
629 386
630 539
634 345
651 217
661 74
679 19
704 142
721 42
728 2451
756 19
783 369
799 82
810 373
814 18
850 329
862 82
879 516
893 126
916 74
917 391
925 373
937 383
961 472
1008 9624
1039 107
1048 4552
1060 504
1061 126
1074 373
1075 42
1102 133
1128 166
1135 166
1143 383
1165 166
1193 74
1203 66
1216 217
1220 69
1263 176
1289 66
1292 66
1294 474
1302 383
1307 329
1336 329
1354 184
1361 29
1368 124
1372 124
1386 42
1402 124
1405 504
1410 661
1417 347
1430 670
1442 373
1479 124
1486 329
1493 74
1507 793
1513 347
1523 369
1528 520
1530 373
1544 829
1557 56
1566 383
1572 373
1599 396
1601 329
1663 66
1673 74
1683 800
1686 56
1690 107
1706 8563
1775 13
1779 518
1801 800
1822 369
1836 347
1876 56
1888 520
1894 329
1907 518
1915 124
1949 74
1957 832
1984 724
2029 2359
2032 66
2041 329
2045 761
2051 838
2059 890
2072 66
2095 1708
2111 377
2131 775
2152 107
2166 504
2175 938
2178 562
2187 1708
2206 124
2228 329
2229 13
2239 959
2254 995
2269 369
2328 869
2347 66
2355 66
2363 775
2392 166
2398 869
2409 386
2415 1013
2425 347
2430 520
2447 347
2455 166
2490 948
2501 329
2554 329
2596 386
2597 347
2615 329
2625 126
2630 166
2644 1236
2658 520
2670 838
2672 1236
2690 347
2721 1341
2725 347
2743 383
2767 1236
2824 176
2900 62689
2916 1241
2928 1311
2964 1236
3009 329
3014 1236
3038 1236
3081 429
3158 1236
3168 358
3182 124
3264 124
3282 1469
3315 115
3333 1236
3334 1352
3357 1236
3390 791
3436 1241
3468 520
3495 1228
3496 16222
3503 838
3526 1236
3534 124
3612 1172
3618 1236
3645 1352
3718 13
3759 1236
3767 399
3769 520
3777 399
3798 1236
3799 78
3824 1458
3833 1236
3863 1708
3903 1236
3906 74
3922 1236
3933 1236
3957 1272
3986 1236
4005 1272
4010 74
4031 1236
4034 1492
4047 701
4049 1236
4071 124
4076 139
4094 1241
4102 1501
4116 13
4156 1236
4172 1460
4199 59
4200 1268
4212 6432
4234 1655
4238 1560
4243 1655
4256 1695
4284 399
4289 1460
4299 701
4313 1352
4334 1272
4384 1236
4407 329
4428 1236
4445 1560
4449 966
4470 1236
4519 1172
4586 1236
4637 1241
4731 1252
4761 347
4784 838
4789 386
4799 74
4821 1241
4831 701
4935 1460
4959 1236
4990 124
5005 1046
5027 61
5029 9444
5031 4552
5066 520
5118 838
5190 188
5192 1928
5194 1847
5217 1241
5224 1236
5235 1918
5265 2121
5282 1236
5304 329
5419 126
5535 520
5614 1855
5669 1272
5670 1241
5682 1287
5702 1656
5721 1236
5773 667
5792 386
5824 2192
5839 71
5846 930
5851 166
5888 383
5899 292
5905 520
5963 1390
5994 1252
6026 1460
6052 29
6108 2151
6147 71
6157 1257
6197 1353
6202 329
6220 51994
6256 1543
6271 124
6300 1695
6302 1492
6312 74
6329 661
6370 1655
6400 1241
6438 1236
6446 520
6450 142
6461 1236
6464 1460
6476 1236
6488 2420
6505 386
6518 1236
6524 1236
6561 1782
6581 4552
6584 142
6588 520
6650 1241
6682 29
6686 2359
6687 1241
6720 1352
6721 1236
6750 2238
6754 2415
6782 1236
6827 869
6898 1241
6904 1287
6906 520
6908 1370
6912 2359
6946 1241
6959 1236
7008 63994
7041 1236
7043 1241
7053 1228
7060 1236
7073 1039
7149 373
7158 329
7172 347
7184 329
7202 2643
7218 2359
7231 2451
7232 2238
7250 1241
7251 2359
7292 1588
7322 1492
7437 1012
7441 2754
7454 2710
7470 1236
7479 2710
7487 2708
7654 1241
7657 29
7663 329
7668 520
7680 74
7713 1492
7738 74
7777 1236
7839 399
7843 1236
7856 2451
7905 329
7907 1236
7915 1257
7936 2898
7981 2525
7993 1241
8034 1460
8049 399
8062 347
8074 1236
8149 4864
8151 188
8156 6432
8221 74
8227 74
8248 1236
8256 1460
8282 124
8295 1352
8314 347
8373 1236
8420 1236
8502 1241
8522 74
8589 1492
8599 2190
8602 124
8622 329
8626 2451
8636 1370
8663 2451
8673 1492
8686 2451
8715 1228
8741 1228
8850 1352
8891 2098
8895 661
8904 7670
8914 347
8922 1492
8923 238
8926 1236
8947 302
8954 1492
8981 1236
8983 74
9052 1272
9059 3281
9098 661
9106 1228
9111 7924
9183 1236
9221 124
9255 4864
9296 869
9300 1471
9302 1241
9314 1236
9325 1236
9349 124
9415 520
9421 2708
9482 2451
9574 1236
9615 61
9616 26076
9621 1236
9665 1341
9683 1272
9686 1236
9708 1255
9720 1236
9727 4552
9751 2525
9773 1241
9800 3527
9814 1588
9842 3515
9876 1352
9899 869
9969 124
10039 800
10052 1655
10055 74
10089 1241
10161 3395
10184 3601
10230 975
10262 47
10308 2714
10311 2936
10362 74
10410 1492
10420 1492
10433 1588
10463 661
10464 661
10470 3752
10525 1241
10565 1236
10572 1370
10582 1172
10606 1727
10615 1255
10635 105689
10674 3197
10690 1236
10695 1370
10701 1588
10710 661
10756 383
10759 329
10773 3876
10827 124
10829 1241
10863 1255
10956 377
10989 1255
11003 1390
11017 3632
11039 124
11050 1236
11054 761
11067 2714
11241 2936
11264 1236
11321 2151
11340 2151
11398 124
11419 3970
11449 124
11453 1631
11500 124
11506 520
11527 1492
11542 1492
11562 1341
11608 4131
11646 1241
11675 1272
11707 1492
11782 3281
11799 4202
11800 386
11803 829
11806 4248
11820 1814
11871 1272
11878 4107
11881 4292
11882 1492
11905 3887
11940 3281
11957 1341
11986 1241
12012 3018
12046 4066
12089 1345
12094 124
12116 4306
12154 4289
12169 1241
12183 1241
12191 1255
12200 2525
12208 29
12286 188
12307 4657
12309 4483
12322 2451
12331 761
12341 2190
12358 1337
12361 2451
12404 3970
12408 930
12435 329
12444 2151
12462 329
12520 373
12541 1576
12602 930
12611 4864
12634 392
12657 26969
12664 2451
12736 4552
12744 1588
12760 124
12785 4657
12805 373
12806 4574
12841 4202
12973 4112
12983 329
13043 4769
13060 1255
13157 520
13237 4657
13245 4864
13263 4554
13282 3970
13289 2433
13354 74
13374 1353
13388 2151
13400 2525
13426 1353
13451 4551
13474 4916
13480 2190
13571 1255
13579 3281
13581 520
13624 1782
13654 329
13714 329
13757 5912
13767 74
13851 1492
13861 4237
13980 124
13989 5020
14028 4864
14070 4210
14072 3018
14074 5068
14082 29
14140 4483
14165 2151
14175 1631
14182 124
14185 4864
14235 2525
14241 347
14276 4976
14346 1255
14377 369
14436 4864
14481 2190
14565 2190
14571 124
14609 124
14622 2525
14639 3970
14700 5253
14800 4337
14875 2190
14881 4984
14906 4864
14939 34445
14968 44126
14973 124
14993 4864
15002 829
15055 4864
15083 1945
15088 520
15098 966
15102 4864
15135 4976
15206 1486
15231 124
15249 74
15366 4976
15385 124
15516 1876
15517 1501
15587 74
15631 5144
15640 4864
15642 1631
15666 4864
15738 4864
15742 4864
15762 1492
15791 4551
15809 5729
15841 5739
15855 2828
15858 3099
15960 5669
15963 1492
15981 869
16018 520
16048 1492
16091 4864
16098 1236
16114 3329
16225 1656
16231 3397
16386 4864
16390 5646
16474 6189
16561 2525
16596 1236
16676 4864
16678 2451
16681 4864
16698 21432
16711 4312
16814 4237
16850 124
17076 1236
17087 520
17109 176
17141 124
17169 5447
17170 3811
17200 1196
17227 5563
17259 124
17362 6324
17422 3099
17551 5379
17587 5379
17592 386
17628 5223
17676 4636
17728 6446
17741 4864
17893 4864
17989 16690
18070 6004
18088 2451
18115 6126
18174 5885
18228 3099
18255 4864
18280 4864
18405 5379
18443 3540
18446 5646
18519 1236
18527 1325
18539 6004
18563 124
18623 6775
18632 74
18670 5374
18793 6004
18795 520
18812 2451
18853 6374
18889 6004
19043 74
19083 2715
19195 520
19295 1656
19302 5563
19323 188
19330 6089
19361 520
19378 1236
19405 1236
19636 1325
19642 1325
19690 1236
19731 6432
19747 1341
19770 124
19775 1236
19802 3099
19813 124
19816 1458
19852 7282
19860 6432
19886 2151
20003 1492
20034 5020
20071 1236
20123 1492
20157 124
20201 7142
20259 869
20331 124
20333 4919
20371 7050
20401 1492
20430 7485
20437 7375
20460 4887
20477 3811
20480 6324
20604 1501
20619 124
20643 7433
20670 9205
20675 4864
20713 7433
20726 3099
20797 7330
20802 1486
20813 7433
20825 1325
20832 667
20850 4864
20919 7433
20947 1492
20954 1345
20962 7433
21017 1325
21100 4521
21276 701
21301 373
21319 1186
21336 5563
21405 1656
21595 3197
21669 1325
21677 7924
21678 124
21753 4864
21814 2451
21830 6986
21866 1469
21877 3970
21882 7330
21903 7433
21933 7924
21942 4864
21955 5477
22010 7924
22018 5819
22030 8131
22075 6247
22116 7924
22151 28958
22201 661
22204 9290
22249 3887
22306 3197
22357 1255
22377 1631
22409 7924
22542 2751
22559 4864
22577 2525
22578 4864
22618 4864
22665 8257
22722 1325
22792 8310
22795 4864
22842 1236
22876 1325
22916 386
22923 1739
22967 6089
23083 1236
23100 7670
23104 2525
23154 1492
23197 7433
23295 8492
23358 124
23399 7670
23441 1255
23469 1196
23515 661
23523 7433
23542 124
23588 7433
23605 8154
23615 7670
23647 1325
23676 1255
23681 1631
23725 4864
23767 4887
23797 7670
23813 8570
23876 1501
23879 1325
24001 124
24110 1236
24192 4864
24263 8841
24280 1325
24309 8563
24312 2751
24314 1492
24367 8066
24425 74
24463 2525
24580 107
24588 8563
24668 1492
24771 5374
24796 1945
24800 5931
24852 1655
24859 335
24869 11227
24881 1225
24912 335
24923 8895
24934 775
25038 335
25070 3395
25076 1655
25082 335
25131 417
25140 335
25145 417
25181 4578
25215 335
25264 335
25278 871
25324 2715
25369 5563
25403 871
25407 2715
25451 3550
25498 5563
25509 26969
25524 8895
25539 2715
25564 4550
25591 2498
25657 8895
25685 2715
25698 8895
25708 8895
25759 2715
25779 520
25796 4551
25806 898
25883 8895
25924 1655
25968 335
25978 4646
25982 8895
26007 775
26061 871
26139 5902
26153 2715
26177 5902
26182 115
26257 520
26271 4551
26274 2535
26317 4210
26364 2715
26372 2872
26408 2715
26451 5902
26454 417
26499 8895
26507 520
26515 871
26574 1576
26605 8895
26636 174
26674 3550
26692 520
26720 4551
26739 2498
26742 6749
26748 2715
26764 2715
26780 8895
26798 3998
26906 1236
26983 399
27048 2190
27096 163
27138 6353
27176 5192
27179 5603
27195 5603
27268 163
27332 347
27375 399
27402 5191
27473 5253
27479 2190
27520 163
27643 163
27681 2190
27746 163
27773 2190
27794 124
27830 1588
27837 1236
27847 2451
27849 9101
27866 8570
27909 8318
27939 4864
28093 4864
28111 4864
28118 9131
28174 4864
28312 1325
28350 8234
28407 1631
28488 4864
28505 2451
28535 7154
28568 7167
28573 8075
28583 1256
28656 11053
28720 1236
28747 4864
28783 1492
28816 8857
28895 1341
28912 1236
28931 9484
28971 373
28982 8570
29007 9438
29016 8338
29082 9481
29177 6004
29235 5880
29311 9444
29355 4864
29363 1236
29427 1255
29443 8563
29504 8563
29561 8137
29583 6004
29624 8570
29696 124
29727 1325
29737 9564
29779 124
29785 8521
29837 10468
29877 7670
29902 1325
29955 1325
30037 1325
30097 5223
30198 8563
30229 1236
30242 1325
30267 7924
30268 1325
30308 1492
30338 386
30341 1325
30343 74
30356 4864
30366 1325
30446 4864
30448 10652
30470 4173
30501 1325
30555 4974
30574 4864
30587 10050
30597 1325
30652 124
30732 1325
30735 7924
30835 9886
30863 1236
30910 1236
30922 1325
30946 9719
30973 1325
31019 8841
31068 9082
31071 9887
31105 520
31131 5477
31175 2451
31199 2190
31201 17556
31247 124
31254 9070
31273 386
31326 124
31395 4864
31429 5646
31449 2170
31482 8563
31504 7670
31514 520
31635 4864
31672 1588
31740 1255
31764 4864
31852 4864
31872 232
31894 1236
31909 550
31924 3237
31997 10635
32011 4864
32088 1325
32251 1325
32269 9887
32278 124
32296 2190
32311 1325
32368 2190
32391 1325
32422 6389
32427 1236
32481 520
32484 11152
32544 9018
32685 4864
32691 8435
32699 5563
32738 6389
32818 4864
32830 7924
32848 8563
32859 7924
32882 10725
32948 8609
32976 5477
33009 10755
33240 9887
33273 10965
33326 1325
33330 4864
33333 1492
33470 9173
33542 4485
33547 11118
33565 1492
33578 520
33620 11133
33621 1325
33760 10522
33892 10965
33972 2190
34001 1236
34015 7924
34049 11176
34084 7924
34113 7924
34115 1325
34147 7924
34178 1325
34179 520
34203 2525
34241 10068
34312 369
34352 8521
34395 10447
34407 1236
34516 1325
34522 520
34544 1656
34573 4864
34632 1236
34644 1236
34733 8521
34834 4020
34874 11176
34947 4864
34993 11701
35034 4066
35090 4864
35139 11757
35156 1502
35177 1325
35306 10447
35328 4312
35606 4864
35674 7924
35691 8563
35758 730
35843 9887
35987 6389
36055 1492
36071 107
36092 12395
36114 3887
36167 1325
36286 10068
36288 11625
36295 1325
36384 2451
37543 8797
37641 10522
37644 5563
37662 12312
37756 1325
37772 1325
37881 7692
37904 12350
37912 23660
37919 1236
37998 1486
38005 1236
38021 1325
38033 14182
38077 347
38121 347
38151 1236
38286 1236
38343 8014
38348 2451
38404 2451
38424 6389
38608 1492
38761 2451
38800 9444
38823 7712
38864 1255
38865 3694
38949 11547
39087 6634
39090 347
39100 1325
39124 4455
39128 1325
39165 12762
39193 1325
39205 6389
39215 6634
39253 11547
39347 1492
39442 151236
39467 124
39476 1504
39497 7924
39542 12957
39590 1631
39595 9887
39602 2451
39677 12808
39706 4864
39732 3540
40843 1492
40886 5563
40894 4864
40907 8554
40949 6319
40960 1325
40965 1727
40983 12957
40999 4312
41030 4864
41065 68067
41138 7924
41180 2578
41199 10068
41254 520
41265 2451
41272 3099
41352 12798
41373 7924
41399 14275
41444 14292
41476 4864
41512 7924
41518 1236
41544 9887
41624 995
41662 7924
41680 1325
41735 11205
41738 1236
41770 2498
41779 11062
41816 1236
41858 5563
41880 1236
41903 392
41961 12998
43060 1492
43068 7670
43069 7924
43175 14105
43195 661
43232 392
43238 15606
43293 1236
43361 11062
43406 1236
43573 15742
43630 2751
43711 12623
43714 7924
43722 1325
43768 1255
43782 11062
43813 14182
43827 1325
43833 520
43853 1236
43859 1325
43876 9444
43953 23389
43969 74
43971 2525
44017 8563
44087 2359
44139 5603
44196 1353
44232 16004
44247 12808
44265 1325
44284 12808
44323 1255
44576 2451
44601 11062
44628 8563
44640 14202
44685 7460
44712 1492
44722 10833
44934 7433
44947 2451
44990 1325
45245 2525
45248 7924
45270 7433
45275 22406
45281 1325
45349 2525
45448 2451
45514 1325
45578 995
45598 11933
45626 791
45644 4864
45653 16334
45707 1924
45759 1268
45767 10522
45838 16435
45898 11062
45930 11933
45963 1353
45998 3811
46020 10334
46110 12808
46112 1325
46157 16630
46227 1287
46240 12808
46249 16652
46267 17497
46272 6974
46292 6974
46318 2754
46324 6089
46332 1236
46353 1492
46380 14105
46520 1255
46540 1325
46573 2451
46601 12623
46643 1325
46743 14473
46767 16878
46788 2525
46801 353
46838 1236
46893 2751
46929 10347
47084 8563
47105 10347
47122 10347
47178 21944
47224 1325
47252 14494
47368 1268
47477 520
47527 14202
47754 47511
47783 16725
47805 16421
47847 1236
47859 17198
47901 2451
47934 17311
47951 10347
48019 17320
48116 1492
48275 3811
48284 8521
48375 1504
48392 3948
48399 8521
48497 12810
48589 17581
48615 2751
48672 10068
49745 8563
49826 17645
49839 10347
49853 347
49936 1504
50106 3099
50142 8521
50156 8563
50160 5477
51178 18788
51220 347
51522 16843
51556 17308
51603 3099
51631 1236
51791 1727
51800 4952
51875 17645
51908 353
52001 4952
52012 2451
52048 7670
52071 19945
52176 2451
52249 16725
52273 347
52417 19976
52432 353
52452 2451
52527 955
52907 19976
52943 7670
53005 12350
53012 1236
53230 520
53306 1492
53318 2451
53334 16725
53338 19976
53482 19976
53530 11547
53558 386
53587 8234
53648 1325
53731 8609
53802 19976
53913 7670
54010 20947
54162 18800
54184 1492
54323 17609
54392 7670
54422 18685
54431 14473
54493 17320
54534 74
54615 4252
54674 2473
54717 17320
54814 12019
54896 19976
54907 2451
54912 6389
54950 4252
54975 19976
54979 5223
54995 14275
55063 21123
55143 10334
55204 9444
55258 9542
55444 12613
55487 21299
55598 7182
55660 19976
55663 19976
55751 10304
55768 3948
55833 20967
56024 3064
56062 21692
56144 520
56170 1325
56202 8521
56245 19976
56296 18685
56388 5223
56496 25349
56598 1782
56833 19976
56892 17609
56956 386
57030 124
57057 16689
57170 4983
57228 12874
57299 2451
57313 2151
57383 3066
57390 2190
57397 22148
57413 8234
57451 1492
57515 22229
57561 22229
57799 2751
57871 22494
57901 2451
58018 2451
58046 18740
58069 16689
58136 11012
58185 1236
59221 10788
59247 3936
59316 5477
59327 22494
59333 1236
59359 21754
59469 1325
59502 1325
59513 4646
59514 19976
59568 26140
59579 1325
59710 17609
59782 1325
59831 8521
59859 22698
59921 4552
59929 520
59945 1325
59978 17609
60020 1325
60060 18740
60095 22786
60170 18740
60202 22725
60226 9887
60299 3397
60315 1492
60409 19976
60422 1224
60515 7433
60519 1236
60662 33968
60681 12613
60690 7433
60706 19976
60746 22892
60758 10352
60763 7433
60830 5477
60848 22623
60860 1236
61139 17320
61165 23158
61174 5477
61196 15615
61280 2190
61333 520
61397 17320
61422 347
61445 22494
61455 19976
61498 1236
61536 124
61569 23253
61579 7616
61679 4552
61699 4552
61796 11062
61810 20250
61899 1236
61918 23473
62008 23473
62056 12951
62117 1325
62151 10788
62177 3811
62343 23339
62513 22320
62664 20250
62669 23107
62803 4646
62888 1325
62980 22334
63045 4552
63070 1325
63163 23873
63164 21733
63253 21712
63256 4552
63278 1325
63328 124
63383 520
63394 16115
63426 9887
63558 8521
63660 10001
63987 8007
64027 21994
64072 27898
64086 1325
64120 21144
64124 9887
64232 24124
64240 11625
64452 10334
64555 14202
64562 17609
64673 520
64703 10236
64707 20071
64862 1492
64869 3998
64949 520
65029 14105
65068 1172
65084 14202
65141 3099
65208 1325
65229 22334
65237 4552
65339 9887
65410 10236
65518 19976
65524 74
65549 23473
65608 9719
65647 20848
65651 8563
65672 1236
65688 19976
65711 1236
65751 25349
65784 9719
65794 14
65812 12623
65825 1492
65857 1236
66057 20779
66092 1236
66169 520
66234 12240
66249 24142
66268 24913
66276 9960
66350 8007
66498 1492
66521 392
66531 1924
66614 23473
66770 25175
66773 22494
66818 20848
66834 661
66851 20848
66941 1325
67158 12798
67181 16464
67211 1236
67350 1236
67432 1236
67609 19976
67616 23339
67755 19976
67756 11529
67774 9887
67804 1236
67826 4552
67957 2190
67983 19976
68020 25729
68025 6982
68108 24142
68302 2473
68381 1255
68398 4552
68530 6316
68556 9397
68599 1236
68721 9205
68728 11053
68829 9887
68841 7911
68961 25617
69013 24066
69080 4552
69133 25352
69134 23473
69178 25352
69289 2190
69448 8007
69510 25069
69550 8563
69559 399
69667 24983
69828 10522
69936 24773
69949 11053
69997 15933
70035 24791
70047 4552
70050 399
70060 5603
70318 10447
70376 19976
70452 16114
70484 25664
70496 6634
70541 20250
70562 26875
70601 3099
70604 3970
70651 520
70728 7616
70751 347
70823 40737
70855 1255
70882 10522
70887 7433
70897 16660
70919 124
70921 20898
70979 5603
70993 25589
71017 9887
71069 25352
71119 7433
71120 520
71184 4552
71263 1325
71292 1268
71432 24791
71455 1325
71503 4552
71509 4552
71582 10896
71611 2451
71620 20848
71661 1268
71706 1268
71763 10896
71788 25176
71823 1325
71949 6316
71987 10522
71994 4646
72119 24142
72174 1492
72315 5374
72421 23339
72636 26437
72664 26437
72686 1236
72689 19976
72824 1325
72874 27732
73094 1268
73225 124
73262 27858
73279 1255
73373 22254
73403 29944
73422 20973
73466 1268
73515 16842
73532 2451
73564 27746
73626 1268
73654 1236
73692 19976
73713 21441
73745 562
73766 3360
73769 1236
73803 12023
73867 27732
73942 562
73959 1504
73961 392
73962 28161
74051 74
74185 26076
74324 5477
74456 661
74569 17320
74625 26076
74666 1864
74780 5819
74892 1325
75032 1325
75222 10896
75229 2451
75349 520
75363 124
75465 29174
75471 8563
75557 19976
75576 74
75605 22334
75619 4552
75753 10334
75911 1236
75945 29118
76096 1236
76162 562
76299 1236
76366 19976
76770 27048
76835 26140
76939 14105
76978 28244
77038 2451
77053 1325
77368 5603
77373 1492
77384 21256
77410 19976
77495 6316
77558 15559
77606 52112
77641 8563
77894 8563
77976 20848
78112 2451
78118 24653
78222 2451
78392 17320
78414 26686
78419 16464
78442 14105
78519 26875
78552 2190
78586 8563
78624 24791
78643 11625
78684 8563
78730 19976
78846 4066
79013 2451
79101 6178
79146 21441
79331 9887
79355 25301
79392 29118
79426 29576
79733 28940
79787 26076
79860 520
79878 20148
80028 26076
80043 25301
80159 25301
80166 347
80181 1325
80221 8821
80226 30717
80256 1325
80365 1325
80390 23660
80434 27732
80471 24791
80707 30124
80760 5223
80775 19976
80807 17320
80932 1325
80995 22494
81029 392
81041 19976
81056 21817
81105 20848
81221 7433
81303 7911
81414 4552
81464 31450
81656 30247
81704 20898
81754 6389
81933 520
82044 1492
82243 12350
82359 56578
82429 11361
82678 17320
82874 26076
82973 31496
83105 17609
83141 6316
83190 24678
83303 32168
83307 66
83393 8824
83457 347
83488 31183
83699 5477
83743 8563
83781 2451
83880 8824
86141 22494
86233 31635
86534 12350
86593 31635
86688 26686
86726 11484
86774 30717
86920 2190
86926 24774
87065 26169
87107 25701
87213 1325
87332 38551
87342 2451
87346 21817
87534 399
87560 6974
87731 22182
87751 22494
87796 22494
87817 23660
87874 30124
87984 19976
87986 3811
88059 34521
88145 25301
88199 31635
88322 26076
88428 25301
88486 34840
88504 1353
88572 23339
88679 34521
88724 1255
88749 17609
88819 26969
88826 29216
88925 1382
88935 19976
89002 2451
89035 1504
89072 2190
89075 1353
89077 26076
89098 19976
89173 19872
89477 24653
89518 8563
89570 124
89618 35997
89659 21441
89690 32185
89792 35354
89804 8563
90224 19976
90242 26076
90257 2190
90338 22494
90398 36158
90418 347
90533 9887
90556 29726
90592 1325
90646 1325
90804 28410
90830 9887
90903 347
90979 1353
91158 24142
91192 57780
91243 1325
91302 21441
91316 12613
91331 1353
91378 31635
91501 1325
91507 26076
91685 21817
91881 30217
91895 8563
92030 19979
92037 31635
92050 520
92051 22494
92109 35354
92244 9993
92274 29174
92284 26076
92465 520
92516 24142
92535 36709
92715 15849
92719 37513
92758 30217
92825 1325
92933 15849
92969 1325
93059 25151
93183 36744
93567 25301
93588 36723
93599 37364
93634 28958
93671 15559
93698 392
93703 1492
93938 35120
94103 26076
94153 8563
94181 24142
94183 25403
94235 3540
94253 1504
94356 20848
94375 10887
94416 399
94471 37758
94538 3998
94560 5603
94573 25680
94635 392
94832 35120
95023 1325
95254 37640
95355 2451
95457 37028
95705 26932
95779 35354
95815 1236
95974 38613
95998 1236
96010 35354
96033 2451
96045 19976
96074 19976
96081 1236
96190 2451
96327 74
96362 28958
96466 2451
96572 38424
96596 20779
96622 19976
97713 1236
97829 25606
97893 89386
97922 1325
97959 35652
98011 38302
98119 35354
98241 22148
98398 520
98485 24773
98552 1325
98600 24653
98680 5477
98684 21817
98703 1236
98714 19976
98761 19976
98844 1325
98966 1855
99016 8563
99037 66086
99140 16115
99252 23785
99283 28958
99285 31895
99326 25301
99520 37070
99559 2451
99590 37070
99614 37028
99636 26076
99699 26834
99731 19976
99906 26169
99943 1325
100277 26143
100415 2451
100444 16211
100553 19976
100578 28958
100794 1739
100816 8563
100951 84305
101268 28958
101393 37640
101402 2451
101461 20250
101548 40580
101675 24653
101887 35354
101895 1325
101913 35024
101919 11053
102032 42548
102097 21441
102222 4646
102259 37070
102315 41278
102409 1325
102410 5603
102670 32050
102822 37364
102941 42299
103024 1325
103171 9887
103328 7924
103419 42495
103447 23741
103516 26686
103535 14202
103576 6389
103616 34382
103685 12151
103766 6634
103790 40614
103893 30717
103951 41072
104020 35354
104031 9887
104101 41953
104153 11053
104335 2451
104442 2190
104493 12813
104511 41757
104523 41729
104563 83398
104653 1492
104793 392
104832 30717
104857 42650
105144 58234
105201 1236
105256 1325
105318 4020
105356 1492
105433 1325
105439 1325
105460 30217
105554 26076
105592 22334
105593 38551
105707 26076
105713 399
105782 9719
105802 27732
105912 35354
105935 38551
105949 43488
106023 25069
106066 59948
106098 27660
106102 35354
106124 30217
106605 43488
106754 6389
106808 42975
106990 22157
107031 38551
107061 30717
107152 12234
107165 31895
107171 22927
107191 6634
107443 23473
107584 30717
107709 24142
107824 25069
107845 23564
107904 42975
107930 18721
107963 23473
108008 35354
108014 40930
108224 10833
108413 38111
108546 34382
108626 24653
108802 26969
108817 40021
108925 38242
108971 25301
109142 41147
109343 35399
109346 28958
109368 41072
109533 35354
109535 30695
109536 30887
109731 45164
109736 9887
109738 19917
109739 1325
109833 25301
109877 44126
109884 66086
109888 31984
109897 2525
109910 44126
109964 41072
109991 15997
109995 29580
110231 35354
110241 520
110546 30695
110645 12350
110669 1325
110703 124
110739 22278
110747 35024
110763 35354
110810 41072
110820 11053
110844 38551
110870 4646
110960 23785
110994 520
111006 4646
111017 35354
111103 41072
111167 6178
111296 41072
111358 44126
111427 1492
111449 20779
111538 38551
111587 124
111597 1325
111644 23473
111652 8563
111679 1325
111761 1325
111770 49026
111875 28958
111917 1325
111955 41072
112096 8223
112097 17609
112118 26969
112190 399
112249 520
112343 44257
112354 30717
112424 22829
112461 29216
112466 43402
112483 1325
112615 26969
112668 44126
112828 35354
112861 44576
112866 1325
112949 25680
112959 44126
113037 41072
113087 1325
113092 1325
113104 30247
113135 41072
113235 9993
113242 1325
113294 25794
113321 28958
113431 44216
113643 31895
113669 1353
113677 5739
113749 1325
113776 23339
113818 5788
114022 92058
114033 35354
114069 35354
114120 44126
114206 23339
114280 10027
114399 48802
114496 124
114503 47353
114523 38159
114525 47353
114591 8563
114669 3220
114785 9887
114958 6432
114994 1492
115070 9887
115088 17565
115188 14105
116281 27043
116290 46399
116302 21420
116430 108789
116452 1268
116499 15997
116595 5963
116608 41634
116757 1325
116851 399
116921 44126
116960 1325
117013 23339
117101 41072
117102 9887
117152 34382
117237 26063
117354 44013
117369 26969
118570 5739
118629 1492
118633 12234
118768 2451
119103 1492
119126 2451
119254 1504
119387 27048
119593 21742
119636 1325
119688 6178
119732 1325
119838 44013
119858 6389
119950 14105
119999 41010
120015 50583
120036 26969
121299 26076
121337 35354
121353 9887
121406 19976
121451 1325
121497 8563
121546 51992
121551 26076
121724 1325
121775 1325
121781 26044
121809 44126
121830 52112
122102 26969
122126 52318
122231 25697
122273 11012
122374 1325
122469 1325
122474 20848
122505 52543
122601 8066
122637 29216
122659 347
122687 50546
122742 31335
122785 11053
122830 26969
122911 1492
122921 29762
122933 1325
123039 6316
123109 4551
123124 73020
123156 31585
123353 44013
123456 9887
123483 44576
123525 52394
123591 5739
123639 32426
123674 1325
123725 19976
123753 51994
123874 9887
125903 24140
125932 10027
125977 22148
125995 4551
126077 24140
126088 24140
126101 1255
126108 1325
126201 5739
126206 38674
126214 9887
126374 26969
126471 1325
126504 41263
126512 50583
126533 20071
126622 50583
126636 53113
126711 8563
126847 25680
126919 1236
126967 50583
126987 37028
127002 55662
127071 52112
127259 1236
127282 51994
127330 50546
127382 520
127420 26969
127431 45539
127472 35652
127502 26044
127531 8563
127543 520
127695 26539
127745 55662
127752 124
127766 1325
127770 1325
127791 6982
127796 44205
127797 6316
128161 6316
128310 1492
128315 52112
128323 31496
128356 1268
128374 43488
128408 8563
128468 26969
128512 1268
128598 56578
128626 26969
128627 520
128650 11053
128705 44126
128785 52112
128816 26969
128882 8563
128938 44126
129134 1325
129143 43351
129160 34264
129190 4552
129267 1325
129429 56299
129449 23473
129492 26969
129525 1325
129626 25069
129632 53175
129731 1325
129873 1325
129978 8563
129987 6316
130098 520
130239 51994
130268 56997
130368 2451
130412 51994
130450 24653
130457 51994
130459 56578
130521 55893
130552 1325
130567 50515
130594 1236
130649 50583
130688 392
130721 9887
130754 57157
130800 35354
130803 57217
130829 1325
130918 25301
130985 29216
130996 4552
131014 4552
131272 2451
131457 1325
131459 56997
131487 1247
131494 26969
131674 17516
131732 7670
131738 20848
131812 49105
132114 23473
132123 19976
132195 1325
132372 38551
132449 22494
132499 35354
132515 21441
132566 24653
132613 347
132654 50583
132719 8563
132720 1236
132754 56578
132852 23161
132886 1236
132892 26969
132974 52394
133032 14202
133091 58059
133198 43351
133270 19976
133366 56997
133376 4552
133398 49024
133459 21218
133494 23473
133664 24653
133758 50583
133866 23339
133915 1325
134071 1325
134076 1236
134119 52805
134226 55909
134229 28958
134262 23389
134274 6178
134356 7142
134417 57595
134473 7670
134683 52394
134704 57595
134705 392
134831 43402
134843 1325
134849 1325
134943 26969
134960 20564
135013 58937
135016 26969
135063 29216
135180 57595
135186 30247
135346 50583
135465 2451
135472 31496
135477 46399
135478 43351
135520 1492
135521 520
135539 5739
135569 45476
135602 24653
135610 1236
135618 50583
135676 50583
135764 23473
135872 520
136182 2451
136477 56997
136486 1268
136542 1236
136616 4552
136724 26969
136752 24653
136775 124
136797 41376
136860 1325
137122 31790
137207 29762
137221 23473
137229 52112
137350 52112
137354 59949
137460 5477
137504 52805
137538 26969
137560 59993
137811 26969
137860 22316
138011 65081
138087 52112
138095 60212
138151 7574
138297 26076
138325 26076
138404 347
138451 26969
138598 6634
138679 8563
138690 59969
138770 24653
138892 50583
139055 26076
139067 11053
139153 3811
139346 31790
139398 34382
139544 11053
139545 1325
139616 9887
140923 1325
140927 56997
141058 1492
141143 55751
141158 43351
141258 62094
141303 52112
141331 31790
141354 2451
141468 52112
141802 1325
141839 52112
141856 2451
141865 4552
141875 43351
141898 9887
142005 40569
142061 3998
142132 44126
142159 50583
142169 50583
142193 59406
142236 8563
142344 30833
142352 26076
142413 50546
142435 52112
142531 9993
142548 31231
142672 35354
142732 59406
142805 9887
142971 41729
143256 41637
143385 26076
143576 4552
143593 26969
143630 2451
143673 26969
143823 22494
143843 28958
143978 40441
143998 6395
144078 41072
144101 1236
144294 19976
144329 21049
144337 1486
144356 21441
144393 49105
144406 46698
144546 26076
144572 50583
144641 50583
144694 26076
144696 26969
144736 62952
144779 42327
144819 41072
145110 1325
145158 1325
145331 23785
145400 50583
145458 31895
145560 43351
145772 4552
145811 62952
146003 6178
146010 26076
146166 52149
146253 52996
146499 43101
146585 8563
146666 9887
146867 26076
146871 1492
146931 347
146984 26076
146993 56578
147070 1325
147096 29174
147239 20667
147346 45539
147433 8563
147499 4552
147539 45164
147826 26969
147847 1325
147893 6178
147896 26969
147908 43351
147939 1492
147987 66086
148028 1325
148116 19917
148177 1325
148189 26969
148203 64082
148216 6389
148298 26076
148309 4646
148337 63547
148378 26076
148418 57075
148489 59406
148602 8563
148656 52112
148676 65081
148709 26969
148761 23339
149065 55662
149082 19976
149214 63023
149314 65526
149487 65081
149516 11835
149744 1325
149832 23473
149920 65706
149977 12613
150009 42327
150050 25301
150128 32185
150139 26969
150373 63055
150387 5477
150446 28544
150493 43488
150503 26969
150598 65081
150687 50583
150803 50583
150847 1341
150899 11484
150994 25301
151121 55662
151150 34274
151331 66376
151332 1325
151374 23785
151640 59406
152731 52112
152808 14105
152880 30247
152906 50583
152924 65081
152979 65708
153361 23564
153385 2451
153478 31635
153538 62868
153657 25301
153791 25301
153806 50207
153807 59273
153904 26076
153926 1325
153937 67833
153965 29216
153990 31635
154088 57075
154105 30887
154227 43351
154307 44126
154350 56997
154373 9887
154403 6389
154443 67685
154461 60080
154468 57780
154580 26969
154651 26969
154735 3998
154753 52112
155015 59406
155169 31790
155360 14105
155425 26969
155539 1325
155727 1325
155823 4248
156251 40168
156280 43488
156286 26076
156308 1325
156318 43351
156529 62726
156606 67825
156715 68549
156740 1325
156861 62726
156879 64473
156884 1325
156890 43351
156907 50583
156934 56997
156943 52112
156984 14105
157003 68181
158070 1325
158246 124
158319 23473
158421 12874
158462 25301
158532 14073
158757 5788
158803 50583
158824 45613
158938 58382
158946 35354
159021 19976
159101 8850
159273 2451
159374 70429
159436 26969
159590 63055
159674 25301
159685 59444
159734 4248
159880 43351
159922 32149
159937 43351
160042 520
160347 1325
160413 6634
160548 2936
160718 68181
160759 26076
160937 59215
161013 67847
161085 31635
161126 21441
161163 9887
161176 1492
161267 43351
161275 35399
161406 24089
161453 1325
161662 1325
161683 26969
161796 50583
161819 1325
161821 8821
161859 9887
162020 51934
162105 59215
162119 38601
162184 70207
162213 21441
162335 9887
162514 43351
162552 59215
162704 1353
163074 24093
163082 5739
163217 8563
163225 35024
163378 14105
163439 6974
163546 14105
163604 57780
163691 50583
163780 8563
164083 50583
164455 25102
164490 26076
164511 23473
164665 72047
165004 44126
165091 232
165197 63547
165212 8007
165381 62952
165476 43351
165526 52112
166073 65728
166095 1555
166367 50583
166568 37102
166798 1325
166966 1325
167077 43294
167098 74053
167114 6634
167250 43351
167282 23389
167311 23473
167312 60658
167690 9887
167888 52805
168066 72068
168129 62952
168218 25301
168237 43351
168533 4962
168536 5477
168546 60201
168684 73626
169003 73010
169009 26969
169209 38159
169257 35354
169275 43351
169553 8563
169730 57780
169745 74763
169964 68743
169969 43351
170130 124
170229 75333
170318 30247
170338 26969
170464 5953
170502 1325
170635 59406
170725 59724
170768 520
170882 25301
170962 1325
171107 9887
171247 2451
171881 30247
172068 43488
172076 2710
172315 1268
172624 30246
172739 9887
172939 73626
173000 6735
173085 111581
173207 26969
173281 9887
173496 57780
173639 73020
173751 26076
173768 60201
173790 43488
174135 124
174150 22334
174164 76986
174413 43331
174521 8563
174541 73490
174569 72228
174746 76984
175188 50583
175292 9887
175344 59406
175444 77310
175718 9887
175985 37364
176050 12613
176077 8563
176220 72299
176239 26129
176358 8494
176518 8007
176537 26969
176650 70207
176731 1325
177049 73864
177113 1325
177297 48856
177588 77542
177734 59023
178061 73626
178169 68645
178371 26969
178417 37364
178601 74
178710 73626
178826 26076
178831 77679
178837 124
178865 44126
178944 26969
178960 47511
179046 50546
179082 24653
179180 1236
179309 23473
179353 76931
179388 25794
179523 19976
179535 56997
179574 79368
179592 1325
179595 56997
179636 50583
179671 10762
180698 520
180998 79368
182302 31790
182309 3811
182668 50583
182686 23679
182688 8563
182836 1325
183216 62726
183414 1236
183501 44126
183527 41072
183882 80706
183928 75057
184186 23679
184225 8007
184277 43351
184317 45539
184374 68278
184474 1492
184659 26969
184898 23473
184947 31790
185110 1492
185231 53062
185298 75518
185452 45770
185509 74850
185519 68948
185579 80706
185630 65263
185939 73626
186034 55225
186170 1325
186199 64166
186323 50546
186869 26969
187076 82554
187098 31790
187254 56997
187403 23564
187456 1325
187508 52072
187917 8007
188418 70710
188650 52112
188673 45539
188796 82528
189031 44126
189060 56997
189181 74
189299 63547
189367 7051
189600 4962
189653 53077
190308 43351
190344 83988
190471 25301
190558 76162
190591 22927
190983 73864
191013 1325
191042 35354
191062 26969
191425 47511
191451 6089
191777 26969
191786 1325
191942 80818
192125 5788
192185 81133
192318 23473
192527 50583
192561 70454
192713 73490
192891 85267
193188 53077
193205 68743
193237 27732
193364 520
193585 82528
193609 4646
193663 4993
193684 26969
193864 76162
193918 7924
193954 1492
194257 55856
194275 76931
194280 45164
194334 4888
194367 71784
194661 4552
194733 25301
194936 63690
194986 84967
195297 52112
195648 44126
195842 3811
195915 57780
195951 43351
196006 26969
196100 347
196127 58602
196136 77208
196153 4248
196383 70207
196564 31790
196726 40456
196848 50583
197110 26969
197292 74
197487 56299
197595 1492
197713 63290
197848 70242
197973 1325
199352 59281
199606 62726
199632 78942
199995 26969
200078 84696
200097 89080
200143 87600
200173 1325
200198 4962
200378 12245
200752 51934
200868 81404
200932 26969
201235 27753
201343 81133
201393 80706
201482 1236
201492 1236
201786 2451
201835 57780
201877 41376
201973 26969
201992 57780
202284 1492
202330 2451
202441 26969
202522 45019
202628 26969
202669 86889
202823 55225
203003 92630
203067 90415
203493 2451
203697 115736
203746 43351
204029 50583
204090 73490
204094 87624
204100 73490
205186 26076
205222 87624
205370 62726
205513 1325
205552 520
205553 56299
205555 43351
205810 23741
205881 48856
205981 23389
206048 92817
206440 76162
206579 70242
206669 80706
206790 28464
206822 86889
207201 79217
207295 1325
207416 23785
207421 62952
207644 1325
207816 1325
207906 73490
208014 1325
208516 31790
209522 31790
209828 52112
209854 44126
210087 1325
210552 26076
211246 52514
211293 23785
211444 1492
211706 45164
211708 73214
211773 43351
211857 72487
211908 45613
212142 31790
212287 43351
212421 80878
212494 81818
212546 44126
212895 5223
212962 2525
213279 56299
213337 77741
213886 1325
214552 7924
214674 52394
214950 8521
215047 26076
215220 57780
215353 96157
215747 74
215788 50480
215809 26969
216276 21248
216342 73490
216479 93237
216495 5477
216577 4888
216629 43351
217025 81133
217034 96157
217545 98027
217567 93237
217589 76162
217821 1492
218051 98308
218370 1504
218614 98561
218668 65173
218983 2451
219133 1325
219282 80706
219582 99145
219681 52394
219710 97957
219806 1325
219897 1325
220112 4646
220329 124
221027 89797
221339 206096
221395 40441
221851 25167
222014 7924
222284 59023
222390 1325
222622 83398
222736 81133
223002 94772
223564 84488
223565 26969
223610 1492
223824 50154
223935 63547
223991 24653
223995 12613
224351 1325
224675 111915
225207 1492
225413 2451
225423 43351
225436 5953
225668 26129
225693 100529
225733 101986
225831 56997
226088 77208
226266 43351
226313 124
226745 520
226882 26969
227138 43164
227213 99370
227853 45384
227960 30887
228183 1236
228279 31790
228346 43164
228401 31790
228802 37630
228887 93237
229047 26969
229076 4888
229168 89220
229198 44126
229464 30247
229480 8850
229931 35354
230036 30247
230054 10027
230227 70242
230249 77496
230495 84967
230685 1325
230751 26969
230973 43351
231017 31790
231085 104635
231732 73490
232028 104696
232298 43101
232589 83398
232717 26969
232875 1492
233125 62726
233266 50583
233297 29202
233328 106905
233409 40441
233497 78230
233798 1492
233844 8563
234018 59023
234120 104696
234304 90491
234495 40441
234538 6432
234734 8563
234938 106502
235019 1492
235079 4272
235285 57595
235413 1492
235450 68611
235574 1325
236145 354
237268 43351
237306 43101
237497 43987
237588 78230
237612 50770
238782 43351
238893 47594
239218 52805
239250 1325
240106 62726
241043 84967
241050 26969
241355 75706
241896 29944
241943 94772
242059 87624
242068 67712
242086 57780
242499 90491
242665 77496
242688 181319
243144 104696
243565 44126
243775 5739
243946 109968
244158 12613
244401 83835
244470 70242
244606 1492
244650 25629
244885 75777
244922 112041
244972 50583
245214 45164
245215 50546
245223 111915
245253 64286
245499 106192
245692 46304
245898 109538
246050 23564
246208 5603
246342 2451
246808 50583
247056 106205
247106 113242
247394 84967
247585 62519
248649 43351
248661 43351
248850 2451
249239 4993
249307 84967
249399 106192
249606 8007
249679 31335
249809 109849
249961 133661
250136 35354
250304 83398
250363 113350
250421 1492
250688 46415
250800 90491
251385 1325
251406 9887
251711 90283
251803 35354
251888 47472
252044 8821
252101 113654
252145 115553
252213 2451
252288 65263
252473 55657
252542 97890
252802 115834
252882 26969
252959 113338
253098 94761
253415 63690
253475 59023
253543 47472
253552 84967
253762 89597
254085 1492
254088 63994
254266 89318
254585 47472
254777 93729
254784 109742
254857 21146
255166 114696
255340 83398
255909 34182
255947 26969
255976 63097
256008 110834
256023 110116
256285 46698
256570 43101
256674 6835
256739 43351
256818 1236
256955 117719
257018 50583
257153 5739
257247 83545
257383 2525
257476 70207
257608 50583
257693 63097
257720 16767
257819 83398
257826 83398
257848 98068
258008 106192
258395 26076
258511 63097
258613 115887
258706 1492
258737 1236
258931 1236
259141 104696
259334 30247
259346 1236
259501 1236
259732 31316
259759 1341
260823 118819
261018 52805
261166 4962
261246 1325
261303 118847
261571 1325
261650 26076
261654 5033
261680 26076
262005 78942
262101 65081
262298 78942
262382 8554
262521 115157
262530 81133
262703 96973
262813 83398
262820 117719
262877 1236
262953 165299
263197 44126
263222 50583
263561 119172
263574 121464
263791 121000
263846 58448
264029 26076
264082 95629
264165 93729
264202 108333
264231 43351
264240 2498
264295 1236
264351 27209
264412 121000
264441 109928
264509 111055
264569 119172
264817 1236
264869 1492
264928 68620
264950 44126
264991 50583
265249 108333
265285 26076
265301 52772
265459 1390
265750 63097
265809 63097
265913 1325
265958 118178
266114 4962
266127 1325
266246 520
266308 8563
266309 122066
266359 44126
266492 84696
266507 83398
266561 122781
266684 520
266834 4962
266992 92058
267035 71440
267036 83545
267196 32426
267208 26969
267209 520
267293 92058
267371 1325
267474 71440
267492 71440
267852 124
267866 102243
268009 47472
268011 50583
268023 52394
268062 1325
268271 520
268454 21441
268470 26969
268509 68860
268568 83398
268575 38551
268631 1325
268666 12613
268733 117719
268818 117719
268831 8563
268844 63097
269090 24157
269185 18788
269313 1325
269350 1325
269355 50583
269492 104696
269563 8563
269669 83398
269852 104696
269892 121464
269945 520
269966 47472
270020 50583
270030 47472
270139 55261
270289 65081
270375 114696
270427 42453
270600 58801
270621 47472
270982 40441
271031 96636
271203 117719
271339 26076
271419 2451
272599 44126
272775 83405
272791 22185
272831 83398
272893 47033
272918 124141
273006 60891
273076 70958
273160 520
273218 47351
273224 76573
273272 8821
273780 1504
273852 8563
273870 4962
273888 117719
273964 35354
274070 83398
274109 87355
274167 124352
274226 5788
274227 26076
274440 1325
274492 8563
274858 83398
274930 1325
275032 120730
275089 86889
275219 95629
275271 83398
275340 52805
275363 50583
275604 520
275645 84696
275669 37350
275711 73762
275733 26969
275830 9444
276251 77496
276405 47360
276574 4993
276724 95976
276932 7182
277125 43351
277318 52805
277347 40441
277512 50583
277625 45613
277855 50583
277858 30005
278178 4993
278249 34182
278282 83398
278288 83398
278299 50583
278402 83398
278628 8563
278664 8563
278759 58382
278870 83398
279051 35354
279119 122781
279394 73809
279783 129433
279880 35354
280282 1325
280725 87624
280969 50583
281297 6312
281483 52805
281660 113350
281667 26076
282047 36360
282286 35354
282459 1325
282745 26969
283274 35354
283305 26969
283682 115736
283730 5705
283823 98011
284121 10456
284158 17556
284217 1492
284385 1492
284444 1492
284450 132227
284724 109928
284896 26076
285186 114696
285317 115736
285348 17556
285478 109928
285922 71
285933 74
286360 1325
286457 41592
286576 115736
286721 1492
286767 132229
286964 26969
287126 117533
287160 4962
287581 67685
287622 104696
287877 133318
287887 35354
287949 35354
288013 76619
288035 6389
288287 45164
288339 83398
288351 1325
288357 77210
288472 83398
288604 114696
288614 83398
288762 50583
288980 1492
289041 57925
289083 113134
289101 134178
289108 8563
289628 52394
289924 47472
290049 83398
290074 55261
290132 35354
290340 104696
290472 83398
290614 117029
290688 55689
290690 44169
290799 1325
290906 28468
291186 48856
291481 121677
291491 52648
291621 135116
291991 4962
292411 26076
292565 83398
292913 43351
292958 44126
293042 47472
293063 35354
293106 129209
293359 129209
293451 115736
293543 45253
293831 86889
293864 47360
293873 92058
293947 50583
294047 45613
294271 104696
294833 102243
294965 50583
294966 1492
294984 137267
295232 26969
295282 8234
295365 84967
295412 115574
295478 26076
295569 5788
296103 122958
296189 8007
296391 4248
296521 26076
296601 47472
296650 128146
296678 15693
296719 1325
296736 83721
297146 121464
297279 134764
297386 83835
297729 43351
298080 129209
298257 136719
298790 1325
299286 113350
299504 26076
299526 133629
299608 82010
299645 1325
299721 23389
299723 104696
299738 1492
299834 84967
300146 55662
300242 4552
300309 34382
300551 63690
300568 101188
300667 63097
300718 85443
300782 1492
300829 35354
301076 104696
301242 92400
301267 14091
301307 47472
302232 34382
302269 1325
302307 83545
302342 5788
302370 1492
302445 129089
302487 83398
302553 99654
302633 66395
302795 141052
302811 38551
302825 92058
303234 92058
303298 1492
303412 31790
303724 8563
303747 24093
303804 86889
303815 62295
303844 66086
303977 98011
304212 1325
304245 114696
304370 73214
304651 47472
304776 117725
304837 44126
304859 44126
304992 92490
304993 123188
305093 50583
305246 26076
305501 1325
305563 123188
305627 43351
305706 50583
305942 123046
306013 31790
306036 43351
306305 136463
306438 520
306662 31129
306684 8563
307026 82079
307078 36194
307101 81003
307113 8563
307300 84967
307654 143317
307714 92058
307854 123188
308181 63097
308261 114696
308413 1492
308494 119161
308580 30695
308617 23564
308735 47472
308917 5705
309019 1325
309043 18740
309389 73490
309410 2451
309656 143764
310029 142543
310060 63994
310391 8563
310472 1492
310671 8824
310820 75057
310838 133070
310881 30217
311127 114017
311145 76162
311468 108333
311522 121677
311558 113699
311606 80687
311652 5705
312229 4272
312289 46698
312402 20572
312406 121464
312478 1325
312824 43351
313084 84967
313673 60891
313740 36194
313758 7616
313923 87611
313973 66086
314185 26969
314391 146558
314536 108987
314637 26969
314885 136463
314904 19979
315049 347
315970 63097
316135 8563
316487 38551
316848 1492
316936 99922
317226 31790
317359 141932
317521 8563
317672 50583
317838 8563
317899 50583
317989 60891
318178 108333
318286 2525
318397 104696
318398 144734
318621 148444
318634 151176
318657 38551
318976 81133
319040 114696
319123 5477
319235 113464
319392 139540
319819 80687
319909 47472
319911 5705
320001 110166
320197 82339
320308 1325
320608 1325
320784 92058
320858 50583
320947 8563
321540 4962
321658 3540
321668 2451
321781 121554
321799 87624
321811 8554
322145 98822
322598 26076
322602 142085
322762 47472
322912 123649
323050 1492
323076 36194
323097 520
323350 1325
323708 2451
323834 30217
323977 55662
324273 3540
325447 139543
325450 149533
325535 104696
325602 109928
325733 45693
325776 36194
326114 81133
326529 133131
326797 520
326967 4962
327076 8563
327186 26969
327303 47360
327706 26969
327960 104696
328494 60891
328523 73490
329044 64360
329292 27136
329318 83398
329376 81917
329604 75057
329781 64360
329831 22131
330008 96435
330120 108333
330453 4962
330505 83398
330554 4993
330994 140964
331276 1325
331699 132272
331774 92058
331976 821
332395 4962
332461 5788
333025 45164
333262 135334
333619 36941
333996 155715
334004 26076
334145 26076
334307 73490
334509 50493
334926 102243
335091 26076
335184 157014
335258 59023
335439 47472
335476 84967
335788 26969
335905 135145
336133 1325
336206 34382
336548 8563
336644 26969
336709 26969
336802 26076
337423 65263
337898 30833
337945 347
338089 124
338456 108333
338461 2525
338469 123188
338711 4962
338731 47360
338917 1492
339150 1325
339489 115736
339504 43351
339559 1325
339621 20427
339645 1325
339675 20427
339826 1325
340131 26076
340170 63547
340285 144734
340357 1492
340479 28299
340659 38675
340860 8563
341038 47360
341225 108333
341242 2451
341273 1325
341400 96749
341563 63547
341809 139781
341869 127931
342072 43351
342105 96494
342328 108333
342447 135334
342686 63097
342862 47360
343002 36194
343363 50493
343439 59023
343474 73214
343515 4552
343652 2451
344681 92058
344720 159391
344747 520
344909 111056
344918 96494
345022 8563
345381 50154
345404 911
345455 52112
345554 84967
345555 8563
345598 26969
345861 63097
346253 8821
346407 115736
346683 127931
348026 2936
348222 36194
348232 520
348271 163236
348359 1492
348471 50583
348588 163236
348756 26969
348892 75633
348950 164877
349014 139781
349032 75633
349115 63383
349169 84086
349403 157625
349418 34382
349536 1325
349672 104964
349882 63097
349888 8563
350061 47511
350185 80687
350404 45164
350496 45613
350568 5705
350805 8563
350938 133418
351108 60251
351309 73490
351517 1492
351547 1492
351861 26969
351866 96494
351880 127931
352602 166321
352659 52805
352901 130269
352905 82339
352914 166432
353080 101770
353081 75633
353244 156023
353253 103983
353624 1325
353649 154072
353667 65802
353742 83545
353984 92058
353986 2451
354098 92058
354159 21817
354263 66086
354314 8563
354554 8563
354889 1325
355224 107153
355351 45253
355366 82301
355515 23389
355525 1325
355566 8563
355726 163236
355774 127931
355926 104964
356065 8821
356173 165813
356257 52805
356366 140002
356412 138746
356551 74105
356706 63097
356709 47472
356776 4962
356886 121574
357039 46708
357119 1325
357387 63097
357860 55662
357970 155490
358007 119010
358202 1325
358355 35354
358842 137359
358894 164879
358943 43351
358956 1325
359046 84967
359088 66086
359381 63994
359604 92058
360007 32185
360211 40681
360307 170549
360393 520
360582 121574
360690 37297
360930 164879
360989 83398
361196 164879
361590 47472
361620 26076
361679 127931
361699 2525
361915 36194
361935 911
362109 1641
362354 108333
362780 73490
363056 130301
363126 1325
363211 25572
363306 101892
363394 8563
363490 71341
363541 68410
363748 146039
364208 36194
364488 55261
364771 8563
365390 156895
365462 116526
366078 156895
366089 104696
366745 35354
366833 2451
367089 154563
367257 104964
367378 84967
367622 26076
367717 30217
367780 35354
367792 8790
368186 2451
368378 1325
368648 81133
369162 50583
369590 399
369680 48841
369712 71341
370142 101243
370873 59281
370899 43351
370901 2451
370926 123921
371162 165150
371332 128412
371381 176834
371402 1325
371615 5739
371902 172139
372024 30833
372095 156895
372221 1492
372306 7924
372380 520
372477 47373
372547 47472
372653 26969
373085 84967
373132 66086
373239 56119
373250 44126
373298 143214
373357 50583
373449 178081
373463 157405
373577 22927
374217 5477
374549 165150
374647 47360
374779 70245
375010 47472
375027 47360
375072 35354
375133 154816
375209 47360
375904 5477
376161 520
376501 35399
376579 4552
376658 52112
376866 1325
377212 40292
377352 96636
377382 179737
377599 84967
377926 114696
378312 114696
378506 180385
378647 142085
378837 1492
378865 29933
379069 8563
379179 178489
379193 47472
379280 162611
379482 152711
379892 137289
379993 84967
380073 83398
380155 129209
380352 84967
380415 7993
380487 135334
380748 181037
380870 180269
380892 104696
381492 135145
381550 139781
381625 8007
381828 179462
381981 149663
382128 106502
382429 179462
382667 137202
382704 30833
382736 4962
382849 7993
383704 1325
384187 59991
384241 129209
385085 8563
385298 107153
385314 172139
385810 2525
385862 93729
386126 109928
386221 83405
386346 8563
386596 4962
386971 38666
387734 1325
388069 21146
388164 82339
388700 157704
388744 167500
388776 1492
388802 43351
389168 26076
389213 178462
389214 129209
389431 106502
389590 106502
389698 36941
389947 44126
389964 170832
390230 1325
390383 3811
390456 1325
391488 17215
392272 180269
392508 159953
392785 63097
392863 1325
393891 8563
394062 4552
394152 70633
394942 83398
394962 137176
394975 162611
395154 187582
395227 347
395292 7266
395358 1325
395829 36194
396005 7924
396588 22927
396818 84967
396984 1325
397576 1325
397694 4463
397711 4552
397954 184523
397971 81133
398047 1325
398092 155733
398184 52290
398501 123649
399281 184523
399297 43351
399462 165813
399463 146039
399841 130986
399846 1492
400081 44126
400102 43351
400162 191733
400654 8563
400824 31790
401485 96494
401491 132371
401668 9192
401715 106502
401742 150237
401853 4552
402118 45164
402222 74
402251 184523
402363 4552
402383 43351
402683 148184
402950 110744
403016 142085
403024 1325
403025 146870
403261 52112
403646 48856
403687 392
403822 104696
403864 30217
404149 44126
404264 96494
404348 106502
404411 119010
404421 30217
404764 137908
405060 66086
405173 189477
405705 194034
405765 4962
405834 193317
405861 186128
405873 36194
406012 1325
406104 165299
406384 104696
406437 6634
406592 1492
407289 55662
407397 399
407839 139781
407875 5477
407927 63994
409089 43351
409105 4962
409189 83398
409313 66086
409521 183212
409951 73010
410192 83398
410226 179151
410359 81404
410549 44126
410604 1492
410887 165299
411073 123208
411283 59863
411314 198144
411500 8563
412114 89220
412333 114696
412403 149533
413184 189477
413406 4962
413604 9887
413659 66086
413741 24140
413846 182129
414045 106192
414057 199330
414187 8007
414514 132371
414521 184523
414710 98263
414742 3540
415284 40292
415429 8563
415594 93237
415656 83398
416131 196890
416161 189477
416293 10027
416427 1492
416443 4962
417927 8563
418058 8563
418436 157625
418550 43351
419192 126674
419353 4962
419696 183212
419865 198003
420123 179151
420288 520
420403 119010
420491 83398
420542 14050
420552 81133
420605 143774
420708 199893
421058 1492
421081 4552
421650 40292
421863 8563
421919 83398
421957 123208
422075 1390
422570 83398
422844 132371
422975 7924
423273 81133
423406 189477
423507 98263
423632 151083
423985 202920
424268 70245
424499 11053
424581 83545
424870 68181
425013 81133
425246 1325
425649 8563
425830 40292
425834 44126
426674 139781
426744 179151
426786 83398
426912 1325
426976 89784
427095 127931
427233 1492
427491 80687
427827 174766
427922 139781
427949 206183
428033 83398
428148 114696
428402 105078
428525 204028
428952 204834
428990 157704
429213 23389
429249 17556
429363 189477
429471 4962
429495 183212
429517 83398
429708 83398
429874 126415
429942 135935
429998 43101
430419 4552
430791 176400
431010 207856
431482 92058
431485 2525
431564 35354
431565 144734
431751 206083
431861 179151
432137 8563
432766 137289
432798 44126
433017 14275
433334 132157
433427 18740
433440 8563
433634 192515
434180 197798
434320 205738
434376 83591
434492 4552
434634 4962
434677 139781
434683 179151
434985 117725
435404 112507
435479 70701
435523 31732
436011 152752
436221 176400
436462 156895
436475 172874
436747 83398
436972 31895
437186 75518
437717 206691
437769 207910
438167 199630
438222 9887
438370 9887
438627 205738
438636 123941
438700 157908
438936 9887
439037 179151
439235 206691
439268 139781
439325 204634
439511 113773
439604 180269
439948 210181
440007 37496
440211 23389
440275 212603
440322 199893
440399 206691
440510 12727
441019 211783
441115 4552
441144 1619
441648 40292
442461 70897
442583 8563
442719 4962
442764 107153
443260 160136
443358 207910
443607 72314
443892 27209
443988 104696
444005 83398
444139 199630
444307 83398
444328 123208
444387 40292
444658 211935
444672 180269
444902 1325
444978 83398
445062 107153
445158 96494
445200 146039
445575 520
445745 167242
446850 178306
446889 83398
446951 183212
447287 208654
448573 157625
448673 47472
448683 47261
448724 4272
448761 145846
448763 194757
449169 206691
449201 179151
449219 50761
449333 178206
449431 83398
449543 207381
449658 194757
449771 98414
450054 206691
450139 96494
450187 90491
450208 74720
450326 206691
450377 56599
450543 40292
450899 83398
451045 347
451267 183212
451588 198185
451751 19980
451979 206691
452308 83398
452421 146039
452428 162611
452452 83398
452592 52459
452726 218567
452745 3540
452932 121554
452995 9887
453327 90491
453425 45164
453657 44126
453980 4552
454068 50493
454103 4962
454158 201856
454292 184523
454332 4962
455383 7993
455470 104696
455526 206691
456150 179151
456455 4552
456512 220873
456619 139781
456686 139781
456771 2451
456808 165299
457359 36194
457410 217542
457686 37816
457834 2451
457901 167242
458136 24093
458587 1325
458631 165299
458828 1325
459142 1325
459221 179151
459323 520
459428 8563
459517 183259
459592 1325
459742 27898
459754 1247
459771 179151
459809 4552
460163 1325
460855 206691
461097 199630
461149 207910
461488 154072
461559 47594
461833 56599
461971 154072
462245 8563
462533 199630
462578 31895
462707 51934
462768 43351
463293 179151
463327 4552
463752 45664
464086 1325
464184 1619
464208 6634
464265 153826
464379 1325
464451 179151
464972 217875
465013 8563
465017 221190
465174 81133
465176 31895
465280 55662
465448 1325
465656 204843
465810 201807
465844 36194
465965 50583
466335 8563
466848 17198
466875 66086
466889 43351
466916 153306
467294 4646
467415 102308
467613 156895
467939 70245
468190 201709
468360 153306
468891 23389
469295 11053
469345 1325
469527 226787
469710 8554
469754 165299
469869 123208
469917 4962
469932 127931
470068 179151
470202 167242
470316 83398
470376 1486
470460 204634
470675 214256
470922 83398
471037 36793
471753 43351
472000 124232
472159 179151
472372 44126
472483 4962
472565 62952
472755 8563
472900 4552
473061 107153
473082 206691
473330 70207
473932 50480
474020 199893
474105 1325
474428 14275
474449 227860
475733 4962
476175 83398
476184 37677
476522 156895
476554 50583
476627 218022
476764 4552
476796 183259
476966 117725
476987 139781
477111 110781
477214 8007
477403 44126
477425 82339
477602 96494
477659 226357
477712 156675
477758 24093
477795 8563
478060 47472
478132 92058
478142 199893
478273 83398
478429 83398
478538 80706
479055 55662
479082 104696
479472 183212
479515 148854
479656 184523
480113 35879
480163 14275
480190 167242
480324 2451
480510 83398
480656 8563
480938 83398
481037 199893
481149 165299
481302 2451
481557 199630
481634 153306
482014 31790
483607 26969
483912 930
483992 199630
484026 65802
484065 199893
484543 47472
484642 5788
484876 207910
484930 75916
485037 45164
485091 83398
485395 156895
485468 204834
485603 4962
485816 233931
486157 47472
486168 47472
486197 231959
486300 45164
486331 199893
486634 55770
486778 153306
486790 139781
486859 207910
486914 83398
487011 81133
487240 14275
487571 206691
487583 235183
487692 207910
487722 204834
488134 153306
488253 4552
488955 199630
488978 179151
488993 204834
489118 178649
489126 199893
489214 44126
489461 197129
489587 4993
489689 65802
490288 234182
490796 1325
490829 180269
491058 40020
492073 4962
492112 207910
492353 31784
492591 236795
492797 171547
492887 5963
492965 2190
493698 177855
494096 179151
494286 179151
494639 137908
494715 35354
494955 179151
495163 230281
495219 83380
495396 153306
495732 127931
495980 89597
496290 153306
496531 1325
496678 83398
496751 199893
496929 222840
497087 199630
497325 9887
497374 50583
497560 68181
497904 184523
498124 60644
498395 184523
498528 167242
498556 126415
498588 222840
499013 199630
499186 179151
499520 40441
500218 83545
500382 520
500505 80687
500562 199893
500652 179151
500693 36194
500833 86889
500901 4962
502606 80687
502820 143774
502829 9887
503017 179151
503023 28646
503161 153306
503488 180385
504183 44126
504476 242949
504493 65074
505045 520
505593 242949
505678 199893
505756 43351
505988 180385
506254 92058
506285 242949
506695 244090
506716 40441
506759 242930
506845 165299
507001 179151
507192 186017
507372 4962
507374 164879
507626 225661
507944 235874
508066 93729
508091 55662
508613 75882
508909 199630
509242 133373
509402 227860
509431 245141
509467 50546
509503 4552
509541 4552
509650 20427
509803 47309
510002 112507
510234 153306
510399 20427
510417 233597
510506 165965
511067 92058
511232 245141
511372 66086
511473 75633
511572 160509
511789 45786
511983 179151
512462 242949
512902 35354
512912 35354
513026 204834
513449 101770
513474 139781
513839 8563
513874 179151
514829 37286
514883 43351
515059 132371
515169 104696
515204 194757
515259 204834
515497 156895
516203 81133
516371 139781
516419 104696
516609 214791
