1 7
2 23
3 40
7 23
15 57
27 72
29 77
31 77
41 40
62 82
71 29
78 4
79 47
85 104
89 71
90 4
93 71
94 107
102 4
111 82
122 71
123 8
129 23
142 82
147 139
166 86
185 82
197 71
202 71
208 126
236 7
237 71
239 71
270 119
286 119
290 124
296 119
304 66
312 126
317 66
335 4
339 124
341 41
356 126
361 171
363 126
384 29
389 139
391 139
408 133
409 133
426 174
427 17
437 29
463 152
466 207
478 226
535 285
541 124
542 202
560 309
575 317
615 74
629 97
630 76
634 82
651 4
661 213
679 57
704 306
721 1708
728 74
756 20
783 414
799 196
810 293
814 124
850 126
862 436
879 353
893 447
916 474
917 473
925 472
937 493
961 453
1008 495
1039 126
1048 392
1060 104
1061 104
1074 126
1075 373
1102 552
1128 4
1135 29
1143 392
1165 217
1193 447
1203 414
1216 66
1220 41
1263 119
1289 309
1292 567
1294 159
1302 230
1307 619
1336 619
1354 20
1361 61
1368 652
1372 567
1386 562
1402 619
1405 418
1410 41
1417 540
1430 672
1442 652
1479 692
1486 124
1493 104
1507 329
1513 104
1523 704
1528 246
1530 246
1544 358
1557 41
1566 642
1572 293
1599 358
1601 40
1663 4
1673 567
1683 552
1686 293
1690 418
1706 124
1775 213
1779 29
1801 213
1822 562
1836 293
1876 813
1888 4
1894 821
1907 834
1915 66
1949 552
1957 847
1984 847
2029 877
2032 202
2041 66
2045 304
2051 761
2059 126
2072 724
2095 892
2111 74
2131 724
2152 250
2166 847
2175 4
2178 74
2187 923
2206 775
2228 954
2229 954
2239 871
2254 724
2269 954
2328 202
2347 775
2355 771
2363 74
2392 786
2398 1037
2409 749
2415 947
2425 605
2430 871
2447 66
2455 4
2490 1077
2501 74
2554 171
2596 358
2597 724
2615 961
2625 202
2630 1129
2644 807
2658 4
2670 1708
2672 592
2690 72
2721 72
2725 1123
2743 386
2767 1218
2824 1254
2900 930
2916 1708
2928 1310
2964 19
3009 1358
3014 1065
3038 1377
3081 1378
3158 1414
3168 386
3182 171
3264 966
3282 791
3315 1383
3333 1460
3334 1394
3357 425
3390 1383
3436 1479
3468 1708
3495 1458
3496 425
3503 386
3526 47
3534 1483
3612 1460
3618 1247
3645 1383
3718 1383
3759 1394
3767 1394
3769 1570
3777 1172
3798 622
3799 66
3824 41
3833 1383
3863 977
3903 1559
3906 1160
3922 1602
3933 104
3957 1272
3986 1394
4005 1579
4010 217
4031 1637
4034 1638
4047 1394
4049 1618
4071 1186
4076 1370
4094 1648
4102 418
4116 1654
4156 1592
4172 1495
4199 1345
4200 1495
4212 66
4234 158
4238 1648
4243 158
4256 661
4284 1394
4289 383
4299 104
4313 1495
4334 1272
4384 1579
4407 1714
4428 1252
4445 1708
4449 1390
4470 955
4519 1345
4586 1752
4637 1768
4731 622
4761 392
4784 1803
4789 1807
4799 293
4821 1924
4831 1829
4935 873
4959 139
4990 202
5005 386
5027 1873
5029 1545
5031 1859
5066 1878
5118 1228
5190 1093
5192 1093
5194 1093
5217 1916
5224 1602
5235 717
5265 1942
5282 1495
5304 534
5419 1884
5535 37
5614 2138
5669 1505
5670 2165
5682 329
5702 293
5721 1916
5773 1382
5792 1618
5824 249
5839 2217
5846 2220
5851 2226
5888 2247
5899 2249
5905 2252
5963 534
5994 2285
6026 1782
6052 2300
6108 661
6147 2330
6157 1814
6197 2328
6202 1313
6220 2072
6256 1910
6271 2145
6300 347
6302 1924
6312 2240
6329 2375
6370 2383
6400 2394
6438 1394
6446 2226
6450 2226
6461 2410
6464 2410
6476 1948
6488 2417
6505 1272
6518 317
6524 884
6561 1880
6581 2359
6584 749
6588 2456
6650 824
6682 667
6686 847
6687 592
6720 1272
6721 2488
6750 1228
6754 1924
6782 353
6827 667
6898 1708
6904 2536
6906 2551
6908 2552
6912 1671
6946 1496
6959 1460
7008 1272
7041 1370
7043 977
7053 2578
7060 2578
7073 2599
7149 2415
7158 922
7172 2628
7184 2599
7202 1496
7218 2652
7231 329
7232 2655
7250 2659
7251 2652
7292 2499
7322 2578
7437 847
7441 2639
7454 1708
7470 1637
7479 2639
7487 664
7654 1382
7657 2798
7663 2800
7668 2802
7680 2805
7713 1924
7738 2826
7777 2599
7839 2639
7843 1394
7856 1012
7905 824
7907 2897
7915 2544
7936 2900
7981 2910
7993 2918
8034 1916
8049 2359
8062 2599
8074 74
8149 2320
8151 2591
8156 2958
8221 2878
8227 2978
8248 358
8256 2591
8282 3009
8295 66
8314 119
8373 1924
8420 3047
8502 3064
8522 2146
8589 955
8599 1531
8602 3239
8622 2599
8626 97
8636 1000
8663 1648
8673 1272
8686 429
8715 3140
8741 2540
8850 2348
8891 3196
8895 3194
8904 3201
8914 1324
8922 2525
8923 2651
8926 1228
8947 249
8954 2022
8981 3233
8983 119
9052 1827
9059 72
9098 1927
9106 2973
9111 1588
9183 873
9221 125
9255 3064
9296 2057
9300 47
9302 1927
9314 3290
9325 1040
9349 2599
9415 3395
9421 955
9482 3415
9574 1939
9615 302
9616 3190
9621 3469
9665 3479
9683 2726
9686 2726
9708 3496
9720 171
9727 358
9751 447
9773 202
9800 904
9814 3528
9842 202
9876 1648
9899 230
9969 2578
10039 3597
10052 3605
10055 2578
10089 1916
10161 3415
10184 2072
10230 975
10262 386
10308 3705
10311 3707
10362 171
10410 3737
10420 3460
10433 852
10463 2910
10464 3395
10470 3751
10525 3064
10565 1429
10572 3636
10582 3743
10606 2928
10615 447
10635 3395
10674 2843
10690 1512
10695 3816
10701 3819
10710 3821
10756 202
10759 2751
10773 3875
10827 3417
10829 2283
10863 3908
10956 1638
10989 3975
11003 2824
11017 832
11039 3234
11050 4004
11054 4006
11067 2793
11241 1370
11264 1046
11321 4104
11340 4075
11398 3992
11419 3936
11449 4140
11453 2383
11500 4158
11506 4145
11527 4097
11542 3714
11562 4131
11608 4026
11646 3714
11675 955
11707 4223
11782 3714
11799 393
11800 1492
11803 625
11806 4249
11820 4252
11871 2843
11878 74
11881 825
11882 4278
11905 4208
11940 947
11957 4304
11986 4314
12012 4249
12046 2578
12089 4432
12094 2146
12116 392
12154 4457
12169 3018
12183 1370
12191 2480
12200 652
12208 4283
12286 3066
12307 930
12309 3677
12322 4435
12331 3064
12341 1637
12358 3743
12361 293
12404 540
12408 1924
12435 429
12444 4541
12462 4551
12520 4558
12541 1924
12602 1876
12611 74
12634 4641
12657 4650
12664 3064
12736 4669
12744 4673
12760 4677
12785 4314
12805 4686
12806 1696
12841 4570
12973 4257
12983 4466
13043 1576
13060 4770
13157 4809
13237 661
13245 3762
13263 4846
13282 4337
13289 2578
13354 4875
13374 2843
13388 4867
13400 1255
13426 4901
13451 4906
13474 447
13480 4521
13571 4930
13579 4933
13581 1859
13624 1458
13654 2843
13714 4964
13757 4715
13767 1576
13851 4867
13861 825
13980 5046
13989 4075
14028 5058
14070 2715
14072 2715
14074 124
14082 447
14140 5088
14165 4711
14175 4880
14182 852
14185 5100
14235 5103
14241 4485
14276 5062
14346 5149
14377 5152
14436 5152
14481 188
14565 4637
14571 5234
14609 5245
14622 935
14639 1939
14700 4459
14800 5301
14875 1559
14881 5321
14906 955
14939 754
14968 66
14973 3454
14993 5363
15002 5364
15055 5390
15083 5400
15088 869
15098 5300
15102 5317
15135 5435
15206 5460
15231 5306
15249 5475
15366 5324
15385 74
15516 1093
15517 4855
15587 5626
15631 5418
15640 447
15642 5648
15666 5172
15738 175
15742 5699
15762 5707
15791 4877
15809 5567
15841 2383
15855 5376
15858 2599
15960 4855
15963 2751
15981 5788
16018 4485
16048 1266
16091 1247
16098 2599
16114 5838
16225 1255
16231 5201
16386 4245
16390 2456
16474 3309
16561 5990
16596 5834
16676 1873
16678 3064
16681 6040
16698 6049
16711 10651
16814 6085
16850 4485
17076 302
17087 6178
17109 1768
17141 5699
17169 4023
17170 5172
17200 5376
17227 614
17259 1136
17362 5841
17422 2715
17551 5844
17587 6395
17592 212
17628 6407
17676 5265
17728 1635
17741 2653
17893 6501
17989 5382
18070 6416
18088 3936
18115 6585
18174 2724
18228 2599
18255 5841
18280 6090
18405 6724
18443 5129
18446 6736
18519 6763
18527 4502
18539 4435
18563 6667
18623 6807
18632 6812
18670 6763
18793 6860
18795 6667
18812 3220
18853 6374
18889 6902
19043 6958
19083 1064
19195 4521
19295 7052
19302 7056
19323 188
19330 6627
19361 7047
19378 1559
19405 6090
19636 7140
19642 7169
19690 7197
19731 7187
19747 7220
19770 6336
19775 7240
19802 4754
19813 7246
19816 7248
19852 7255
19860 7255
19886 4240
20003 2540
20034 4502
20071 4551
20123 4877
20157 4262
20201 7407
20259 4521
20331 6743
20333 7446
20371 230
20401 5473
20430 7187
20437 4521
20460 7492
20477 5885
20480 7502
20604 7527
20619 852
20643 4556
20670 947
20675 5374
20713 7584
20726 7590
20797 5374
20802 5172
20813 1255
20825 447
20832 6336
20850 5374
20919 1255
20947 4521
20954 2599
20962 7654
21017 7675
21100 4005
21276 7768
21301 1186
21319 7795
21336 853
21405 7795
21595 7670
21669 6698
21677 3099
21678 7433
21753 4107
21814 7963
21830 690
21866 4521
21877 1255
21882 922
21903 4075
21933 7993
21942 7670
21955 7924
22010 4676
22018 690
22030 8029
22075 5374
22116 8060
22151 1739
22201 4521
22204 2751
22249 1040
22306 670
22357 7433
22377 8082
22409 8170
22542 418
22559 7924
22577 8226
22578 8226
22618 5152
22665 9243
22722 6986
22792 2751
22795 7924
22842 1458
22876 6627
22916 8350
22923 8348
22967 2499
23083 7670
23100 5607
23104 8345
23154 8262
23197 8226
23295 8202
23358 4075
23399 8546
23441 5705
23469 2394
23515 7376
23523 8582
23542 8589
23588 8607
23605 7927
23615 1559
23647 967
23676 6913
23681 3099
23725 8616
23767 8687
23797 5539
23813 8520
23876 8737
23879 8082
24001 8774
24110 8609
24192 8820
24263 6485
24280 6485
24309 7689
24312 8854
24314 8348
24367 5686
24425 8889
24463 2635
24580 7920
24588 8945
24668 8885
24771 7574
24796 8885
24800 8885
24852 3395
24859 3415
24869 871
24881 3395
24912 3415
24923 1512
24934 417
25038 3006
25070 417
25076 3395
25082 4
25131 3395
25140 4
25145 3598
25181 871
25215 4
25264 417
25278 41
25324 7835
25369 417
25403 6805
25407 4644
25451 4320
25498 6292
25509 5887
25524 854
25539 7395
25564 4550
25591 7395
25657 6292
25685 1576
25698 5835
25708 8202
25759 4179
25779 41
25796 4644
25806 8061
25883 3825
25924 1638
25968 4676
25978 1954
25982 4882
26007 1576
26061 174
26139 4179
26153 7963
26177 4324
26182 115
26257 3641
26271 174
26274 6440
26317 3381
26364 2540
26372 993
26408 417
26451 662
26454 3395
26499 4551
26507 2843
26515 8202
26574 417
26605 417
26636 1576
26674 4560
26692 3641
26720 8202
26739 3085
26742 9521
26748 1638
26764 4877
26780 3641
26798 3395
26906 163
26983 6385
27048 1637
27096 2715
27138 429
27176 1560
27179 1637
27195 97
27268 184
27332 3018
27375 184
27402 4463
27473 5192
27479 188
27520 770
27643 184
27681 184
27746 955
27773 188
27794 9031
27830 8496
27837 8885
27847 4485
27849 1228
27866 7625
27909 9062
27939 9075
28093 9126
28111 7670
28118 9129
28174 1247
28312 6724
28350 6724
28407 1576
28488 1272
28505 9267
28535 9058
28568 8082
28573 5248
28583 1559
28656 8563
28720 9142
28747 6743
28783 9355
28816 9371
28895 4551
28912 9409
28931 5878
28971 9422
28982 8082
29007 8449
29016 1236
29082 9460
29177 5245
29235 9529
29311 9444
29355 6307
29363 3550
29427 9617
29443 5152
29504 8923
29561 9672
29583 8607
29624 8923
29696 9502
29727 974
29737 7951
29779 5265
29785 5265
29837 9676
29877 9412
29902 9787
29955 1264
30037 622
30097 9867
30198 9845
30229 7670
30242 9921
30267 9934
30268 9935
30308 9359
30338 1502
30341 9062
30343 9966
30356 9970
30366 4573
30446 9070
30448 8449
30470 7993
30501 9318
30555 8609
30574 9897
30587 10048
30597 9974
30652 2617
30732 7993
30735 9070
30835 10048
30863 10138
30910 9267
30922 10158
30946 9082
30973 10148
31019 9942
31068 10207
31071 5300
31105 10195
31131 4652
31175 9960
31199 9886
31201 4877
31247 2170
31254 10196
31273 2170
31326 119
31395 9541
31429 10342
31449 10113
31482 10262
31504 9082
31514 1502
31635 1172
31672 10422
31740 10448
31764 9082
31852 10490
31872 7433
31894 9886
31909 5265
31924 5265
31997 5004
32011 6336
32088 540
32251 5265
32269 10657
32278 10660
32296 4020
32311 4877
32368 4020
32391 447
32422 9604
32427 5563
32481 10336
32484 10517
32544 1186
32685 7786
32691 10786
32699 3832
32738 9886
32818 10833
32830 9318
32848 5265
32859 4521
32882 853
32948 4485
32976 5374
33009 10905
33240 5248
33273 10941
33326 10340
33330 11012
33333 11013
33470 11083
33542 11091
33547 4715
33565 4521
33578 4521
33620 7111
33621 9244
33760 5004
33892 7665
33972 7924
34001 581
34015 4521
34049 10646
34084 4020
34113 8850
34115 11364
34147 4435
34178 11389
34179 8082
34203 1924
34241 11408
34312 10113
34352 11449
34395 11050
34407 10447
34516 10447
34522 11326
34544 4864
34573 871
34632 10262
34644 8940
34733 11588
34834 11631
34874 11582
34947 11625
34993 8940
35034 4754
35090 7870
35139 5020
35156 5050
35177 10646
35306 11821
35328 11827
35606 1247
35674 5686
35691 11952
35758 11987
35843 11818
35987 7787
36055 10435
36071 12053
36092 8850
36114 12097
36167 9749
36286 8821
36288 12185
36295 11890
36384 3887
37543 10983
37641 12262
37644 8082
37662 10811
37756 5393
37772 5382
37881 12393
37904 12396
37912 5477
37919 12350
37998 12377
38005 2751
38021 9942
38033 6581
38077 12377
38121 5113
38151 7670
38286 8449
38343 11645
38348 12533
38404 11657
38424 11869
38608 12606
38761 2146
38800 12349
38823 12447
38864 11890
38865 2578
38949 12250
39087 12762
39090 12765
39100 12619
39124 12350
39128 12781
39165 12729
39193 12793
39205 11527
39215 12655
39253 119
39347 5291
39442 853
39467 11785
39476 2751
39497 12884
39542 12495
39590 8082
39595 12981
39602 10696
39677 13000
39706 9347
39732 11212
40843 14065
40886 14079
40894 13016
40907 12957
40949 14095
40960 4976
40965 9437
40983 2260
40999 3948
41030 14134
41065 10833
41138 14134
41180 7385
41199 1247
41254 14204
41265 4570
41272 11833
41352 14250
41373 14279
41399 3816
41444 14285
41476 1335
41512 124
41518 10889
41544 6764
41624 14337
41662 2751
41680 735
41735 1255
41738 10456
41770 14095
41779 14414
41816 8607
41858 14454
41880 74
41903 14474
41961 6735
43060 15528
43068 7743
43069 14494
43175 12094
43195 15576
43232 4535
43238 15576
43293 2578
43361 9845
43406 7600
43573 15741
43630 8449
43711 15764
43714 3397
43722 902
43768 5077
43782 12934
43813 15576
43827 15825
43833 15828
43853 9920
43859 15828
43876 12909
43953 12906
43969 6764
43971 12250
44017 15901
44087 15919
44139 14279
44196 15963
44232 12613
44247 8916
44265 15699
44284 3857
44323 11368
44576 6461
44601 6365
44628 6627
44640 5699
44685 16133
44712 9412
44722 14445
44934 12592
44947 12377
44990 2348
45245 10352
45248 5699
45270 8758
45275 12533
45281 10052
45349 16359
45448 955
45514 12502
45578 15684
45598 930
45626 11712
45644 4206
45653 16458
45707 7993
45759 16493
45767 10456
45838 2260
45898 10414
45930 9190
45963 2260
45998 16571
46020 16576
46110 10833
46112 15576
46157 10915
46227 12382
46240 16432
46249 11076
46267 7670
46272 16668
46292 2754
46318 6761
46324 16689
46332 1255
46353 16714
46380 9412
46520 16776
46540 12250
46573 7670
46601 955
46643 16785
46743 9030
46767 16871
46788 14098
46801 5810
46838 12478
46893 605
46929 16919
47084 16982
47105 16995
47122 16773
47178 1325
47224 9786
47252 12727
47368 12350
47477 17133
47527 4551
47754 16785
47783 17249
47805 7527
47847 12572
47859 16995
47901 5626
47934 4075
47951 16919
48019 17324
48116 1186
48275 17441
48284 12951
48375 12957
48392 14473
48399 17504
48497 124
48589 4
48615 12478
48672 11220
49745 8563
49826 6509
49839 16064
49853 7600
49936 66
50106 6764
50142 18815
50156 18824
50160 11012
51178 10352
51220 19853
51522 16434
51556 6764
51603 19991
51631 20003
51791 10352
51800 12204
51875 19925
51908 1255
52001 7285
52012 20164
52048 20178
52071 20190
52176 2260
52249 20032
52273 5620
52417 20335
52432 5079
52452 19976
52527 20378
52907 74
52943 11625
53005 6764
53012 3099
53230 975
53306 20695
53318 10642
53334 19976
53338 19925
53482 12377
53530 20794
53558 20810
53587 20378
53648 20841
53731 20871
53802 20906
53913 20954
54010 8236
54162 7993
54184 12475
54323 17374
54392 20533
54422 9347
54431 21155
54493 14473
54534 16281
54615 3220
54674 17338
54717 20235
54814 11076
54896 2540
54907 14182
54912 21146
54950 10909
54975 14233
54979 5265
54995 21330
55063 21363
55143 4984
55204 10100
55258 16191
55444 21308
55487 21374
55598 21068
55660 21146
55663 21549
55751 21146
55768 20409
55833 20533
56024 3064
56062 12934
56144 21308
56170 21068
56202 12878
56245 9023
56296 6627
56388 20782
56496 21600
56598 11220
56833 21963
56892 21108
56956 15911
57030 22131
57057 11831
57170 3064
57228 960
57299 21270
57313 12906
57383 5699
57390 9748
57397 7670
57413 20263
57451 12910
57515 22227
57561 9181
57799 17623
57871 2754
57901 16689
58018 9719
58046 20059
58069 14214
58136 20168
58185 22463
59221 5326
59247 14091
59316 22131
59327 4983
59333 16689
59359 21068
59469 16941
59502 532
59513 22570
59514 14494
59568 16660
59579 10352
59710 22643
59782 20592
59831 22692
59859 17201
59921 20330
59929 5020
59945 22727
59978 2456
60020 22560
60060 17645
60095 22786
60170 22812
60202 22150
60226 22834
60299 7596
60315 22870
60409 16191
60422 22908
60515 20311
60519 22943
60662 532
60681 22998
60690 11633
60706 16191
60746 22830
60758 11633
60763 23031
60830 23056
60848 21068
60860 22381
61139 8163
61165 23131
61174 9780
61196 21108
61280 1641
61333 20899
61397 23272
61422 22023
61445 20633
61455 22810
61498 16015
61536 23328
61569 12906
61579 7616
61679 17565
61699 22720
61796 23431
61810 20250
61899 23158
61918 12907
62008 7743
62056 21144
62117 23551
62151 23559
62177 15672
62343 23639
62513 23492
62664 17173
62669 16015
62803 22810
62888 6029
62980 11625
63045 23898
63070 7743
63163 21487
63164 2498
63253 6764
63256 23677
63278 21436
63328 22964
63383 1739
63394 21817
63426 7743
63558 20590
63660 24138
63987 21904
64027 24302
64072 8916
64086 24156
64120 10646
64124 2723
64232 23134
64240 24233
64452 23431
64555 21006
64562 24476
64673 15638
64703 24526
64707 24502
64862 2499
64869 661
64949 24610
65029 72
65068 4552
65084 4552
65141 15766
65208 9167
65229 20327
65237 24719
65339 447
65410 20778
65518 12958
65524 15672
65549 4545
65608 11657
65647 8169
65651 24864
65672 2751
65688 21817
65711 24705
65751 2751
65784 23029
65794 6764
65812 22494
65825 2098
65857 24946
66057 23886
66092 3397
66169 12214
66234 25089
66249 22964
66268 22964
66276 20590
66350 17341
66498 20455
66521 25228
66531 23754
66614 20155
66770 20703
66773 5494
66818 25319
66834 3253
66851 22626
66941 18693
67158 17204
67181 7260
67211 23119
67350 25504
67432 25508
67609 24689
67616 25617
67755 23937
67756 22964
67774 21068
67804 7896
67826 25671
67957 11053
67983 8821
68020 25793
68025 23816
68108 7743
68302 25894
68381 25932
68398 25932
68530 25999
68556 24066
68599 12436
68721 10098
68728 25925
68829 6764
68841 26122
68961 26181
69013 26243
69080 21817
69133 11120
69134 26263
69178 11831
69289 23389
69448 26062
69510 26410
69550 23677
69559 26429
69667 26239
69828 26545
69936 22908
69949 26597
69997 26630
70035 24619
70047 26438
70050 26664
70060 605
70318 26791
70376 26804
70452 21068
70484 26857
70496 26864
70541 9662
70562 23339
70601 8821
70604 8821
70651 23651
70728 791
70751 26930
70823 26866
70855 26633
70882 6848
70887 26979
70897 12980
70919 27005
70921 12980
70979 24594
70993 25589
71017 27052
71069 27064
71119 9920
71120 27080
71184 27112
71263 17427
71292 26264
71432 14320
71455 26026
71503 25680
71509 27232
71582 27265
71611 21270
71620 27278
71661 26597
71706 7913
71763 24978
71788 4208
71823 27310
71949 22964
71987 6848
71994 24689
72119 27456
72174 6634
72315 27370
72421 6764
72636 12980
72664 27546
72686 27653
72689 27244
72824 27714
72874 5248
73094 26687
73225 27862
73262 27884
73279 10896
73373 20985
73403 10833
73422 960
73466 27232
73515 27232
73532 19976
73564 27882
73626 28050
73654 27232
73692 5265
73713 26499
73745 27753
73766 28107
73769 26264
73803 930
73867 28137
73942 27232
73959 28160
73961 16283
73962 27411
74051 26419
74185 7670
74324 27826
74456 23752
74569 6634
74625 175
74666 10833
74780 10833
74892 28546
75032 22897
75222 28768
75229 20250
75349 4428
75363 28823
75465 5382
75471 730
75557 28919
75576 28936
75605 17320
75619 28954
75753 29018
75911 7670
75945 11484
76096 25980
76162 29183
76299 25299
76366 8821
76770 29392
76835 12408
76939 11471
76978 20250
77038 3397
77053 27753
77368 21146
77373 21741
77384 25957
77410 29669
77495 29660
77558 23202
77606 29747
77641 29759
77894 27216
77976 24812
78112 20884
78118 27898
78222 28823
78392 20190
78414 28172
78419 23635
78442 25794
78519 960
78552 26866
78586 28172
78624 12478
78643 21108
78684 8563
78730 25861
78846 28147
79013 3763
79101 10833
79146 30276
79331 11890
79355 30440
79392 30462
79426 30440
79733 28172
79787 30604
79860 30667
79878 29687
80028 30736
80043 16387
80159 29849
80166 3416
80181 28967
80221 23730
80226 25512
80256 30838
80365 30838
80390 29599
80434 21441
80471 30918
80707 21115
80760 21108
80775 21817
80807 30901
80932 22182
80995 31144
81029 28118
81041 11625
81056 27384
81105 28523
81221 30288
81303 6316
81414 26140
81464 29762
81656 31312
81704 7986
81754 31523
81933 21144
82044 31632
82243 17361
82359 21108
82429 31775
82678 1325
82874 31961
82973 25861
83105 29377
83141 31965
83190 32109
83303 12649
83307 25627
83393 26033
83457 32135
83488 26033
83699 26437
83743 21146
83781 31572
83880 25861
86141 33512
86233 16043
86534 23742
86593 5788
86688 29769
86726 30901
86774 33986
86920 6848
86926 28890
87065 20564
87107 30968
87213 34296
87332 29446
87342 34382
87346 29184
87534 31680
87560 34499
87731 32287
87751 34618
87796 34648
87817 8563
87874 31496
87984 30329
87986 31340
88059 34793
88145 15934
88199 19979
88322 34934
88428 5844
88486 34990
88504 32135
88572 31585
88679 34394
88724 21108
88749 25980
88819 35157
88826 35167
88925 8563
88935 30844
89002 29216
89035 5788
89072 35287
89075 21817
89077 29680
89098 34304
89173 26169
89477 35477
89518 27649
89570 20599
89618 8821
89659 8563
89690 23816
89792 26169
89804 31965
90224 25572
90242 15702
90257 12813
90338 35887
90398 11220
90418 35929
90533 35968
90556 35948
90592 35998
90646 27310
90804 29762
90830 36095
90903 7870
90979 36025
91158 24610
91192 23517
91243 34427
91302 540
91316 36302
91331 540
91378 27043
91501 36385
91507 16853
91685 36458
91881 36544
91895 540
92030 36385
92037 14233
92050 20270
92051 36604
92109 27043
92244 36121
92274 21441
92284 12204
92465 30818
92516 26191
92535 36851
92715 36758
92719 7182
92758 36952
92825 36978
92933 16191
92969 30124
93059 28118
93183 12813
93567 37339
93588 28118
93599 20599
93634 31965
93671 25568
93698 37042
93703 35190
93938 26063
94103 20148
94153 28118
94181 19917
94183 37582
94235 32287
94253 26169
94356 9023
94375 5089
94416 74
94471 28097
94538 2653
94560 5626
94573 37812
94635 22285
94832 37989
95023 34995
95254 33768
95355 23517
95457 36793
95705 28084
95779 31965
95815 36632
95974 23290
95998 30402
96010 20427
96033 11053
96045 36793
96074 3762
96081 38635
96190 38684
96327 29972
96362 36793
96466 21817
96572 29157
96596 3103
96622 36746
97713 37050
97829 11659
97893 27542
97922 38236
97959 32210
98011 38634
98119 23788
98241 10549
98398 20263
98485 40278
98552 3887
98600 171
98680 26419
98684 40353
98703 35354
98714 21146
98761 2146
98844 38865
98966 40492
99016 36793
99037 36793
99140 37273
99252 36793
99283 36793
99285 31381
99326 40667
99520 40777
99559 21270
99590 38453
99614 14234
99636 40832
99699 36235
99731 132357
99906 21270
99943 38222
100277 36793
100415 17322
100444 28934
100553 5788
100578 27043
100794 29184
100816 41314
100951 40349
101268 31965
101393 36758
101402 30712
101461 25814
101548 10475
101675 23389
101887 36793
101895 99505
101913 38873
101919 41682
102032 41857
102097 4206
102222 37390
102259 36559
102315 36047
102409 42036
102410 9965
102670 29184
102822 36966
102941 26169
103024 10048
103171 40253
103328 28958
103419 42491
103447 42420
103516 19898
103535 40289
103576 34382
103616 40289
103685 42637
103766 35595
103790 35123
103893 42420
103951 4485
104020 30217
104031 31078
104101 42743
104153 27384
104335 32349
104442 35952
104493 42982
104511 14076
104523 10454
104563 36793
104653 29762
104793 41957
104832 14459
104857 26140
105144 41110
105201 45776
105256 43321
105318 4020
105356 42143
105433 36046
105439 15699
105460 28359
105554 38438
105592 42843
105593 32349
105707 24498
105713 7870
105782 27232
105802 29216
105912 24460
105935 43575
105949 31302
106023 37677
106066 43351
106098 2843
106102 35952
106124 43102
106605 40253
106754 41462
106808 43905
106990 36793
107031 5729
107061 29735
107152 40847
107165 44033
107171 38873
107191 9167
107443 20907
107584 4435
107709 26416
107824 26219
107845 30317
107904 933
107930 44018
107963 43897
108008 34669
108014 44364
108224 41008
108413 44557
108546 43793
108626 30124
108802 14198
108817 43072
108925 40945
108971 7484
109142 41066
109343 34669
109346 34669
109368 44952
109533 37677
109535 45031
109536 38438
109731 44025
109736 45023
109738 45125
109739 30522
109833 42975
109877 43610
109884 44205
109888 43905
109897 45221
109910 34302
109964 45246
109991 44629
109995 45267
110231 37286
110241 37677
110546 37677
110645 45467
110669 35968
110703 9502
110739 24452
110747 45624
110763 34669
110810 9927
110820 30212
110844 45672
110870 45702
110960 40394
110994 36589
111006 23172
111017 36793
111103 10024
111167 31585
111296 41158
111358 40382
111427 45927
111449 45932
111538 34628
111587 44900
111597 605
111644 46037
111652 45557
111679 43102
111761 26063
111770 2447
111875 15797
111917 44026
111955 26866
112096 46239
112097 45504
112118 46251
112190 30901
112249 44239
112343 45504
112354 37677
112424 10456
112461 46396
112466 41158
112483 32426
112615 45735
112668 42377
112828 36978
112861 46602
112866 46604
112949 34002
112959 46643
113037 26122
113087 46707
113092 35734
113104 30245
113135 42532
113235 46291
113242 37677
113294 40560
113321 46809
113431 46859
113643 11000
113669 21146
113677 8521
113749 44558
113776 26169
113818 26122
114022 21487
114033 27384
114069 46853
114120 14233
114206 46862
114280 10027
114399 24653
114496 23517
114503 47304
114523 41615
114525 47311
114591 16427
114669 46233
114785 7348
114958 40394
114994 1768
115070 32271
115088 5699
115188 35891
116281 42771
116290 48651
116302 48655
116430 37779
116452 11361
116499 28958
116595 44176
116608 48733
116757 38069
116851 17264
116921 31340
116960 48918
117013 40021
117101 47304
117102 48952
117152 30522
117237 49054
117354 43734
117369 49125
118570 23816
118629 45916
118633 44709
118768 43847
119103 50419
119126 46790
119254 1186
119387 21017
119593 30901
119636 48745
119688 50647
119732 21920
119838 31585
119858 8521
119950 47559
119999 46147
120015 12291
120036 50764
121299 25794
121337 51896
121353 45039
121406 38746
121451 43055
121497 32426
121546 51990
121551 30604
121724 5971
121775 41566
121781 52082
121809 45306
121830 45649
122102 52234
122126 42514
122231 41250
122273 52406
122374 44513
122469 21441
122474 26419
122505 20168
122601 36188
122637 52569
122659 1325
122687 52583
122742 40382
122785 24791
122830 30175
122911 40854
122921 42514
122933 52719
123039 40365
123109 52647
123124 37134
123156 52082
123353 31585
123456 52959
123483 45586
123525 44176
123591 52897
123639 52261
123674 37632
123725 42337
123753 52768
123874 20590
125903 35837
125932 24140
125977 44338
125995 1910
126077 11361
126088 9070
126101 46758
126108 55264
126201 40621
126206 41158
126214 51948
126374 46211
126471 46712
126504 46542
126512 46211
126533 28924
126622 55503
126636 55484
126711 37677
126847 33635
126919 1325
126967 41263
126987 8223
127002 46758
127071 46758
127259 27384
127282 9083
127330 19917
127382 43495
127420 55791
127431 45688
127472 55675
127502 139
127531 37677
127543 55845
127695 45640
127745 55921
127752 28258
127766 26911
127770 55932
127791 55945
127796 26143
127797 55949
128161 52962
128310 22387
128315 34207
128323 37556
128356 52647
128374 41448
128408 45688
128468 51843
128512 51971
128598 48784
128626 56293
128627 43412
128650 20427
128705 56328
128785 132357
128816 4552
128882 56220
128938 41066
129134 56511
129143 56515
129160 35083
129190 51843
129267 56571
129429 45907
129449 50322
129492 55991
129525 16731
129626 56699
129632 6627
129731 56578
129873 50712
129978 56871
129987 56565
130098 29216
130239 51979
130268 16731
130368 31585
130412 56924
130450 8236
130457 57069
130459 57074
130521 37677
130552 56925
130567 50515
130594 16731
130649 44499
130688 50465
130721 44346
130754 49135
130800 8563
130803 42047
130829 56578
130918 57243
130985 27103
130996 20884
131014 57291
131272 44499
131457 50559
131459 57491
131487 10635
131494 8223
131674 42664
131732 1792
131738 57584
131812 25680
132114 53021
132123 19857
132195 6292
132372 26143
132449 57866
132499 55675
132515 43495
132566 12958
132613 23013
132654 51988
132719 57824
132720 58009
132754 46758
132852 58069
132886 30329
132892 58081
132974 55751
133032 56452
133091 40876
133198 26357
133270 56452
133366 57940
133376 29532
133398 58292
133459 14164
133494 58326
133664 58401
133758 58442
133866 58490
133915 37033
134071 57146
134076 57252
134119 57948
134226 43364
134229 16043
134262 16043
134274 56452
134356 40023
134417 51970
134473 58723
134683 20669
134704 26071
134705 49074
134831 56578
134843 58867
134849 56376
134943 40164
134960 24452
135013 31340
135016 37626
135063 32228
135180 59022
135186 6441
135346 56299
135465 40289
135472 52655
135477 56263
135478 44126
135520 16731
135521 16731
135539 46464
135569 40289
135602 8916
135610 23641
135618 29865
135676 43105
135764 50509
135872 56872
136182 58401
136477 9052
136486 25680
136542 46708
136616 56326
136724 59626
136752 5279
136775 35268
136797 31340
136860 1325
137122 58082
137207 43897
137221 45828
137229 26665
137350 42337
137354 59897
137460 59953
137504 57797
137538 59836
137560 46740
137811 41129
137860 60107
138011 20590
138087 57998
138095 60201
138151 60228
138297 59969
138325 58152
138404 58569
138451 60346
138598 46464
138679 36793
138690 60433
138770 59523
138892 56553
139055 57834
139067 8082
139153 30247
139346 60700
139398 58152
139544 57517
139545 32426
139616 41092
140923 59623
140927 7743
141058 40342
141143 62045
141158 33768
141258 62091
141303 20094
141331 59729
141354 25851
141468 62173
141802 62310
141839 52647
141856 43364
141865 57218
141875 35006
141898 43607
142005 62310
142061 1335
142132 29599
142159 57218
142169 53172
142193 59444
142236 62519
142344 45874
142352 47486
142413 40408
142435 62605
142531 62651
142548 23937
142672 56553
142732 62730
142805 42309
142971 75876
143256 86496
143385 62989
143576 28258
143593 63067
143630 24452
143673 62965
143823 41158
143843 31965
143978 59998
143998 63240
144078 57823
144101 53172
144294 58082
144329 4039
144337 29216
144356 36978
144393 63260
144406 45414
144546 10612
144572 16689
144641 60857
144694 42293
144696 63517
144736 63438
144779 46162
144819 2818
145110 25568
145158 63717
145331 63794
145400 63818
145458 60080
145560 63882
145772 15996
145811 6813
146003 19917
146010 27500
146166 40606
146253 59307
146499 22207
146585 14087
146666 64157
146867 63394
146871 56578
146931 63547
146984 46310
146993 62862
147070 55484
147096 63535
147239 64574
147346 64624
147433 8563
147499 7574
147539 56452
147826 64864
147847 45874
147893 23179
147896 62310
147908 34663
147939 29216
147987 23677
148028 26127
148116 63886
148177 65015
148189 57317
148203 45447
148216 9604
148298 50809
148309 65076
148337 20190
148378 65055
148418 37607
148489 65140
148602 10024
148656 56299
148676 63858
148709 47091
148761 132357
149065 25512
149082 44205
149214 56872
149314 7787
149487 7787
149516 55969
149744 65672
149832 65722
149920 65771
149977 63394
150009 62173
150050 33807
150128 65873
150139 65159
150373 63384
150387 65823
150446 57252
150493 63388
150503 57823
150598 63250
150687 65221
150803 63535
150847 62834
150899 66174
150994 63384
151121 59444
151150 66275
151331 57948
151332 66350
151374 48784
151640 66500
152731 38781
152808 65616
152880 52772
152906 62173
152924 23517
152979 27753
153361 63691
153385 65588
153478 62116
153538 59444
153657 67846
153791 4962
153806 57915
153807 62834
153904 64348
153926 67953
153937 45874
153965 41007
153990 63535
154088 64348
154105 45557
154227 57434
154307 7993
154350 68137
154373 66152
154403 67726
154443 68179
154461 68194
154468 62173
154580 57666
154651 62173
154735 41996
154753 37677
155015 56872
155169 56452
155360 31790
155425 40289
155539 37179
155727 25343
155823 37677
156251 4962
156280 68904
156286 68909
156308 60080
156318 60080
156529 63057
156606 68979
156715 27934
156740 57610
156861 25264
156879 69118
156884 65074
156890 46708
156907 62173
156934 69145
156943 60433
156984 65290
157003 59186
158070 14087
158246 1638
158319 41682
158421 37510
158462 59623
158532 9070
158757 63547
158803 43698
158824 9070
158938 46995
158946 66165
159021 23937
159101 64329
159273 44498
159374 70604
159436 70779
159590 3982
159674 67907
159685 43698
159734 70392
159880 56578
159922 63547
159937 2170
160042 57517
160347 68836
160413 59208
160548 62989
160718 63410
160759 62755
160937 31337
161013 71407
161085 67774
161126 56924
161163 56924
161176 59444
161267 35403
161275 42337
161406 28197
161453 71514
161662 56321
161683 70289
161796 23517
161819 46450
161821 59322
161859 66165
162020 21108
162105 66165
162119 71862
162184 71897
162213 23517
162335 66165
162514 60872
162552 59058
162704 66165
163074 65074
163082 59444
163217 46227
163225 57925
163378 68611
163439 66165
163546 52575
163604 1945
163691 63535
163780 45186
164083 47126
164455 59805
164490 63691
164511 36574
164665 70582
165004 58338
165091 73164
165197 7993
165212 68416
165381 45916
165476 9167
165526 73353
166073 19898
166095 71145
166367 73720
166568 73802
166798 7612
166966 63698
167077 74039
167098 72649
167114 53173
167250 63547
167282 44881
167311 72766
167312 73010
167690 66165
167888 5971
168066 74432
168129 71122
168218 74499
168237 9070
168533 63637
168536 74626
168546 74575
168684 74039
169003 74717
169009 14459
169209 74909
169257 66165
169275 71793
169553 62116
169730 9604
169745 26827
169964 60842
169969 74575
170130 74807
170229 52261
170318 74564
170338 74626
170464 27123
170502 72204
170635 68335
170725 41066
170768 43351
170882 75600
170962 35268
171107 21146
171247 70392
171881 75679
172068 74879
172076 50419
172315 74
172624 64268
172739 76396
172939 45557
173000 26419
173085 45613
173207 74241
173281 68969
173496 19980
173639 42117
173751 2394
173768 74575
173790 76357
174135 37236
174150 58234
174164 36746
174413 25735
174521 47634
174541 77089
174569 77111
174746 75397
175188 75038
175292 1325
175344 77446
175444 59444
175718 77592
175985 43712
176050 45557
176077 65572
176220 77814
176239 74944
176358 61966
176518 65572
176537 42887
176650 71145
176731 78070
177049 78226
177113 78254
177297 72139
177588 77505
177734 77786
178061 78631
178169 60667
178371 77102
178417 78762
178601 75502
178710 77786
178826 60080
178831 45557
178837 64747
178865 45613
178944 79039
178960 79000
179046 37236
179082 79000
179180 9604
179309 68181
179353 79212
179388 5788
179523 51930
179535 79000
179574 27384
179592 58082
179595 79217
179636 9604
179671 58482
180698 78108
180998 74393
182302 63672
182309 75628
182668 63672
182686 22239
182688 80714
182836 52691
183216 71894
183414 71894
183501 95830
183527 65161
183882 57094
183928 52853
184186 81321
184225 81328
184277 81351
184317 78259
184374 78776
184474 81419
184659 81524
184898 81236
184947 21146
185110 81757
185231 78776
185298 64376
185452 45770
185509 81804
185519 23179
185579 42420
185630 72139
185939 52261
186034 18778
186170 21146
186199 63691
186323 70392
186869 45835
187076 80673
187098 57422
187254 82646
187403 21904
187456 82747
187508 72125
187917 82958
188418 68592
188650 82
188673 83275
188796 83336
189031 81952
189060 81952
189181 78980
189299 78776
189367 10579
189600 83711
189653 46199
190308 955
190344 82473
190471 36793
190558 33504
190591 4962
190983 84334
191013 28952
191042 36793
191062 71328
191425 84517
191451 83735
191777 42975
191786 45613
191942 67977
192125 65773
192185 79485
192318 84966
192527 73685
192561 27367
192713 71894
192891 37035
193188 66515
193205 14087
193237 50583
193364 1492
193585 73900
193609 85645
193663 43897
193684 85677
193864 43360
193918 65263
193954 74534
194257 74534
194275 85967
194280 85970
194334 85964
194367 10635
194661 77010
194733 42305
194936 10408
194986 84967
195297 86230
195648 86603
195842 36793
195915 86722
195951 74534
196006 10408
196100 86804
196127 41462
196136 29924
196153 86340
196383 86917
196564 86998
196726 77703
196848 38593
197110 74534
197292 66041
197487 59161
197595 83501
197713 45613
197848 87676
197973 74534
199352 75628
199606 88871
199632 74534
199995 35445
200078 89119
200097 63694
200143 25464
200173 87710
200198 89167
200378 7870
200752 89391
200868 81048
200932 7612
201235 79371
201343 68943
201393 89689
201482 52772
201492 57676
201786 86781
201835 68860
201877 61948
201973 74534
201992 85397
202284 90023
202330 83398
202441 85785
202522 83398
202628 45837
202669 89877
202823 4877
203003 90355
203067 63547
203493 83398
203697 20190
203746 86812
204029 45613
204090 90886
204094 90886
204100 90886
205186 41078
205222 91948
205370 43712
205513 59284
205552 74534
205553 36562
205555 70392
205810 60080
205881 87190
205981 43712
206048 37102
206440 38828
206579 84017
206669 84975
206790 90886
206822 38438
207201 60857
207295 85324
207416 92555
207421 50694
207644 83476
207816 68860
207906 90383
208014 78180
208516 93530
209522 94009
209828 6073
209854 65332
210087 89073
210552 80878
211246 37677
211293 92346
211444 79444
211706 93280
211708 95108
211773 94972
211857 92265
211908 95207
212142 62859
212287 60080
212421 30005
212494 62661
212546 76815
212895 22285
212962 83042
213279 94771
213337 82377
213886 96240
214552 84967
214674 96675
214950 84975
215047 96425
215220 59023
215353 94702
215747 96173
215788 86244
215809 60472
216276 21248
216342 78672
216479 42618
216495 9606
216577 43712
216629 78868
217025 86889
217034 44984
217545 67976
217567 81146
217589 40021
217821 60857
218051 93522
218370 83398
218614 99505
218668 93423
218983 94257
219133 7248
219282 84977
219582 76704
219681 93451
219710 98793
219806 99226
219897 86244
220112 99386
220329 89965
221027 99855
221339 66015
221395 100026
221851 25167
222014 62173
222284 100459
222390 4039
222622 89140
222736 100426
223002 58975
223564 73136
223565 96054
223610 10319
223824 41078
223935 90098
223991 8563
223995 101298
224351 101479
224675 84967
225207 101867
225413 61966
225423 101908
225436 92700
225668 40266
225693 148704
225733 75628
225831 100556
226088 44499
226266 42743
226313 60530
226745 77980
226882 78810
227138 102725
227213 60766
227853 61964
227960 8563
228183 85132
228279 94031
228346 38861
228401 1648
228802 102546
228887 89783
229047 85785
229076 69031
229168 103729
229198 94031
229464 23352
229480 90893
229931 62755
230036 102947
230054 78868
230227 104248
230249 89329
230495 72139
230685 89783
230751 12068
230973 102546
231017 90893
231085 104713
231732 21904
232028 97792
232298 105352
232589 1648
232717 98940
232875 83425
233125 35268
233266 32109
233297 105895
233328 105907
233409 99567
233497 100321
233798 90248
233844 84150
234018 94109
234120 102546
234304 96487
234495 106487
234538 106526
234734 103999
234938 106707
235019 30833
235079 102232
235285 6627
235413 90893
235450 104481
235574 107029
236145 43351
237268 106205
237306 37626
237497 106260
237588 108473
237612 62211
238782 108778
238893 103346
239218 109254
239250 109276
240106 109657
241043 62173
241050 7456
241355 93749
241896 101770
241943 110509
242059 75925
242068 62755
242086 92085
242499 110834
242665 110929
242688 36562
243144 111173
243565 60080
243775 111525
243946 36047
244158 111697
244401 99363
244470 26600
244606 7424
244650 86846
244885 106620
244922 112041
244972 4993
245214 75502
245215 83398
245223 112205
245253 101660
245499 107160
245692 86076
245898 93764
246050 27291
246208 36574
246342 112190
246808 111561
247056 111505
247106 112190
247394 77452
247585 74314
248649 86759
248661 9070
248850 112190
249239 107112
249307 105680
249399 110669
249606 94761
249679 25680
249809 113756
249961 44807
250136 114562
250304 105655
250363 92700
250421 85068
250688 37779
250800 4359
251385 114841
251406 114937
251711 65843
251803 35305
251888 115374
252044 83398
252101 99285
252145 15942
252213 84967
252288 115586
252473 35268
252542 93711
252802 62835
252882 110669
252959 74
253098 93022
253415 105136
253475 84150
253543 114810
253552 25680
253762 92058
254085 51950
254088 83398
254266 75567
254585 114550
254777 57925
254784 57925
254857 41110
255166 100776
255340 11633
255909 117333
255947 27898
255976 112190
256008 112190
256023 98822
256285 114200
256570 117668
256674 104866
256739 70891
256818 235345
256955 114247
257018 105680
257153 109123
257247 116677
257383 18720
257476 43783
257608 83398
257693 70392
257720 56184
257819 24093
257826 57094
257848 118295
258008 25750
258395 36793
258511 46455
258613 118678
258706 116303
258737 92058
258931 104567
259141 110700
259334 75628
259346 90568
259501 73010
259732 43177
259759 119220
260823 117789
261018 56008
261166 106736
261246 118109
261303 101770
261571 89504
261650 84895
261654 63410
261680 97616
262005 86340
262101 56452
262298 98822
262382 62173
262521 111951
262530 11459
262703 21904
262813 116303
262820 28496
262877 20667
262953 83380
263197 118790
263222 117909
263561 100527
263574 75387
263791 82377
263846 116392
264029 45504
264082 25671
264165 121760
264202 148704
264231 87725
264240 45504
264295 105413
264351 118416
264412 30005
264441 111951
264509 101134
264569 108612
264817 75821
264869 5648
264928 116303
264950 77326
264991 84967
265249 101864
265285 111951
265301 52772
265459 115953
265750 68673
265809 65843
265913 32023
265958 73010
266114 112051
266127 120836
266246 52261
266308 89073
266309 122556
266359 111661
266492 122832
266507 68860
266561 8563
266684 111951
266834 42794
266992 24470
267035 121000
267036 52261
267196 56807
267208 101785
267209 23065
267293 95576
267371 123245
267474 112310
267492 28265
267852 75387
267866 97161
268009 111670
268011 123558
268023 98688
268062 75387
268271 8563
268454 123779
268470 22278
268509 123813
268568 5874
268575 123851
268631 115992
268666 123898
268733 123936
268818 122043
268831 81625
268844 24157
269090 124039
269185 124147
269313 97957
269350 75365
269355 90693
269492 122687
269563 80594
269669 7787
269852 56807
269892 37789
269945 124547
269966 124435
270020 124589
270030 59027
270139 24452
270289 107112
270375 36562
270427 122579
270600 72875
270621 124883
270982 58110
271031 94350
271203 97235
271339 121181
271419 110834
272599 115480
272775 27384
272791 122044
272831 121440
272893 124883
272918 120802
273006 125265
273076 126634
273160 35100
273218 40669
273224 76595
273272 101312
273780 35305
273852 66015
273870 126999
273888 126919
273964 5512
274070 7348
274109 95688
274167 127147
274226 117677
274227 127174
274440 28952
274492 37556
274858 56511
274930 127521
275032 114622
275089 107200
275219 48770
275271 127620
275340 127739
275363 127750
275604 86889
275645 102285
275669 94353
275711 127911
275733 127923
275830 127972
276251 121985
276405 100527
276574 128378
276724 99913
276932 128592
277125 2170
277318 57983
277347 93009
277512 127427
277625 120818
277855 56807
277858 110311
278178 97132
278249 34669
278282 129259
278288 68965
278299 95576
278402 60906
278628 124896
278664 83380
278759 129503
278870 129559
279051 86355
279119 605
279394 55800
279783 129978
279880 59964
280282 127814
280725 130091
280969 1648
281297 130684
281483 2754
281660 100640
281667 114627
282047 105888
282286 121464
282459 20281
282745 118921
283274 127086
283305 29849
283682 131873
283730 123649
283823 25572
284121 65221
284158 34308
284217 129433
284385 12117
284444 26704
284450 1648
284724 73010
284896 132388
285186 45627
285317 132566
285348 127786
285478 132660
285922 132898
285933 73458
286360 109338
286457 36793
286576 126917
286721 123649
286767 124897
286964 128861
287126 122455
287160 23677
287581 108554
287622 133633
287877 30466
287887 84967
287949 133796
288013 89260
288035 41178
288287 133927
288339 171
288351 1648
288357 131602
288472 132789
288604 116303
288614 29177
288762 74427
288980 78194
289041 57925
289083 114474
289101 134340
289108 134195
289628 1648
289924 134504
290049 65074
290074 132107
290132 105637
290340 130268
290472 135008
290614 80618
290688 46051
290690 123183
290799 128861
290906 68279
291186 65035
291481 8082
291491 113809
291621 116669
291991 113809
292411 57983
292565 110834
292913 136302
292958 118188
293042 134537
293063 130986
293106 82480
293359 3253
293451 128861
293543 43783
293831 136804
293864 1648
293873 1648
293947 36793
294047 136899
294271 136407
294833 72171
294965 83545
294966 133249
294984 125333
295232 57218
295282 137035
295365 135989
295412 101312
295478 123260
295569 137553
296103 83398
296189 138000
296391 130611
296521 101386
296601 126999
296650 138220
296678 50583
296719 111476
296736 93192
297146 138509
297279 92058
297386 100142
297729 148704
298080 116303
298257 103560
298790 132371
299286 57983
299504 139635
299526 139652
299608 136363
299645 130091
299721 92058
299723 106713
299738 129342
299834 76892
300146 139956
300242 100281
300309 140031
300551 113699
300568 140114
300667 138162
300718 47033
300782 140206
300829 140223
301076 140084
301242 110669
301267 140361
301307 124263
302232 110311
302269 136407
302307 140002
302342 52332
302370 42480
302445 140084
302487 140553
302553 115887
302633 140553
302795 70192
302811 138661
302825 140858
303234 127875
303298 12475
303412 4836
303724 105136
303747 93604
303804 140807
303815 110669
303844 127875
303977 141545
304212 121763
304245 141673
304370 8082
304651 46728
304776 141240
304837 141926
304859 141935
304992 132055
304993 133229
305093 141240
305246 57218
305501 68532
305563 142273
305627 130713
305706 36793
305942 139543
306013 142386
306036 11053
306305 95956
306438 106205
306662 142826
306684 3751
307026 103983
307078 140263
307101 46869
307113 134764
307300 70392
307654 71773
307714 75085
307854 21904
308181 36793
308261 25289
308413 143696
308494 83398
308580 799
308617 143790
308735 92058
308917 140964
309019 114841
309043 115309
309389 10087
309410 46415
309656 143115
310029 126999
310060 134734
310391 8563
310472 58642
310671 111067
310820 46450
310838 141926
310881 46926
311127 8563
311145 6308
311468 142050
311522 105460
311558 145232
311606 113699
311652 145265
312229 145537
312289 98822
312402 129433
312406 145619
312478 116557
312824 105751
313084 121554
313673 134959
313740 146254
313758 34669
313923 85515
313973 118745
314185 138785
314391 145086
314536 130611
314637 142951
314885 60891
314904 108554
315049 143860
315970 141968
316135 147381
316487 110669
316848 113699
316936 147739
317226 147583
317359 62489
317521 148026
317672 148098
317838 6336
317899 45613
317989 148026
318178 89965
318286 26071
318397 134947
318398 148447
318621 147912
318634 140084
318657 148577
318976 148764
319040 113809
319123 101968
319235 117789
319392 43712
319819 853
319909 149172
319911 130713
320001 146230
320197 143986
320308 29985
320608 137553
320784 120609
320858 123796
320947 29315
321540 86411
321658 141464
321668 112310
321781 143860
321799 28544
321811 117725
322145 143115
322598 21068
322602 146502
322762 150559
322912 136708
323050 146744
323076 138176
323097 150723
323350 150737
323708 97775
323834 76347
323977 25794
324273 38873
325447 143579
325450 140084
325535 135978
325602 151016
325733 117422
325776 63248
326114 152775
326529 30245
326797 153102
326967 113313
327076 123113
327186 142799
327303 153315
327706 136407
327960 140964
328494 146004
328523 153900
329044 144977
329292 18778
329318 57983
329376 112259
329604 131284
329781 140084
329831 149511
330008 92494
330120 154515
330453 118053
330505 8449
330554 154849
330994 116454
331276 146502
331699 123688
331774 20427
331976 155567
332395 155405
332461 40591
333025 148522
333262 141543
333619 116137
333996 46485
334004 42892
334145 156593
334307 105534
334509 74
334926 157008
335091 45708
335184 140512
335258 98822
335439 123432
335476 141968
335788 140126
335905 116137
336133 59234
336206 25644
336548 143214
336644 142275
336709 44881
336802 148116
337423 138757
337898 36793
337945 70582
338089 158497
338456 64376
338461 98739
338469 133814
338711 148764
338731 58082
338917 152911
339150 97775
339489 159132
339504 159137
339559 159133
339621 150025
339645 146502
339675 34470
339826 116137
340131 159449
340170 138682
340285 75621
340357 32185
340479 109899
340659 2077
340860 112257
341038 159900
341225 158870
341242 21146
341273 129342
341400 160071
341563 160139
341809 102008
341869 160310
342072 107160
342105 156723
342328 160529
342447 160621
342686 158177
342862 148522
343002 57676
343363 161023
343439 157827
343474 83380
343515 57983
343652 102243
344681 116101
344720 158306
344747 82480
344909 138682
344918 38111
345022 57983
345381 32222
345404 59027
345455 145697
345554 4552
345555 57094
345598 134658
345861 162799
346253 140536
346407 135187
346683 120952
348026 164363
348222 130269
348232 112310
348271 86411
348359 164511
348471 117307
348588 164626
348756 128182
348892 149395
348950 164815
349014 164884
349032 164892
349115 72027
349169 83380
349403 128120
349418 165026
349536 109996
349672 148026
349882 57218
349888 144045
350061 40371
350185 92058
350404 164488
350496 165639
350568 123393
350805 148654
350938 35305
351108 165967
351309 148233
351517 159268
351547 147093
351861 140905
351866 36589
351880 166370
352602 159783
352659 56376
352901 166938
352905 112190
352914 166951
353080 126502
353081 64624
353244 112190
353253 120609
353624 147876
353649 130203
353667 167368
353742 160431
353984 76054
353986 160654
354098 157704
354159 166433
354263 42136
354314 167699
354554 2754
354889 167973
355224 158854
355351 140318
355366 160740
355515 75502
355525 130326
355566 40993
355726 137647
355774 28965
355926 46708
356065 164889
356173 126581
356257 87728
356366 149370
356412 148764
356551 122656
356706 130091
356709 162402
356776 168895
356886 164879
357039 157916
357119 157019
357387 134658
357860 55547
357970 101257
358007 165920
358202 690
358355 117097
358842 86411
358894 129433
358943 155230
358956 70204
359046 53030
359088 104419
359381 170275
359604 30217
360007 86411
360211 170680
360307 157588
360393 143794
360582 77496
360690 148599
360930 171060
360989 30217
361196 102490
361590 169475
361620 28145
361679 153578
361699 77255
361915 171243
361935 170996
362109 62173
362354 37102
362780 149395
363056 114596
363126 110669
363211 108664
363306 170555
363394 86411
363490 27396
363541 123334
363748 110669
364208 169636
364488 26345
364771 153135
365390 166166
365462 137288
366078 150539
366089 116624
366745 83398
366833 170640
367089 149663
367257 172327
367378 169288
367622 143937
367717 114841
367780 169636
367792 37085
368186 124266
368378 170414
368648 144287
369162 38231
369590 141764
369680 159456
369712 157588
370142 176139
370873 172965
370899 4075
370901 58147
370926 144155
371162 126999
371332 176808
371381 99943
371402 37677
371615 176976
371902 177159
372024 35006
372095 138421
372221 130934
372306 83398
372380 174412
372477 83398
372547 177554
372653 28359
373085 58651
373132 8563
373239 131341
373250 131341
373298 164828
373357 4552
373449 170325
373463 154527
373577 177297
374217 116303
374549 178750
374647 178787
374779 57847
375010 178986
375027 169706
375072 102243
375133 179045
375209 98822
375904 179452
376161 179567
376501 60683
376579 171182
376658 63097
376866 179737
377212 179737
377352 94020
377382 149370
377599 64360
377926 173002
378312 179737
378506 101572
378647 180891
378837 83398
378865 57847
379069 120955
379179 162923
379193 126412
379280 169706
379482 152711
379892 181529
379993 92058
380073 89220
380155 180385
380352 36793
380415 165685
380487 181829
380748 181963
380870 131313
380892 181947
381492 94020
381550 14223
381625 55707
381828 37643
381981 178651
382128 137324
382429 182826
382667 182004
382704 37677
382736 57983
382849 130091
383704 148764
384187 182297
384241 100527
385085 135469
385298 133736
385314 184296
385810 85056
385862 167103
386126 179462
386221 113085
386346 87457
386596 111067
386971 182781
387734 182869
388069 131306
388164 134733
388700 148676
388744 182869
388776 186170
388802 78574
389168 77733
389213 75502
389214 100018
389431 186521
389590 182004
389698 186686
389947 130765
389964 164828
390230 75502
390383 78948
390456 170275
391488 131341
392272 188053
392508 96592
392785 131131
392863 181230
393891 174675
394062 14275
394152 166180
394942 52195
394962 189941
394975 178487
395154 189737
395227 190121
395292 130091
395358 41634
395829 16731
396005 83398
396588 187604
396818 83398
396984 132371
397576 102349
397694 84967
397711 178168
397954 186170
397971 154004
398047 71793
398092 180969
398184 165984
398501 82819
399281 101257
399297 99217
399462 116137
399463 159132
399841 187307
399846 192617
400081 56606
400102 177855
400162 192788
400654 178763
400824 57218
401485 96453
401491 142097
401668 123183
401715 101916
401742 57943
401853 171660
402118 26071
402222 193098
402251 95956
402363 146032
402383 177855
402683 194019
402950 101257
403016 28745
403024 119008
403025 132371
403261 194310
403646 194505
403687 194175
403822 185166
403864 36793
404149 60210
404264 194812
404348 194818
404411 193562
404421 105005
404764 193927
405060 98822
405173 153036
405705 12727
405765 189708
405834 131341
405861 195623
405873 195626
406012 195695
406104 99023
406384 188004
406437 195929
406592 164488
407289 47252
407397 164488
407839 187165
407875 196589
407927 141764
409089 195964
409105 197114
409189 164879
409313 197219
409521 194291
409951 197462
410192 183314
410226 159990
410359 156705
410549 164488
410604 164879
410887 147010
411073 36793
411283 198115
411314 172965
411500 191342
412114 198496
412333 139504
412403 196340
413184 198554
413406 110311
413604 36793
413659 198392
413741 199160
413846 187139
414045 123084
414057 187947
414187 132371
414514 198107
414521 199554
414710 158160
414742 170225
415284 9015
415429 199930
415594 200025
415656 36793
416131 200280
416161 192721
416293 200385
416427 155230
416443 154527
417927 196243
418058 198204
418436 162251
418550 164488
419192 21613
419353 155230
419696 155230
419865 57983
420123 149833
420288 17489
420403 202843
420491 177855
420542 83380
420552 202461
420605 202938
420708 162251
421058 171210
421081 189728
421650 202707
421863 180355
421919 125220
421957 127599
422075 73804
422570 177167
422844 202730
422975 169288
423273 134969
423406 203766
423507 166180
423632 202319
423985 5638
424268 178763
424499 187604
424581 204335
424870 204929
425013 103470
425246 172813
425649 188053
425830 158418
425834 117301
426674 192515
426744 63097
426786 205739
426912 182521
426976 179357
427095 31604
427233 140002
427491 110669
427827 75916
427922 206266
427949 204659
428033 1648
428148 40292
428402 203244
428525 206547
428952 124849
428990 206083
429213 206887
429249 180165
429363 41833
429471 203244
429495 93124
429517 203629
429708 184540
429874 184540
429942 135935
429998 167103
430419 167500
430791 140275
431010 143711
431482 194807
431485 182917
431564 112310
431565 206020
431751 208207
431861 7378
432137 8563
432766 104019
432798 206197
433017 208864
433334 179384
433427 209103
433440 76597
433634 183420
434180 86619
434320 132371
434376 22643
434492 208138
434634 5037
434677 59052
434683 209701
434985 164488
435404 202613
435479 206192
435523 196513
436011 206197
436221 20455
436462 153135
436475 102936
436747 118048
436972 77505
437186 132437
437717 28496
437769 211286
438167 165075
438222 29794
438370 194443
438627 211629
438636 209814
438700 26708
438936 211890
439037 162251
439235 63960
439268 210446
439325 102936
439511 212199
439604 207947
439948 211935
440007 74272
440211 103481
440275 212601
440322 212625
440399 1643
440510 212732
441019 212990
441115 63983
441144 207910
441648 57376
442461 213718
442583 99217
442719 146562
442764 189721
443260 207947
443358 16829
443607 102243
443892 202056
443988 121760
444005 165210
444139 214540
444307 20455
444328 177558
444387 8713
444658 209450
444672 212603
444902 194527
444978 136899
445062 214963
445158 196764
445200 215039
445575 28924
445745 215326
446850 208833
446889 187075
446951 215927
447287 121554
448573 81683
448673 134671
448683 36793
448724 214901
448761 145846
448763 207422
449169 5788
449201 193025
449219 217512
449333 145370
449431 75502
449543 208833
449658 217718
449771 121760
450054 217880
450139 690
450187 217861
450208 217955
450326 218031
450377 75502
450543 218127
450899 56599
451045 218290
451267 218470
451588 205686
451751 182822
451979 177855
452308 56599
452421 219002
452428 182917
452452 218104
452592 176677
452726 219111
452745 218270
452932 129433
452995 198517
453327 164828
453425 203612
453657 75502
453980 199941
454068 211040
454103 219742
454158 145373
454292 75502
454332 203222
455383 181339
455470 220399
455526 134671
456150 214877
456455 220173
456512 183889
456619 208138
456686 56770
456771 128710
456808 220705
457359 63248
457410 221227
457686 221343
457834 211040
457901 210444
458136 219954
458587 99217
458631 94945
458828 47472
459142 208199
459221 222038
459323 217582
459428 222141
459517 222185
459592 208833
459742 203222
459754 222285
459771 153135
459809 217881
460163 181631
460855 222770
461097 164488
461149 181732
461488 220218
461559 166473
461833 222579
461971 99071
462245 205249
462533 223646
462578 97979
462707 110669
462768 128996
463293 53057
463327 223905
463752 164488
464086 164488
464184 164884
464208 220554
464265 224406
464379 206192
464451 224506
464972 220399
465013 224790
465017 205249
465174 57983
465176 113773
465280 169763
465448 208833
465656 195622
465810 170120
465844 194459
465965 197118
466335 192788
466848 52036
466875 56599
466889 189760
466916 181963
467294 225284
467415 225252
467613 98414
467939 226129
468190 226038
468360 226038
468891 177855
469295 86804
469345 75502
469527 140647
469710 36793
469754 200329
469869 205782
469917 214638
469932 227038
470068 223169
470202 113773
470316 160509
470376 121751
470460 194498
470675 218240
470922 126714
471037 227287
471753 6336
472000 227860
472159 70192
472372 228095
472483 227860
472565 227860
472755 227860
472900 190942
473061 155230
473082 113655
473330 218022
473932 226304
474020 208112
474105 228864
474428 137661
474449 229027
475733 230162
476175 165384
476184 24452
476522 29616
476554 222265
476627 230543
476764 106745
476796 208640
476966 208833
476987 230723
477111 99217
477214 198107
477403 220705
477425 172874
477602 75916
477659 231016
477712 167281
477758 106477
477795 55327
478060 230533
478132 60646
478142 230398
478273 231249
478429 231313
478538 179357
479055 231589
479082 129433
479472 203215
479515 141548
479656 128120
480113 232002
480163 231957
480190 231868
480324 232099
480510 177858
480656 230533
480938 136800
481037 220110
481149 191721
481302 232404
481557 132371
481634 157916
482014 35143
483607 233452
483912 196529
483992 233614
484026 233638
484065 47467
484543 230533
484642 112190
484876 145213
484930 212622
485037 141461
485091 234141
485395 169940
485468 234171
485603 233551
485816 225790
486157 231971
486168 234651
486197 231527
486300 234714
486331 234729
486634 202416
486778 205579
486790 71627
486859 209383
486914 123334
487011 235029
487240 235058
487571 132371
487583 226894
487692 173434
487722 140404
488134 235469
488253 167281
488955 40292
488978 233337
488993 235756
489118 235838
489126 174726
489214 235875
489461 187997
489587 206319
489689 233951
490288 132371
490796 236518
490829 70207
491058 46147
492073 115337
492112 146744
492353 197242
492591 234979
492797 237339
492887 191560
492965 140263
493698 150182
494096 237788
494286 236411
494639 58147
494715 10821
494955 236411
495163 81224
495219 105421
495396 140404
495732 237633
495980 201762
496290 137661
496531 238963
496678 237040
496751 65035
496929 203504
497087 47472
497325 227641
497374 153727
497560 239399
497904 215458
498124 239632
498395 212199
498528 236156
498556 226894
498588 143993
499013 220004
499186 230533
499520 240297
500218 225217
500382 168995
500505 208833
500562 98596
500652 187375
500693 233507
500833 25644
500901 239917
502606 242350
502820 222006
502829 242374
503017 242511
503023 234574
503161 128977
503488 196529
504183 208438
504476 243133
504493 123183
505045 34003
505593 129312
505678 201807
505756 90326
505988 155230
506254 233340
506285 81812
506695 244054
506716 243860
506759 75297
506845 244131
507001 244201
507192 238719
507372 177855
507374 196864
507626 244531
507944 191417
508066 244698
508091 244709
508613 245026
508909 233340
509242 228916
509402 182917
509431 225604
509467 226137
509503 690
509541 233340
509650 173377
509803 245569
510002 245645
510234 180589
510399 238497
510417 212400
510506 244799
511067 57915
511232 244685
511372 244685
511473 68181
511572 243267
511789 152437
511983 224282
512462 75502
512902 229097
512912 229097
513026 155230
513449 137157
513474 232786
513839 134777
513874 193025
514829 247668
514883 227794
515059 246973
515169 232868
515204 247834
515259 238167
515497 246655
516203 75937
516371 144045
516419 238167
516609 248397
