1 4
2 7
3 8
4 11
5 13
6 14
7 15
8 17
9 18
10 19
11 20
12 23
13 28
14 29
15 37
16 40
17 41
18 42
19 47
20 48
21 50
22 56
23 57
24 59
25 61
26 62
27 66
28 69
29 71
30 72
31 74
32 76
33 77
34 78
35 79
36 82
37 86
38 91
39 95
40 97
41 100
42 103
43 104
44 107
45 115
46 116
47 119
48 121
49 124
50 125
51 126
52 133
53 134
54 139
55 142
56 144
57 149
58 152
59 154
60 156
61 158
62 159
63 163
64 165
65 166
66 171
67 173
68 174
69 175
70 176
71 184
72 188
73 196
74 202
75 207
76 212
77 213
78 217
79 224
80 225
81 226
82 230
83 232
84 238
85 246
86 249
87 250
88 266
89 272
90 285
91 292
92 293
93 302
94 304
95 306
96 309
97 311
98 317
99 329
100 335
101 345
102 347
103 353
104 354
105 358
106 369
107 373
108 377
109 380
110 383
111 386
112 391
113 392
114 393
115 396
116 399
117 405
118 411
119 414
120 417
121 418
122 420
123 425
124 429
125 436
126 442
127 447
128 453
129 472
130 473
131 474
132 489
133 493
134 495
135 504
136 516
137 518
138 520
139 524
140 529
141 532
142 534
143 539
144 540
145 550
146 552
147 562
148 565
149 567
150 569
151 574
152 576
153 581
154 592
155 605
156 612
157 614
158 619
159 622
160 625
161 632
162 636
163 642
164 651
165 652
166 661
167 662
168 664
169 667
170 670
171 671
172 672
173 673
174 683
175 690
176 692
177 695
178 701
179 704
180 711
181 717
182 724
183 726
184 730
185 735
186 744
187 749
188 754
189 761
190 762
191 770
192 771
193 775
194 786
195 791
196 793
197 799
198 800
199 807
200 813
201 821
202 824
203 825
204 829
205 832
206 834
207 838
208 847
209 852
210 853
211 854
212 861
213 869
214 871
215 873
216 877
217 884
218 890
219 892
220 898
221 902
222 904
223 909
224 911
225 919
226 922
227 923
228 930
229 933
230 935
231 938
232 947
233 948
234 954
235 955
236 959
237 960
238 961
239 965
240 966
241 967
242 974
243 975
244 977
245 993
246 995
247 1000
248 1012
249 1013
250 1037
251 1039
252 1040
253 1046
254 1064
255 1065
256 1077
257 1093
258 1123
259 1129
260 1136
261 1160
262 1172
263 1186
264 1193
265 1196
266 1207
267 1218
268 1224
269 1225
270 1228
271 1233
272 1236
273 1241
274 1247
275 1252
276 1254
277 1255
278 1256
279 1257
280 1264
281 1266
282 1268
283 1272
284 1284
285 1287
286 1310
287 1311
288 1313
289 1324
290 1325
291 1335
292 1337
293 1341
294 1345
295 1350
296 1352
297 1353
298 1358
299 1370
300 1377
301 1378
302 1382
303 1383
304 1390
305 1394
306 1403
307 1414
308 1423
309 1429
310 1458
311 1460
312 1462
313 1469
314 1471
315 1479
316 1483
317 1486
318 1492
319 1495
320 1496
321 1501
322 1502
323 1504
324 1505
325 1512
326 1531
327 1543
328 1545
329 1555
330 1559
331 1560
332 1570
333 1573
334 1576
335 1579
336 1588
337 1592
338 1600
339 1602
340 1611
341 1618
342 1619
343 1631
344 1635
345 1637
346 1638
347 1641
348 1643
349 1648
350 1654
351 1655
352 1656
353 1663
354 1670
355 1671
356 1673
357 1695
358 1696
359 1708
360 1714
361 1727
362 1739
363 1752
364 1768
365 1782
366 1792
367 1803
368 1807
369 1814
370 1827
371 1829
372 1844
373 1847
374 1855
375 1859
376 1864
377 1873
378 1876
379 1878
380 1880
381 1884
382 1910
383 1916
384 1918
385 1924
386 1927
387 1928
388 1939
389 1942
390 1945
391 1948
392 1954
393 1959
394 1971
395 2022
396 2057
397 2058
398 2072
399 2073
400 2077
401 2084
402 2098
403 2121
404 2138
405 2145
406 2146
407 2151
408 2165
409 2170
410 2190
411 2192
412 2217
413 2220
414 2226
415 2238
416 2240
417 2247
418 2249
419 2252
420 2260
421 2283
422 2285
423 2299
424 2300
425 2307
426 2314
427 2320
428 2322
429 2328
430 2330
431 2348
432 2350
433 2359
434 2375
435 2383
436 2394
437 2410
438 2415
439 2417
440 2418
441 2420
442 2433
443 2445
444 2447
445 2451
446 2456
447 2469
448 2473
449 2480
450 2488
451 2498
452 2499
453 2525
454 2535
455 2536
456 2540
457 2544
458 2551
459 2552
460 2578
461 2591
462 2599
463 2617
464 2628
465 2635
466 2639
467 2643
468 2651
469 2652
470 2653
471 2655
472 2659
473 2708
474 2710
475 2714
476 2715
477 2723
478 2724
479 2726
480 2751
481 2754
482 2782
483 2793
484 2798
485 2800
486 2802
487 2805
488 2809
489 2818
490 2824
491 2826
492 2828
493 2843
494 2872
495 2878
496 2897
497 2898
498 2900
499 2910
500 2918
501 2928
502 2931
503 2936
504 2958
505 2962
506 2973
507 2978
508 3006
509 3009
510 3018
511 3047
512 3064
513 3066
514 3085
515 3099
516 3103
517 3107
518 3131
519 3140
520 3150
521 3170
522 3190
523 3194
524 3196
525 3197
526 3201
527 3220
528 3233
529 3234
530 3237
531 3239
532 3252
533 3253
534 3257
535 3281
536 3290
537 3309
538 3329
539 3351
540 3360
541 3381
542 3395
543 3397
544 3411
545 3415
546 3416
547 3417
548 3454
549 3460
550 3469
551 3479
552 3496
553 3515
554 3527
555 3528
556 3540
557 3550
558 3572
559 3597
560 3598
561 3601
562 3605
563 3624
564 3632
565 3636
566 3641
567 3677
568 3694
569 3702
570 3705
571 3707
572 3714
573 3735
574 3737
575 3743
576 3751
577 3752
578 3762
579 3763
580 3773
581 3811
582 3816
583 3819
584 3821
585 3825
586 3832
587 3857
588 3864
589 3875
590 3876
591 3887
592 3908
593 3925
594 3936
595 3939
596 3948
597 3970
598 3975
599 3982
600 3992
601 3998
602 4004
603 4005
604 4006
605 4014
606 4016
607 4020
608 4023
609 4026
610 4034
611 4039
612 4040
613 4066
614 4075
615 4097
616 4104
617 4107
618 4112
619 4131
620 4140
621 4145
622 4158
623 4160
624 4173
625 4179
626 4191
627 4202
628 4206
629 4208
630 4210
631 4223
632 4237
633 4240
634 4245
635 4248
636 4249
637 4252
638 4257
639 4262
640 4272
641 4278
642 4283
643 4289
644 4292
645 4304
646 4306
647 4312
648 4314
649 4320
650 4324
651 4337
652 4359
653 4428
654 4432
655 4435
656 4438
657 4455
658 4457
659 4459
660 4461
661 4463
662 4466
663 4483
664 4485
665 4502
666 4521
667 4530
668 4535
669 4541
670 4545
671 4550
672 4551
673 4552
674 4554
675 4556
676 4558
677 4560
678 4570
679 4573
680 4574
681 4578
682 4582
683 4587
684 4600
685 4615
686 4636
687 4637
688 4641
689 4644
690 4646
691 4650
692 4651
693 4652
694 4657
695 4669
696 4673
697 4676
698 4677
699 4683
700 4686
701 4711
702 4715
703 4754
704 4769
705 4770
706 4809
707 4836
708 4846
709 4855
710 4857
711 4864
712 4867
713 4875
714 4877
715 4880
716 4882
717 4883
718 4887
719 4888
720 4901
721 4906
722 4916
723 4919
724 4926
725 4930
726 4932
727 4933
728 4945
729 4952
730 4962
731 4964
732 4974
733 4976
734 4983
735 4984
736 4993
737 5004
738 5012
739 5020
740 5033
741 5037
742 5046
743 5050
744 5058
745 5062
746 5063
747 5068
748 5077
749 5079
750 5088
751 5089
752 5097
753 5100
754 5103
755 5113
756 5129
757 5144
758 5149
759 5152
760 5172
761 5176
762 5191
763 5192
764 5201
765 5223
766 5234
767 5245
768 5248
769 5253
770 5265
771 5279
772 5284
773 5291
774 5300
775 5301
776 5306
777 5317
778 5321
779 5324
780 5326
781 5363
782 5364
783 5374
784 5376
785 5379
786 5382
787 5390
788 5393
789 5400
790 5418
791 5435
792 5441
793 5447
794 5455
795 5460
796 5473
797 5475
798 5477
799 5494
800 5512
801 5528
802 5539
803 5563
804 5567
805 5603
806 5607
807 5620
808 5626
809 5638
810 5644
811 5646
812 5648
813 5660
814 5669
815 5686
816 5699
817 5705
818 5707
819 5729
820 5732
821 5739
822 5771
823 5788
824 5810
825 5819
826 5834
827 5835
828 5838
829 5841
830 5844
831 5874
832 5876
833 5878
834 5880
835 5885
836 5887
837 5901
838 5902
839 5912
840 5928
841 5931
842 5953
843 5963
844 5971
845 5975
846 5990
847 6004
848 6029
849 6040
850 6049
851 6073
852 6085
853 6089
854 6090
855 6126
856 6136
857 6162
858 6170
859 6178
860 6189
861 6247
862 6292
863 6307
864 6308
865 6312
866 6316
867 6319
868 6324
869 6336
870 6365
871 6374
872 6384
873 6385
874 6389
875 6395
876 6407
877 6412
878 6416
879 6422
880 6432
881 6440
882 6441
883 6446
884 6456
885 6461
886 6466
887 6485
888 6499
889 6501
890 6509
891 6560
892 6564
893 6581
894 6585
895 6605
896 6627
897 6634
898 6667
899 6686
900 6690
901 6695
902 6698
903 6724
904 6735
905 6736
906 6741
907 6743
908 6749
909 6761
910 6763
911 6764
912 6775
913 6800
914 6805
915 6807
916 6812
917 6813
918 6835
919 6848
920 6860
921 6887
922 6901
923 6902
924 6911
925 6913
926 6958
927 6974
928 6982
929 6986
930 7041
931 7047
932 7050
933 7051
934 7052
935 7056
936 7111
937 7117
938 7128
939 7140
940 7142
941 7154
942 7167
943 7169
944 7182
945 7187
946 7197
947 7207
948 7220
949 7240
950 7246
951 7248
952 7252
953 7255
954 7260
955 7266
956 7282
957 7285
958 7330
959 7348
960 7349
961 7375
962 7376
963 7378
964 7385
965 7395
966 7403
967 7407
968 7409
969 7424
970 7427
971 7433
972 7446
973 7456
974 7460
975 7484
976 7485
977 7492
978 7502
979 7507
980 7527
981 7542
982 7574
983 7584
984 7590
985 7596
986 7600
987 7612
988 7616
989 7625
990 7654
991 7656
992 7665
993 7667
994 7670
995 7675
996 7689
997 7692
998 7711
999 7712
1000 7743
1001 7768
1002 7786
1003 7787
1004 7795
1005 7835
1006 7870
1007 7896
1008 7902
1009 7911
1010 7913
1011 7920
1012 7924
1013 7927
1014 7951
1015 7963
1016 7964
1017 7986
1018 7993
1019 8007
1020 8014
1021 8029
1022 8048
1023 8060
1024 8061
1025 8066
1026 8075
1027 8082
1028 8090
1029 8116
1030 8131
1031 8137
1032 8142
1033 8154
1034 8160
1035 8163
1036 8169
1037 8170
1038 8202
1039 8223
1040 8226
1041 8234
1042 8236
1043 8257
1044 8260
1045 8262
1046 8310
1047 8318
1048 8338
1049 8345
1050 8348
1051 8350
1052 8435
1053 8449
1054 8492
1055 8494
1056 8496
1057 8520
1058 8521
1059 8533
1060 8546
1061 8554
1062 8556
1063 8563
1064 8564
1065 8570
1066 8571
1067 8579
1068 8582
1069 8589
1070 8607
1071 8609
1072 8616
1073 8626
1074 8687
1075 8713
1076 8736
1077 8737
1078 8753
1079 8758
1080 8774
1081 8790
1082 8797
1083 8820
1084 8821
1085 8824
1086 8841
1087 8850
1088 8854
1089 8857
1090 8868
1091 8869
1092 8885
1093 8889
1094 8895
1095 8901
1096 8916
1097 8923
1098 8940
1099 8945
1100 8981
1101 8983
1102 9015
1103 9018
1104 9023
1105 9030
1106 9031
1107 9044
1108 9052
1109 9058
1110 9062
1111 9070
1112 9075
1113 9077
1114 9082
1115 9083
1116 9101
1117 9126
1118 9129
1119 9131
1120 9142
1121 9167
1122 9173
1123 9174
1124 9181
1125 9190
1126 9192
1127 9199
1128 9205
1129 9243
1130 9244
1131 9267
1132 9290
1133 9296
1134 9318
1135 9347
1136 9355
1137 9357
1138 9359
1139 9371
1140 9397
1141 9409
1142 9412
1143 9422
1144 9437
1145 9438
1146 9444
1147 9460
1148 9480
1149 9481
1150 9484
1151 9502
1152 9521
1153 9525
1154 9529
1155 9541
1156 9542
1157 9564
1158 9594
1159 9604
1160 9606
1161 9617
1162 9624
1163 9643
1164 9662
1165 9672
1166 9676
1167 9684
1168 9719
1169 9748
1170 9749
1171 9780
1172 9784
1173 9786
1174 9787
1175 9845
1176 9867
1177 9873
1178 9886
1179 9887
1180 9897
1181 9903
1182 9920
1183 9921
1184 9927
1185 9934
1186 9935
1187 9939
1188 9942
1189 9960
1190 9965
1191 9966
1192 9970
1193 9974
1194 9993
1195 10001
1196 10024
1197 10027
1198 10048
1199 10050
1200 10052
1201 10068
1202 10087
1203 10098
1204 10100
1205 10113
1206 10138
1207 10148
1208 10158
1209 10195
1210 10196
1211 10207
1212 10226
1213 10236
1214 10261
1215 10262
1216 10289
1217 10293
1218 10304
1219 10319
1220 10334
1221 10335
1222 10336
1223 10340
1224 10342
1225 10347
1226 10352
1227 10379
1228 10408
1229 10414
1230 10422
1231 10435
1232 10447
1233 10448
1234 10454
1235 10455
1236 10456
1237 10468
1238 10475
1239 10480
1240 10490
1241 10517
1242 10522
1243 10549
1244 10579
1245 10598
1246 10612
1247 10613
1248 10615
1249 10635
1250 10642
1251 10646
1252 10651
1253 10652
1254 10657
1255 10660
1256 10696
1257 10712
1258 10725
1259 10755
1260 10762
1261 10786
1262 10788
1263 10811
1264 10821
1265 10833
1266 10881
1267 10887
1268 10889
1269 10892
1270 10896
1271 10905
1272 10909
1273 10915
1274 10938
1275 10941
1276 10965
1277 10983
1278 11000
1279 11012
1280 11013
1281 11050
1282 11053
1283 11062
1284 11076
1285 11083
1286 11088
1287 11091
1288 11118
1289 11120
1290 11133
1291 11152
1292 11157
1293 11176
1294 11205
1295 11212
1296 11213
1297 11220
1298 11227
1299 11275
1300 11320
1301 11326
1302 11361
1303 11364
1304 11368
1305 11389
1306 11408
1307 11449
1308 11452
1309 11459
1310 11471
1311 11484
1312 11527
1313 11529
1314 11547
1315 11582
1316 11588
1317 11625
1318 11631
1319 11632
1320 11633
1321 11637
1322 11645
1323 11657
1324 11659
1325 11668
1326 11686
1327 11696
1328 11701
1329 11707
1330 11708
1331 11712
1332 11740
1333 11751
1334 11757
1335 11785
1336 11818
1337 11821
1338 11827
1339 11831
1340 11833
1341 11835
1342 11869
1343 11890
1344 11930
1345 11933
1346 11943
1347 11945
1348 11952
1349 11987
1350 12014
1351 12019
1352 12023
1353 12041
1354 12053
1355 12068
1356 12094
1357 12097
1358 12117
1359 12136
1360 12151
1361 12185
1362 12204
1363 12214
1364 12226
1365 12234
1366 12240
1367 12245
1368 12250
1369 12262
1370 12291
1371 12312
1372 12349
1373 12350
1374 12377
1375 12382
1376 12393
1377 12395
1378 12396
1379 12398
1380 12408
1381 12436
1382 12447
1383 12475
1384 12478
1385 12495
1386 12502
1387 12513
1388 12533
1389 12563
1390 12572
1391 12592
1392 12606
1393 12613
1394 12619
1395 12623
1396 12649
1397 12655
1398 12669
1399 12696
1400 12720
1401 12727
1402 12729
1403 12736
1404 12762
1405 12765
1406 12781
1407 12787
1408 12793
1409 12798
1410 12808
1411 12810
1412 12813
1413 12874
1414 12878
1415 12884
1416 12906
1417 12907
1418 12909
1419 12910
1420 12934
1421 12951
1422 12957
1423 12958
1424 12980
1425 12981
1426 12998
1427 13000
1428 13016
1429 14018
1430 14050
1431 14065
1432 14073
1433 14076
1434 14079
1435 14087
1436 14089
1437 14091
1438 14095
1439 14098
1440 14105
1441 14134
1442 14164
1443 14182
1444 14198
1445 14202
1446 14204
1447 14214
1448 14215
1449 14223
1450 14233
1451 14234
1452 14250
1453 14263
1454 14275
1455 14279
1456 14285
1457 14292
1458 14320
1459 14337
1460 14400
1461 14414
1462 14443
1463 14445
1464 14454
1465 14459
1466 14473
1467 14474
1468 14494
1469 15528
1470 15559
1471 15576
1472 15584
1473 15606
1474 15615
1475 15629
1476 15638
1477 15672
1478 15684
1479 15693
1480 15699
1481 15702
1482 15735
1483 15741
1484 15742
1485 15764
1486 15766
1487 15797
1488 15825
1489 15828
1490 15830
1491 15849
1492 15901
1493 15911
1494 15919
1495 15933
1496 15934
1497 15942
1498 15963
1499 15996
1500 15997
1501 16004
1502 16015
1503 16035
1504 16043
1505 16064
1506 16077
1507 16107
1508 16114
1509 16115
1510 16133
1511 16140
1512 16191
1513 16211
1514 16222
1515 16229
1516 16272
1517 16281
1518 16283
1519 16334
1520 16359
1521 16383
1522 16387
1523 16409
1524 16421
1525 16427
1526 16432
1527 16434
1528 16435
1529 16458
1530 16459
1531 16464
1532 16493
1533 16520
1534 16571
1535 16576
1536 16581
1537 16591
1538 16617
1539 16630
1540 16652
1541 16660
1542 16668
1543 16672
1544 16689
1545 16690
1546 16691
1547 16713
1548 16714
1549 16725
1550 16731
1551 16767
1552 16770
1553 16773
1554 16776
1555 16785
1556 16794
1557 16802
1558 16829
1559 16842
1560 16843
1561 16853
1562 16871
1563 16872
1564 16878
1565 16919
1566 16941
1567 16962
1568 16982
1569 16995
1570 17026
1571 17068
1572 17133
1573 17173
1574 17198
1575 17201
1576 17204
1577 17215
1578 17249
1579 17264
1580 17308
1581 17311
1582 17320
1583 17322
1584 17324
1585 17338
1586 17341
1587 17361
1588 17374
1589 17427
1590 17441
1591 17489
1592 17497
1593 17504
1594 17516
1595 17547
1596 17556
1597 17565
1598 17581
1599 17584
1600 17607
1601 17609
1602 17623
1603 17645
1604 18685
1605 18693
1606 18720
1607 18721
1608 18740
1609 18764
1610 18778
1611 18788
1612 18800
1613 18815
1614 18824
1615 19841
1616 19853
1617 19857
1618 19872
1619 19898
1620 19917
1621 19925
1622 19945
1623 19950
1624 19976
1625 19979
1626 19980
1627 19991
1628 20003
1629 20032
1630 20059
1631 20071
1632 20094
1633 20114
1634 20116
1635 20148
1636 20155
1637 20164
1638 20168
1639 20170
1640 20178
1641 20190
1642 20235
1643 20250
1644 20263
1645 20267
1646 20270
1647 20281
1648 20311
1649 20327
1650 20330
1651 20335
1652 20378
1653 20391
1654 20409
1655 20427
1656 20455
1657 20467
1658 20533
1659 20545
1660 20557
1661 20564
1662 20572
1663 20590
1664 20592
1665 20599
1666 20633
1667 20667
1668 20669
1669 20695
1670 20703
1671 20715
1672 20747
1673 20774
1674 20778
1675 20779
1676 20782
1677 20794
1678 20810
1679 20835
1680 20841
1681 20842
1682 20848
1683 20871
1684 20884
1685 20898
1686 20899
1687 20906
1688 20907
1689 20947
1690 20954
1691 20967
1692 20973
1693 20985
1694 21006
1695 21017
1696 21049
1697 21068
1698 21102
1699 21108
1700 21115
1701 21123
1702 21133
1703 21144
1704 21146
1705 21155
1706 21160
1707 21169
1708 21218
1709 21248
1710 21253
1711 21256
1712 21270
1713 21299
1714 21308
1715 21330
1716 21337
1717 21341
1718 21361
1719 21363
1720 21374
1721 21386
1722 21420
1723 21432
1724 21436
1725 21441
1726 21487
1727 21495
1728 21529
1729 21546
1730 21549
1731 21600
1732 21613
1733 21626
1734 21692
1735 21712
1736 21733
1737 21737
1738 21741
1739 21742
1740 21754
1741 21817
1742 21843
1743 21904
1744 21920
1745 21942
1746 21944
1747 21963
1748 21994
1749 22023
1750 22131
1751 22138
1752 22140
1753 22148
1754 22150
1755 22157
1756 22182
1757 22185
1758 22207
1759 22212
1760 22227
1761 22229
1762 22239
1763 22254
1764 22278
1765 22285
1766 22302
1767 22316
1768 22320
1769 22334
1770 22354
1771 22358
1772 22360
1773 22365
1774 22375
1775 22381
1776 22387
1777 22399
1778 22406
1779 22412
1780 22423
1781 22463
1782 22494
1783 22498
1784 22560
1785 22570
1786 22596
1787 22623
1788 22626
1789 22637
1790 22643
1791 22646
1792 22692
1793 22698
1794 22717
1795 22720
1796 22725
1797 22727
1798 22749
1799 22770
1800 22786
1801 22810
1802 22812
1803 22829
1804 22830
1805 22834
1806 22870
1807 22892
1808 22897
1809 22908
1810 22916
1811 22927
1812 22943
1813 22964
1814 22998
1815 23008
1816 23013
1817 23016
1818 23029
1819 23031
1820 23056
1821 23065
1822 23107
1823 23119
1824 23131
1825 23134
1826 23158
1827 23161
1828 23172
1829 23179
1830 23202
1831 23253
1832 23272
1833 23278
1834 23290
1835 23300
1836 23328
1837 23339
1838 23352
1839 23389
1840 23431
1841 23473
1842 23492
1843 23515
1844 23517
1845 23551
1846 23559
1847 23564
1848 23635
1849 23639
1850 23641
1851 23651
1852 23660
1853 23677
1854 23679
1855 23730
1856 23741
1857 23742
1858 23752
1859 23754
1860 23785
1861 23788
1862 23816
1863 23873
1864 23886
1865 23898
1866 23937
1867 23941
1868 23975
1869 23984
1870 24018
1871 24038
1872 24042
1873 24066
1874 24089
1875 24093
1876 24116
1877 24124
1878 24138
1879 24140
1880 24142
1881 24156
1882 24157
1883 24233
1884 24234
1885 24237
1886 24285
1887 24302
1888 24314
1889 24452
1890 24460
1891 24470
1892 24471
1893 24476
1894 24495
1895 24498
1896 24502
1897 24526
1898 24571
1899 24594
1900 24610
1901 24619
1902 24653
1903 24678
1904 24683
1905 24689
1906 24705
1907 24719
1908 24721
1909 24738
1910 24773
1911 24774
1912 24791
1913 24812
1914 24864
1915 24873
1916 24913
1917 24946
1918 24978
1919 24983
1920 25069
1921 25089
1922 25102
1923 25151
1924 25167
1925 25175
1926 25176
1927 25228
1928 25264
1929 25289
1930 25299
1931 25301
1932 25319
1933 25343
1934 25349
1935 25352
1936 25354
1937 25385
1938 25403
1939 25420
1940 25462
1941 25464
1942 25504
1943 25508
1944 25512
1945 25568
1946 25572
1947 25575
1948 25589
1949 25606
1950 25617
1951 25620
1952 25627
1953 25629
1954 25644
1955 25664
1956 25671
1957 25680
1958 25697
1959 25701
1960 25729
1961 25735
1962 25750
1963 25793
1964 25794
1965 25814
1966 25843
1967 25851
1968 25861
1969 25894
1970 25907
1971 25908
1972 25925
1973 25932
1974 25957
1975 25980
1976 25999
1977 26026
1978 26033
1979 26044
1980 26061
1981 26062
1982 26063
1983 26071
1984 26074
1985 26076
1986 26098
1987 26122
1988 26127
1989 26129
1990 26140
1991 26143
1992 26169
1993 26181
1994 26191
1995 26219
1996 26239
1997 26243
1998 26263
1999 26264
2000 26275
2001 26322
2002 26345
2003 26357
2004 26363
2005 26410
2006 26415
2007 26416
2008 26418
2009 26419
2010 26429
2011 26437
2012 26438
2013 26499
2014 26502
2015 26505
2016 26539
2017 26545
2018 26597
2019 26600
2020 26630
2021 26633
2022 26664
2023 26665
2024 26686
2025 26687
2026 26690
2027 26704
2028 26708
2029 26791
2030 26803
2031 26804
2032 26827
2033 26834
2034 26847
2035 26857
2036 26864
2037 26866
2038 26875
2039 26911
2040 26918
2041 26930
2042 26932
2043 26955
2044 26969
2045 26979
2046 27005
2047 27043
2048 27045
2049 27048
2050 27052
2051 27064
2052 27080
2053 27103
2054 27112
2055 27120
2056 27123
2057 27136
2058 27209
2059 27216
2060 27232
2061 27244
2062 27265
2063 27276
2064 27278
2065 27279
2066 27291
2067 27310
2068 27367
2069 27370
2070 27384
2071 27395
2072 27396
2073 27411
2074 27454
2075 27456
2076 27481
2077 27489
2078 27500
2079 27542
2080 27546
2081 27574
2082 27649
2083 27653
2084 27660
2085 27661
2086 27680
2087 27714
2088 27732
2089 27746
2090 27750
2091 27753
2092 27826
2093 27858
2094 27862
2095 27882
2096 27884
2097 27898
2098 27934
2099 28050
2100 28080
2101 28084
2102 28092
2103 28097
2104 28107
2105 28118
2106 28137
2107 28145
2108 28147
2109 28160
2110 28161
2111 28172
2112 28197
2113 28227
2114 28244
2115 28258
2116 28265
2117 28299
2118 28359
2119 28410
2120 28464
2121 28468
2122 28496
2123 28512
2124 28523
2125 28524
2126 28544
2127 28546
2128 28646
2129 28745
2130 28768
2131 28823
2132 28853
2133 28890
2134 28919
2135 28924
2136 28934
2137 28936
2138 28940
2139 28952
2140 28954
2141 28958
2142 28965
2143 28967
2144 29011
2145 29018
2146 29019
2147 29074
2148 29118
2149 29157
2150 29174
2151 29177
2152 29183
2153 29184
2154 29202
2155 29216
2156 29315
2157 29377
2158 29392
2159 29419
2160 29446
2161 29453
2162 29454
2163 29483
2164 29532
2165 29541
2166 29576
2167 29580
2168 29599
2169 29616
2170 29621
2171 29639
2172 29660
2173 29669
2174 29680
2175 29687
2176 29726
2177 29733
2178 29735
2179 29747
2180 29759
2181 29762
2182 29769
2183 29794
2184 29846
2185 29849
2186 29865
2187 29866
2188 29899
2189 29924
2190 29933
2191 29944
2192 29972
2193 29978
2194 29985
2195 30005
2196 30051
2197 30124
2198 30136
2199 30146
2200 30162
2201 30173
2202 30175
2203 30181
2204 30185
2205 30212
2206 30217
2207 30245
2208 30246
2209 30247
2210 30276
2211 30288
2212 30317
2213 30329
2214 30365
2215 30370
2216 30402
2217 30440
2218 30462
2219 30466
2220 30475
2221 30522
2222 30604
2223 30667
2224 30695
2225 30712
2226 30717
2227 30736
2228 30795
2229 30818
2230 30833
2231 30838
2232 30844
2233 30887
2234 30901
2235 30918
2236 30922
2237 30968
2238 31078
2239 31119
2240 31129
2241 31144
2242 31183
2243 31227
2244 31231
2245 31264
2246 31302
2247 31312
2248 31316
2249 31335
2250 31337
2251 31340
2252 31381
2253 31422
2254 31450
2255 31496
2256 31523
2257 31572
2258 31585
2259 31604
2260 31632
2261 31635
2262 31637
2263 31680
2264 31729
2265 31732
2266 31748
2267 31775
2268 31782
2269 31784
2270 31790
2271 31895
2272 31934
2273 31961
2274 31965
2275 31984
2276 32023
2277 32045
2278 32050
2279 32076
2280 32109
2281 32135
2282 32149
2283 32163
2284 32168
2285 32169
2286 32185
2287 32210
2288 32222
2289 32228
2290 32245
2291 32271
2292 32287
2293 32349
2294 32410
2295 32426
2296 33504
2297 33512
2298 33539
2299 33635
2300 33768
2301 33807
2302 33849
2303 33880
2304 33922
2305 33968
2306 33986
2307 34002
2308 34003
2309 34039
2310 34167
2311 34182
2312 34193
2313 34207
2314 34219
2315 34264
2316 34274
2317 34296
2318 34302
2319 34304
2320 34308
2321 34342
2322 34382
2323 34393
2324 34394
2325 34427
2326 34445
2327 34470
2328 34499
2329 34521
2330 34618
2331 34628
2332 34641
2333 34648
2334 34649
2335 34663
2336 34669
2337 34681
2338 34793
2339 34803
2340 34823
2341 34840
2342 34934
2343 34937
2344 34990
2345 34991
2346 34995
2347 35006
2348 35024
2349 35083
2350 35100
2351 35120
2352 35123
2353 35143
2354 35157
2355 35167
2356 35190
2357 35220
2358 35224
2359 35268
2360 35287
2361 35297
2362 35305
2363 35311
2364 35340
2365 35354
2366 35399
2367 35403
2368 35445
2369 35477
2370 35595
2371 35615
2372 35652
2373 35699
2374 35734
2375 35736
2376 35821
2377 35837
2378 35879
2379 35887
2380 35891
2381 35922
2382 35929
2383 35944
2384 35948
2385 35952
2386 35964
2387 35968
2388 35991
2389 35997
2390 35998
2391 36025
2392 36028
2393 36046
2394 36047
2395 36095
2396 36121
2397 36158
2398 36188
2399 36194
2400 36209
2401 36235
2402 36246
2403 36248
2404 36302
2405 36360
2406 36384
2407 36385
2408 36458
2409 36474
2410 36502
2411 36544
2412 36559
2413 36562
2414 36574
2415 36589
2416 36604
2417 36632
2418 36695
2419 36709
2420 36744
2421 36746
2422 36758
2423 36793
2424 36851
2425 36863
2426 36923
2427 36935
2428 36941
2429 36952
2430 36966
2431 36978
2432 37028
2433 37033
2434 37035
2435 37042
2436 37050
2437 37070
2438 37085
2439 37102
2440 37134
2441 37161
2442 37176
2443 37179
2444 37182
2445 37236
2446 37273
2447 37286
2448 37297
2449 37339
2450 37350
2451 37364
2452 37390
2453 37440
2454 37452
2455 37496
2456 37510
2457 37513
2458 37548
2459 37556
2460 37562
2461 37573
2462 37582
2463 37607
2464 37626
2465 37630
2466 37632
2467 37633
2468 37640
2469 37643
2470 37677
2471 37731
2472 37739
2473 37751
2474 37752
2475 37758
2476 37759
2477 37779
2478 37789
2479 37812
2480 37816
2481 37861
2482 37911
2483 37945
2484 37989
2485 38010
2486 38055
2487 38069
2488 38111
2489 38159
2490 38216
2491 38222
2492 38231
2493 38236
2494 38242
2495 38259
2496 38294
2497 38302
2498 38409
2499 38424
2500 38438
2501 38453
2502 38454
2503 38497
2504 38551
2505 38593
2506 38601
2507 38613
2508 38625
2509 38634
2510 38635
2511 38666
2512 38674
2513 38675
2514 38684
2515 38746
2516 38781
2517 38828
2518 38861
2519 38865
2520 38873
2521 40020
2522 40021
2523 40023
2524 40110
2525 40164
2526 40168
2527 40173
2528 40229
2529 40253
2530 40266
2531 40278
2532 40282
2533 40289
2534 40292
2535 40342
2536 40349
2537 40353
2538 40357
2539 40358
2540 40365
2541 40371
2542 40382
2543 40394
2544 40408
2545 40441
2546 40456
2547 40492
2548 40545
2549 40560
2550 40580
2551 40591
2552 40606
2553 40614
2554 40621
2555 40644
2556 40667
2557 40669
2558 40681
2559 40686
2560 40688
2561 40726
2562 40737
2563 40759
2564 40777
2565 40829
2566 40832
2567 40840
2568 40847
2569 40854
2570 40876
2571 40930
2572 40945
2573 40993
2574 41007
2575 41008
2576 41010
2577 41066
2578 41072
2579 41078
2580 41092
2581 41110
2582 41122
2583 41129
2584 41147
2585 41158
2586 41178
2587 41250
2588 41263
2589 41278
2590 41314
2591 41376
2592 41422
2593 41448
2594 41462
2595 41566
2596 41592
2597 41615
2598 41634
2599 41637
2600 41676
2601 41680
2602 41682
2603 41704
2604 41712
2605 41729
2606 41757
2607 41771
2608 41799
2609 41833
2610 41857
2611 41858
2612 41898
2613 41953
2614 41957
2615 41996
2616 41998
2617 42036
2618 42047
2619 42070
2620 42116
2621 42117
2622 42136
2623 42143
2624 42187
2625 42293
2626 42299
2627 42300
2628 42305
2629 42309
2630 42327
2631 42337
2632 42377
2633 42420
2634 42453
2635 42480
2636 42491
2637 42495
2638 42514
2639 42532
2640 42537
2641 42548
2642 42562
2643 42591
2644 42618
2645 42637
2646 42641
2647 42650
2648 42664
2649 42704
2650 42743
2651 42771
2652 42794
2653 42843
2654 42887
2655 42892
2656 42937
2657 42975
2658 42982
2659 42999
2660 43055
2661 43062
2662 43072
2663 43101
2664 43102
2665 43105
2666 43129
2667 43164
2668 43177
2669 43188
2670 43294
2671 43321
2672 43331
2673 43351
2674 43360
2675 43362
2676 43364
2677 43402
2678 43412
2679 43488
2680 43495
2681 43515
2682 43575
2683 43588
2684 43591
2685 43607
2686 43610
2687 43698
2688 43712
2689 43728
2690 43734
2691 43783
2692 43793
2693 43847
2694 43889
2695 43897
2696 43905
2697 43919
2698 43962
2699 43987
2700 44013
2701 44018
2702 44025
2703 44026
2704 44033
2705 44034
2706 44119
2707 44126
2708 44169
2709 44176
2710 44205
2711 44216
2712 44239
2713 44257
2714 44301
2715 44338
2716 44346
2717 44364
2718 44498
2719 44499
2720 44513
2721 44516
2722 44557
2723 44558
2724 44576
2725 44612
2726 44629
2727 44709
2728 44807
2729 44822
2730 44881
2731 44900
2732 44952
2733 44984
2734 45019
2735 45023
2736 45031
2737 45039
2738 45075
2739 45095
2740 45100
2741 45117
2742 45125
2743 45164
2744 45177
2745 45186
2746 45218
2747 45221
2748 45232
2749 45246
2750 45253
2751 45267
2752 45292
2753 45306
2754 45384
2755 45414
2756 45447
2757 45467
2758 45476
2759 45504
2760 45533
2761 45539
2762 45557
2763 45586
2764 45613
2765 45624
2766 45627
2767 45640
2768 45649
2769 45664
2770 45672
2771 45688
2772 45693
2773 45702
2774 45708
2775 45728
2776 45735
2777 45770
2778 45776
2779 45784
2780 45786
2781 45801
2782 45821
2783 45828
2784 45835
2785 45837
2786 45854
2787 45874
2788 45907
2789 45916
2790 45927
2791 45932
2792 45944
2793 46012
2794 46037
2795 46051
2796 46059
2797 46147
2798 46162
2799 46199
2800 46211
2801 46227
2802 46233
2803 46239
2804 46251
2805 46291
2806 46304
2807 46310
2808 46365
2809 46396
2810 46399
2811 46415
2812 46416
2813 46450
2814 46455
2815 46464
2816 46485
2817 46486
2818 46512
2819 46522
2820 46530
2821 46542
2822 46585
2823 46602
2824 46604
2825 46643
2826 46698
2827 46707
2828 46708
2829 46712
2830 46728
2831 46740
2832 46757
2833 46758
2834 46790
2835 46809
2836 46853
2837 46859
2838 46862
2839 46863
2840 46869
2841 46900
2842 46926
2843 46995
2844 47033
2845 47091
2846 47126
2847 47252
2848 47293
2849 47304
2850 47309
2851 47311
2852 47332
2853 47351
2854 47353
2855 47360
2856 47373
2857 47432
2858 47467
2859 47472
2860 47486
2861 47489
2862 47511
2863 47559
2864 47594
2865 47634
2866 48651
2867 48655
2868 48657
2869 48733
2870 48740
2871 48745
2872 48770
2873 48784
2874 48802
2875 48841
2876 48856
2877 48881
2878 48885
2879 48918
2880 48952
2881 48989
2882 49019
2883 49022
2884 49024
2885 49026
2886 49040
2887 49054
2888 49074
2889 49105
2890 49125
2891 49126
2892 49135
2893 50154
2894 50207
2895 50227
2896 50322
2897 50419
2898 50465
2899 50480
2900 50493
2901 50509
2902 50515
2903 50535
2904 50546
2905 50559
2906 50583
2907 50622
2908 50647
2909 50694
2910 50696
2911 50703
2912 50712
2913 50745
2914 50761
2915 50764
2916 50770
2917 50809
2918 51843
2919 51873
2920 51889
2921 51896
2922 51930
2923 51934
2924 51948
2925 51950
2926 51970
2927 51971
2928 51979
2929 51988
2930 51990
2931 51992
2932 51994
2933 52036
2934 52072
2935 52082
2936 52088
2937 52111
2938 52112
2939 52126
2940 52149
2941 52161
2942 52195
2943 52234
2944 52261
2945 52290
2946 52294
2947 52318
2948 52332
2949 52394
2950 52406
2951 52459
2952 52514
2953 52521
2954 52543
2955 52555
2956 52569
2957 52575
2958 52580
2959 52583
2960 52647
2961 52648
2962 52655
2963 52668
2964 52682
2965 52691
2966 52719
2967 52728
2968 52741
2969 52768
2970 52772
2971 52787
2972 52805
2973 52853
2974 52897
2975 52914
2976 52959
2977 52962
2978 52988
2979 52996
2980 53021
2981 53026
2982 53030
2983 53057
2984 53062
2985 53077
2986 53083
2987 53098
2988 53113
2989 53172
2990 53173
2991 53175
2992 55225
2993 55261
2994 55264
2995 55303
2996 55327
2997 55341
2998 55421
2999 55446
3000 55484
3001 55503
3002 55547
3003 55597
3004 55610
3005 55621
3006 55657
3007 55662
3008 55675
3009 55689
3010 55703
3011 55707
3012 55751
3013 55770
3014 55790
3015 55791
3016 55800
3017 55845
3018 55856
3019 55893
3020 55909
3021 55921
3022 55930
3023 55932
3024 55945
3025 55949
3026 55969
3027 55970
3028 55991
3029 56008
3030 56073
3031 56119
3032 56184
3033 56188
3034 56220
3035 56263
3036 56293
3037 56299
3038 56308
3039 56321
3040 56326
3041 56328
3042 56364
3043 56376
3044 56424
3045 56452
3046 56485
3047 56511
3048 56515
3049 56553
3050 56565
3051 56571
3052 56578
3053 56599
3054 56606
3055 56699
3056 56770
3057 56807
3058 56871
3059 56872
3060 56876
3061 56924
3062 56925
3063 56926
3064 56960
3065 56987
3066 56997
3067 57069
3068 57074
3069 57075
3070 57094
3071 57116
3072 57146
3073 57154
3074 57157
3075 57184
3076 57217
3077 57218
3078 57243
3079 57252
3080 57285
3081 57291
3082 57303
3083 57317
3084 57376
3085 57422
3086 57434
3087 57491
3088 57517
3089 57584
3090 57595
3091 57604
3092 57610
3093 57640
3094 57649
3095 57666
3096 57670
3097 57676
3098 57777
3099 57780
3100 57797
3101 57823
3102 57824
3103 57834
3104 57847
3105 57855
3106 57866
3107 57915
3108 57925
3109 57940
3110 57943
3111 57948
3112 57961
3113 57983
3114 57998
3115 58009
3116 58059
3117 58069
3118 58081
3119 58082
3120 58110
3121 58132
3122 58147
3123 58152
3124 58193
3125 58230
3126 58234
3127 58292
3128 58316
3129 58319
3130 58326
3131 58329
3132 58338
3133 58348
3134 58382
3135 58401
3136 58442
3137 58448
3138 58482
3139 58490
3140 58569
3141 58602
3142 58642
3143 58651
3144 58692
3145 58723
3146 58801
3147 58867
3148 58877
3149 58900
3150 58928
3151 58937
3152 58975
3153 58997
3154 59003
3155 59022
3156 59023
3157 59027
3158 59052
3159 59058
3160 59139
3161 59151
3162 59154
3163 59161
3164 59186
3165 59208
3166 59215
3167 59234
3168 59258
3169 59273
3170 59281
3171 59284
3172 59307
3173 59322
3174 59346
3175 59406
3176 59437
3177 59444
3178 59523
3179 59527
3180 59623
3181 59626
3182 59644
3183 59673
3184 59724
3185 59729
3186 59805
3187 59836
3188 59863
3189 59897
3190 59948
3191 59949
3192 59953
3193 59964
3194 59969
3195 59991
3196 59993
3197 59998
3198 60032
3199 60046
3200 60080
3201 60107
3202 60201
3203 60210
3204 60212
3205 60228
3206 60251
3207 60346
3208 60433
3209 60472
3210 60530
3211 60628
3212 60644
3213 60646
3214 60658
3215 60667
3216 60683
3217 60700
3218 60766
3219 60842
3220 60857
3221 60872
3222 60891
3223 60906
3224 61930
3225 61948
3226 61964
3227 61966
3228 62045
3229 62091
3230 62094
3231 62116
3232 62173
3233 62211
3234 62295
3235 62297
3236 62310
3237 62326
3238 62434
3239 62489
3240 62519
3241 62605
3242 62651
3243 62661
3244 62689
3245 62726
3246 62730
3247 62755
3248 62834
3249 62835
3250 62859
3251 62862
3252 62868
3253 62872
3254 62952
3255 62965
3256 62989
3257 63002
3258 63023
3259 63055
3260 63057
3261 63067
3262 63097
3263 63240
3264 63248
3265 63250
3266 63260
3267 63290
3268 63383
3269 63384
3270 63388
3271 63394
3272 63410
3273 63420
3274 63438
3275 63445
3276 63448
3277 63517
3278 63533
3279 63535
3280 63547
3281 63637
3282 63672
3283 63690
3284 63691
3285 63694
3286 63698
3287 63717
3288 63767
3289 63776
3290 63794
3291 63797
3292 63798
3293 63818
3294 63858
3295 63882
3296 63886
3297 63960
3298 63983
3299 63994
3300 64003
3301 64025
3302 64082
3303 64108
3304 64157
3305 64166
3306 64170
3307 64268
3308 64286
3309 64329
3310 64348
3311 64360
3312 64376
3313 64473
3314 64574
3315 64603
3316 64624
3317 64673
3318 64695
3319 64747
3320 64864
3321 64865
3322 64874
3323 64880
3324 64951
3325 65015
3326 65035
3327 65055
3328 65074
3329 65076
3330 65081
3331 65110
3332 65140
3333 65159
3334 65161
3335 65166
3336 65173
3337 65221
3338 65242
3339 65263
3340 65290
3341 65332
3342 65373
3343 65526
3344 65572
3345 65588
3346 65616
3347 65617
3348 65672
3349 65706
3350 65708
3351 65722
3352 65728
3353 65771
3354 65773
3355 65780
3356 65802
3357 65811
3358 65823
3359 65837
3360 65843
3361 65873
3362 66015
3363 66041
3364 66086
3365 66152
3366 66165
3367 66167
3368 66174
3369 66180
3370 66201
3371 66272
3372 66275
3373 66313
3374 66350
3375 66376
3376 66378
3377 66395
3378 66442
3379 66500
3380 66515
3381 67531
3382 67614
3383 67627
3384 67685
3385 67710
3386 67712
3387 67726
3388 67774
3389 67825
3390 67833
3391 67846
3392 67847
3393 67907
3394 67949
3395 67953
3396 67976
3397 67977
3398 67987
3399 68030
3400 68067
3401 68079
3402 68136
3403 68137
3404 68179
3405 68181
3406 68194
3407 68216
3408 68278
3409 68279
3410 68335
3411 68410
3412 68416
3413 68497
3414 68532
3415 68549
3416 68592
3417 68611
3418 68620
3419 68645
3420 68673
3421 68712
3422 68743
3423 68836
3424 68860
3425 68904
3426 68909
3427 68919
3428 68943
3429 68948
3430 68965
3431 68969
3432 68979
3433 69031
3434 69098
3435 69118
3436 69145
3437 70192
3438 70204
3439 70207
3440 70239
3441 70242
3442 70245
3443 70256
3444 70289
3445 70293
3446 70333
3447 70392
3448 70429
3449 70454
3450 70460
3451 70545
3452 70551
3453 70582
3454 70604
3455 70633
3456 70701
3457 70710
3458 70779
3459 70842
3460 70891
3461 70897
3462 70958
3463 71122
3464 71145
3465 71247
3466 71292
3467 71328
3468 71341
3469 71344
3470 71407
3471 71421
3472 71429
3473 71434
3474 71440
3475 71514
3476 71618
3477 71627
3478 71740
3479 71773
3480 71784
3481 71793
3482 71860
3483 71862
3484 71868
3485 71894
3486 71897
3487 71990
3488 72027
3489 72043
3490 72047
3491 72068
3492 72125
3493 72139
3494 72171
3495 72204
3496 72219
3497 72228
3498 72299
3499 72314
3500 72459
3501 72487
3502 72649
3503 72659
3504 72766
3505 72875
3506 72900
3507 73010
3508 73020
3509 73081
3510 73136
3511 73164
3512 73206
3513 73214
3514 73243
3515 73353
3516 73380
3517 73381
3518 73455
3519 73458
3520 73478
3521 73490
3522 73626
3523 73635
3524 73685
3525 73720
3526 73762
3527 73798
3528 73802
3529 73804
3530 73809
3531 73864
3532 73900
3533 74039
3534 74040
3535 74053
3536 74069
3537 74105
3538 74241
3539 74272
3540 74314
3541 74387
3542 74393
3543 74427
3544 74432
3545 74451
3546 74499
3547 74534
3548 74564
3549 74575
3550 74626
3551 74685
3552 74717
3553 74720
3554 74763
3555 74807
3556 74850
3557 74879
3558 74909
3559 74944
3560 75038
3561 75057
3562 75085
3563 75297
3564 75333
3565 75365
3566 75387
3567 75397
3568 75502
3569 75518
3570 75567
3571 75600
3572 75621
3573 75628
3574 75633
3575 75679
3576 75706
3577 75777
3578 75821
3579 75876
3580 75882
3581 75916
3582 75925
3583 75937
3584 76054
3585 76162
3586 76233
3587 76263
3588 76347
3589 76357
3590 76396
3591 76405
3592 76428
3593 76503
3594 76573
3595 76589
3596 76595
3597 76597
3598 76619
3599 76666
3600 76704
3601 76807
3602 76815
3603 76820
3604 76830
3605 76885
3606 76892
3607 76931
3608 76984
3609 76986
3610 77010
3611 77089
3612 77091
3613 77102
3614 77111
3615 77208
3616 77210
3617 77255
3618 77310
3619 77326
3620 77364
3621 77368
3622 77435
3623 77446
3624 77452
3625 77475
3626 77476
3627 77496
3628 77505
3629 77542
3630 77592
3631 77669
3632 77679
3633 77703
3634 77733
3635 77737
3636 77741
3637 77786
3638 77809
3639 77814
3640 77928
3641 77980
3642 78070
3643 78108
3644 78180
3645 78194
3646 78226
3647 78230
3648 78254
3649 78259
3650 78466
3651 78574
3652 78631
3653 78672
3654 78739
3655 78757
3656 78761
3657 78762
3658 78776
3659 78810
3660 78813
3661 78842
3662 78868
3663 78919
3664 78942
3665 78948
3666 78980
3667 79000
3668 79039
3669 79199
3670 79212
3671 79217
3672 79368
3673 79371
3674 79423
3675 79444
3676 79485
3677 80594
3678 80618
3679 80640
3680 80649
3681 80673
3682 80687
3683 80706
3684 80714
3685 80818
3686 80878
3687 81003
3688 81048
3689 81133
3690 81146
3691 81224
3692 81236
3693 81273
3694 81321
3695 81328
3696 81330
3697 81351
3698 81404
3699 81419
3700 81524
3701 81625
3702 81683
3703 81757
3704 81804
3705 81812
3706 81818
3707 81917
3708 81952
3709 82010
3710 82079
3711 82228
3712 82301
3713 82339
3714 82377
3715 82473
3716 82480
3717 82528
3718 82553
3719 82554
3720 82646
3721 82685
3722 82747
3723 82798
3724 82819
3725 82919
3726 82958
3727 83042
3728 83172
3729 83267
3730 83275
3731 83336
3732 83380
3733 83398
3734 83405
3735 83408
3736 83425
3737 83476
3738 83478
3739 83501
3740 83545
3741 83591
3742 83663
3743 83711
3744 83721
3745 83735
3746 83802
3747 83835
3748 83931
3749 83988
3750 84017
3751 84086
3752 84150
3753 84305
3754 84334
3755 84488
3756 84517
3757 84696
3758 84895
3759 84966
3760 84967
3761 84975
3762 84977
3763 85056
3764 85068
3765 85132
3766 85267
3767 85324
3768 85391
3769 85397
3770 85443
3771 85515
3772 85645
3773 85677
3774 85736
3775 85785
3776 85964
3777 85967
3778 85970
3779 86051
3780 86073
3781 86076
3782 86222
3783 86230
3784 86244
3785 86340
3786 86355
3787 86411
3788 86431
3789 86496
3790 86603
3791 86619
3792 86722
3793 86759
3794 86769
3795 86781
3796 86804
3797 86812
3798 86822
3799 86846
3800 86889
3801 86917
3802 86981
3803 86998
3804 87190
3805 87355
3806 87457
3807 87483
3808 87600
3809 87602
3810 87611
3811 87624
3812 87635
3813 87676
3814 87710
3815 87725
3816 87728
3817 88871
3818 88885
3819 88899
3820 89073
3821 89080
3822 89119
3823 89140
3824 89161
3825 89167
3826 89220
3827 89260
3828 89318
3829 89329
3830 89386
3831 89391
3832 89403
3833 89415
3834 89504
3835 89597
3836 89689
3837 89783
3838 89784
3839 89797
3840 89839
3841 89877
3842 89965
3843 89996
3844 90023
3845 90098
3846 90152
3847 90248
3848 90283
3849 90326
3850 90355
3851 90383
3852 90415
3853 90491
3854 90492
3855 90568
3856 90693
3857 90744
3858 90886
3859 90887
3860 90893
3861 91948
3862 92058
3863 92085
3864 92233
3865 92262
3866 92265
3867 92343
3868 92346
3869 92400
3870 92490
3871 92494
3872 92555
3873 92630
3874 92665
3875 92700
3876 92744
3877 92817
3878 92883
3879 92956
3880 92981
3881 93009
3882 93022
3883 93054
3884 93124
3885 93192
3886 93237
3887 93280
3888 93423
3889 93451
3890 93522
3891 93530
3892 93604
3893 93711
3894 93715
3895 93729
3896 93749
3897 93764
3898 93982
3899 94009
3900 94020
3901 94031
3902 94041
3903 94109
3904 94257
3905 94260
3906 94322
3907 94350
3908 94353
3909 94409
3910 94702
3911 94761
3912 94771
3913 94772
3914 94945
3915 94972
3916 95108
3917 95114
3918 95149
3919 95184
3920 95207
3921 95248
3922 95440
3923 95503
3924 95576
3925 95629
3926 95688
3927 95830
3928 95956
3929 95976
3930 96054
3931 96157
3932 96173
3933 96218
3934 96240
3935 96416
3936 96425
3937 96435
3938 96453
3939 96487
3940 96494
3941 96592
3942 96636
3943 96675
3944 96749
3945 96973
3946 97132
3947 97161
3948 97235
3949 97397
3950 97616
3951 97690
3952 97775
3953 97792
3954 97831
3955 97890
3956 97957
3957 97960
3958 97979
3959 98011
3960 98027
3961 98041
3962 98068
3963 98263
3964 98308
3965 98358
3966 98414
3967 98513
3968 98561
3969 98596
3970 98634
3971 98688
3972 98739
3973 98793
3974 98822
3975 98940
3976 99023
3977 99071
3978 99145
3979 99217
3980 99226
3981 99277
3982 99285
3983 99363
3984 99370
3985 99386
3986 99403
3987 99505
3988 99567
3989 99654
3990 99740
3991 99855
3992 99913
3993 99922
3994 99943
3995 100018
3996 100026
3997 100052
3998 100142
3999 100281
4000 100321
4001 100426
4002 100459
4003 100527
4004 100529
4005 100556
4006 100640
4007 100776
4008 100917
4009 101134
4010 101188
4011 101243
4012 101257
4013 101270
4014 101298
4015 101312
4016 101320
4017 101386
4018 101479
4019 101555
4020 101572
4021 101660
4022 101770
4023 101785
4024 101864
4025 101867
4026 101892
4027 101908
4028 101916
4029 101954
4030 101965
4031 101968
4032 101986
4033 102008
4034 102117
4035 102170
4036 102232
4037 102243
4038 102285
4039 102308
4040 102349
4041 102490
4042 102546
4043 102550
4044 102639
4045 102725
4046 102936
4047 102947
4048 103041
4049 103303
4050 103346
4051 103470
4052 103481
4053 103560
4054 103631
4055 103729
4056 103983
4057 103999
4058 104019
4059 104248
4060 104419
4061 104481
4062 104551
4063 104567
4064 104635
4065 104639
4066 104696
4067 104713
4068 104866
4069 104964
4070 105005
4071 105078
4072 105136
4073 105169
4074 105275
4075 105352
4076 105413
4077 105421
4078 105445
4079 105460
4080 105534
4081 105620
4082 105637
4083 105655
4084 105680
4085 105689
4086 105719
4087 105751
4088 105888
4089 105895
4090 105907
4091 105987
4092 106192
4093 106205
4094 106260
4095 106330
4096 106477
4097 106487
4098 106502
4099 106504
4100 106526
4101 106620
4102 106707
4103 106713
4104 106736
4105 106745
4106 106752
4107 106905
4108 106939
4109 106977
4110 106990
4111 107007
4112 107029
4113 107112
4114 107153
4115 107160
4116 107200
4117 107211
4118 108333
4119 108414
4120 108473
4121 108533
4122 108554
4123 108612
4124 108664
4125 108778
4126 108789
4127 108906
4128 108987
4129 109123
4130 109254
4131 109276
4132 109338
4133 109357
4134 109388
4135 109657
4136 109683
4137 109742
4138 109849
4139 109899
4140 109928
4141 109968
4142 109996
4143 110116
4144 110166
4145 110311
4146 110417
4147 110443
4148 110509
4149 110669
4150 110700
4151 110708
4152 110719
4153 110744
4154 110781
4155 110834
4156 110929
4157 111055
4158 111056
4159 111067
4160 111173
4161 111476
4162 111505
4163 111525
4164 111561
4165 111581
4166 111661
4167 111670
4168 111697
4169 111712
4170 111915
4171 111925
4172 111951
4173 111969
4174 112041
4175 112051
4176 112190
4177 112205
4178 112207
4179 112257
4180 112259
4181 112310
4182 112507
4183 112909
4184 113085
4185 113134
4186 113242
4187 113313
4188 113338
4189 113350
4190 113419
4191 113443
4192 113464
4193 113654
4194 113655
4195 113699
4196 113756
4197 113773
4198 113809
4199 114017
4200 114200
4201 114241
4202 114247
4203 114390
4204 114472
4205 114474
4206 114550
4207 114562
4208 114596
4209 114622
4210 114627
4211 114696
4212 114723
4213 114810
4214 114841
4215 114937
4216 115186
4217 115309
4218 115337
4219 115374
4220 115391
4221 115480
4222 115553
4223 115574
4224 115586
4225 115645
4226 115736
4227 115834
4228 115879
4229 115887
4230 115953
4231 115976
4232 115992
4233 116059
4234 116101
4235 116137
4236 116303
4237 116382
4238 116392
4239 116454
4240 116526
4241 116557
4242 116591
4243 116624
4244 116669
4245 116677
4246 116799
4247 116905
4248 117097
4249 117301
4250 117307
4251 117333
4252 117422
4253 117446
4254 117533
4255 117668
4256 117677
4257 117719
4258 117725
4259 117789
4260 117799
4261 117820
4262 117909
4263 118021
4264 118048
4265 118053
4266 118066
4267 118109
4268 118178
4269 118188
4270 118295
4271 118416
4272 118578
4273 118678
4274 118745
4275 118782
4276 118790
4277 118807
4278 118819
4279 118847
4280 118921
4281 119008
4282 119010
4283 119125
4284 119161
4285 119172
4286 119220
4287 120513
4288 120609
4289 120730
4290 120802
4291 120818
4292 120836
4293 120952
4294 120955
4295 121000
4296 121181
4297 121235
4298 121440
4299 121464
4300 121554
4301 121574
4302 121677
4303 121751
4304 121760
4305 121763
4306 121888
4307 121985
4308 122043
4309 122044
4310 122066
4311 122455
4312 122556
4313 122574
4314 122579
4315 122656
4316 122672
4317 122687
4318 122781
4319 122832
4320 122958
4321 123046
4322 123084
4323 123113
4324 123183
4325 123186
4326 123188
4327 123208
4328 123236
4329 123245
4330 123260
4331 123261
4332 123334
4333 123393
4334 123432
4335 123558
4336 123649
4337 123688
4338 123779
4339 123796
4340 123813
4341 123851
4342 123879
4343 123898
4344 123921
4345 123936
4346 123941
4347 123971
4348 124039
4349 124141
4350 124147
4351 124244
4352 124263
4353 124266
4354 124352
4355 124435
4356 124547
4357 124589
4358 124834
4359 124849
4360 124883
4361 124896
4362 124897
4363 124904
4364 125101
4365 125220
4366 125265
4367 125285
4368 125321
4369 125333
4370 126412
4371 126415
4372 126441
4373 126502
4374 126581
4375 126634
4376 126646
4377 126674
4378 126714
4379 126806
4380 126917
4381 126919
4382 126999
4383 127086
4384 127147
4385 127159
4386 127174
4387 127203
4388 127364
4389 127427
4390 127521
4391 127599
4392 127620
4393 127739
4394 127750
4395 127780
4396 127786
4397 127814
4398 127875
4399 127911
4400 127923
4401 127931
4402 127955
4403 127972
4404 128087
4405 128120
4406 128146
4407 128182
4408 128186
4409 128264
4410 128378
4411 128412
4412 128592
4413 128710
4414 128779
4415 128861
4416 128977
4417 128996
4418 129056
4419 129089
4420 129209
4421 129259
4422 129312
4423 129338
4424 129342
4425 129414
4426 129433
4427 129503
4428 129525
4429 129559
4430 129978
4431 130091
4432 130203
4433 130253
4434 130255
4435 130264
4436 130268
4437 130269
4438 130301
4439 130302
4440 130326
4441 130499
4442 130541
4443 130611
4444 130684
4445 130713
4446 130765
4447 130868
4448 130929
4449 130934
4450 130986
4451 131034
4452 131131
4453 131284
4454 131306
4455 131313
4456 131341
4457 131602
4458 131812
4459 131821
4460 131873
4461 132055
4462 132107
4463 132157
4464 132190
4465 132227
4466 132229
4467 132233
4468 132272
4469 132357
4470 132371
4471 132388
4472 132433
4473 132437
4474 132566
4475 132660
4476 132789
4477 132898
4478 133070
4479 133131
4480 133229
4481 133249
4482 133318
4483 133373
4484 133629
4485 133633
4486 133661
4487 133736
4488 133796
4489 133814
4490 133927
4491 134007
4492 134153
4493 134178
4494 134195
4495 134340
4496 134504
4497 134537
4498 134658
4499 134671
4500 134692
4501 134733
4502 134734
4503 134764
4504 134777
4505 134823
4506 134947
4507 134959
4508 134969
4509 135008
4510 135116
4511 135145
4512 135187
4513 135315
4514 135334
4515 135372
4516 135469
4517 135802
4518 135807
4519 135842
4520 135935
4521 135978
4522 135989
4523 136152
4524 136302
4525 136363
4526 136407
4527 136463
4528 136708
4529 136719
4530 136727
4531 136800
4532 136804
4533 136899
4534 137035
4535 137157
4536 137176
4537 137202
4538 137267
4539 137269
4540 137288
4541 137289
4542 137324
4543 137359
4544 137553
4545 137647
4546 137661
4547 137908
4548 137980
4549 138000
4550 138162
4551 138176
4552 138220
4553 138242
4554 138421
4555 138439
4556 138491
4557 138509
4558 138661
4559 138682
4560 138746
4561 138757
4562 138785
4563 139020
4564 139130
4565 139177
4566 139202
4567 139376
4568 139504
4569 139540
4570 139543
4571 139605
4572 139635
4573 139652
4574 139673
4575 139706
4576 139781
4577 139956
4578 140002
4579 140031
4580 140084
4581 140114
4582 140126
4583 140206
4584 140223
4585 140263
4586 140275
4587 140318
4588 140361
4589 140371
4590 140404
4591 140512
4592 140536
4593 140553
4594 140647
4595 140679
4596 140807
4597 140858
4598 140905
4599 140964
4600 140996
4601 141052
4602 141147
4603 141240
4604 141331
4605 141461
4606 141464
4607 141475
4608 141543
4609 141545
4610 141548
4611 141628
4612 141673
4613 141764
4614 141926
4615 141932
4616 141935
4617 141963
4618 141968
4619 142050
4620 142085
4621 142097
4622 142273
4623 142275
4624 142318
4625 142326
4626 142386
4627 142506
4628 142543
4629 142578
4630 142582
4631 142657
4632 142799
4633 142826
4634 142834
4635 142951
4636 143016
4637 143115
4638 143152
4639 143214
4640 143317
4641 143579
4642 143696
4643 143711
4644 143755
4645 143764
4646 143774
4647 143790
4648 143794
4649 143860
4650 143866
4651 143937
4652 143986
4653 143993
4654 144002
4655 144045
4656 144155
4657 144287
4658 144498
4659 144734
4660 144977
4661 145086
4662 145213
4663 145232
4664 145265
4665 145370
4666 145373
4667 145537
4668 145600
4669 145619
4670 145667
4671 145688
4672 145697
4673 145846
4674 145969
4675 146004
4676 146032
4677 146039
4678 146230
4679 146254
4680 146310
4681 146502
4682 146558
4683 146562
4684 146744
4685 146870
4686 146999
4687 147010
4688 147093
4689 147310
4690 147381
4691 147472
4692 147583
4693 147739
4694 147876
4695 147912
4696 147952
4697 148026
4698 148098
4699 148116
4700 148184
4701 148229
4702 148233
4703 148444
4704 148447
4705 148491
4706 148522
4707 148558
4708 148577
4709 148599
4710 148654
4711 148676
4712 148704
4713 148751
4714 148764
4715 148827
4716 148854
4717 149169
4718 149172
4719 149259
4720 149370
4721 149395
4722 149511
4723 149533
4724 149663
4725 149833
4726 149839
4727 149880
4728 150025
4729 150162
4730 150182
4731 150237
4732 150539
4733 150551
4734 150559
4735 150723
4736 150737
4737 151016
4738 151073
4739 151083
4740 151176
4741 151236
4742 152437
4743 152441
4744 152660
4745 152711
4746 152752
4747 152775
4748 152911
4749 153036
4750 153102
4751 153135
4752 153255
4753 153306
4754 153315
4755 153534
4756 153578
4757 153727
4758 153814
4759 153826
4760 153900
4761 154004
4762 154026
4763 154072
4764 154515
4765 154527
4766 154563
4767 154596
4768 154645
4769 154816
4770 154849
4771 155230
4772 155405
4773 155490
4774 155567
4775 155638
4776 155715
4777 155733
4778 156023
4779 156405
4780 156593
4781 156637
4782 156675
4783 156705
4784 156710
4785 156723
4786 156748
4787 156882
4788 156895
4789 157008
4790 157014
4791 157019
4792 157187
4793 157405
4794 157588
4795 157625
4796 157704
4797 157827
4798 157877
4799 157908
4800 157916
4801 158160
4802 158177
4803 158306
4804 158418
4805 158497
4806 158666
4807 158854
4808 158870
4809 159099
4810 159132
4811 159133
4812 159137
4813 159268
4814 159391
4815 159449
4816 159456
4817 159486
4818 159783
4819 159900
4820 159953
4821 159990
4822 160071
4823 160136
4824 160139
4825 160278
4826 160310
4827 160431
4828 160509
4829 160529
4830 160621
4831 160622
4832 160654
4833 160740
4834 160976
4835 161023
4836 161132
4837 162251
4838 162402
4839 162407
4840 162611
4841 162799
4842 162923
4843 162964
4844 163236
4845 163247
4846 164363
4847 164463
4848 164488
4849 164511
4850 164626
4851 164729
4852 164815
4853 164828
4854 164877
4855 164879
4856 164884
4857 164889
4858 164892
4859 165026
4860 165075
4861 165150
4862 165210
4863 165236
4864 165299
4865 165348
4866 165384
4867 165639
4868 165685
4869 165813
4870 165920
4871 165935
4872 165965
4873 165967
4874 165984
4875 166032
4876 166166
4877 166180
4878 166321
4879 166370
4880 166432
4881 166433
4882 166473
4883 166938
4884 166951
4885 167103
4886 167139
4887 167242
4888 167281
4889 167368
4890 167500
4891 167636
4892 167648
4893 167699
4894 167702
4895 167973
4896 168332
4897 168895
4898 168995
4899 169288
4900 169351
4901 169475
4902 169636
4903 169706
4904 169763
4905 169940
4906 170120
4907 170225
4908 170275
4909 170325
4910 170414
4911 170472
4912 170549
4913 170555
4914 170640
4915 170680
4916 170832
4917 170996
4918 171060
4919 171182
4920 171210
4921 171243
4922 171547
4923 171660
4924 171780
4925 172139
4926 172327
4927 172813
4928 172874
4929 172965
4930 173002
4931 173255
4932 173377
4933 173434
4934 173560
4935 173904
4936 174190
4937 174412
4938 174675
4939 174725
4940 174726
4941 174766
4942 174847
4943 174972
4944 175150
4945 175400
4946 176093
4947 176139
4948 176400
4949 176677
4950 176808
4951 176834
4952 176976
4953 177136
4954 177159
4955 177167
4956 177297
4957 177554
4958 177558
4959 177855
4960 177858
4961 178081
4962 178168
4963 178266
4964 178306
4965 178462
4966 178487
4967 178489
4968 178649
4969 178651
4970 178750
4971 178763
4972 178787
4973 178986
4974 179045
4975 179105
4976 179151
4977 179226
4978 179281
4979 179357
4980 179366
4981 179384
4982 179452
4983 179462
4984 179567
4985 179737
4986 180165
4987 180269
4988 180355
4989 180385
4990 180589
4991 180891
4992 180969
4993 181037
4994 181230
4995 181243
4996 181319
4997 181339
4998 181529
4999 181631
5000 181732
5001 181829
5002 181875
5003 181947
5004 181963
5005 181964
5006 182004
5007 182025
5008 182129
5009 182297
5010 182329
5011 182521
5012 182781
5013 182822
5014 182826
5015 182869
5016 182917
5017 182946
5018 183212
5019 183259
5020 183314
5021 183420
5022 183700
5023 183889
5024 184296
5025 184314
5026 184523
5027 184540
5028 185166
5029 185558
5030 185643
5031 185678
5032 185793
5033 185893
5034 186017
5035 186128
5036 186170
5037 186304
5038 186456
5039 186521
5040 186579
5041 186686
5042 186874
5043 187075
5044 187139
5045 187165
5046 187307
5047 187375
5048 187582
5049 187604
5050 187947
5051 187997
5052 188004
5053 188053
5054 189469
5055 189477
5056 189604
5057 189708
5058 189721
5059 189728
5060 189737
5061 189760
5062 189941
5063 190012
5064 190121
5065 190194
5066 190942
5067 191342
5068 191417
5069 191560
5070 191721
5071 191733
5072 192212
5073 192515
5074 192617
5075 192721
5076 192788
5077 192873
5078 193025
5079 193072
5080 193094
5081 193098
5082 193221
5083 193317
5084 193562
5085 193927
5086 194019
5087 194034
5088 194175
5089 194291
5090 194310
5091 194331
5092 194443
5093 194459
5094 194498
5095 194505
5096 194527
5097 194558
5098 194757
5099 194807
5100 194812
5101 194818
5102 194999
5103 195469
5104 195504
5105 195585
5106 195613
5107 195622
5108 195623
5109 195626
5110 195695
5111 195713
5112 195929
5113 195964
5114 196140
5115 196171
5116 196243
5117 196314
5118 196340
5119 196513
5120 196529
5121 196589
5122 196764
5123 196864
5124 196890
5125 197114
5126 197118
5127 197129
5128 197146
5129 197219
5130 197242
5131 197462
5132 197798
5133 198003
5134 198073
5135 198107
5136 198115
5137 198144
5138 198170
5139 198185
5140 198194
5141 198204
5142 198212
5143 198392
5144 198496
5145 198517
5146 198554
5147 198811
5148 198833
5149 198887
5150 199160
5151 199312
5152 199330
5153 199552
5154 199554
5155 199630
5156 199893
5157 199904
5158 199930
5159 199941
5160 199957
5161 200019
5162 200025
5163 200265
5164 200280
5165 200299
5166 200329
5167 200385
5168 201709
5169 201762
5170 201807
5171 201856
5172 201924
5173 201926
5174 202056
5175 202225
5176 202319
5177 202336
5178 202379
5179 202416
5180 202461
5181 202613
5182 202707
5183 202730
5184 202843
5185 202920
5186 202938
5187 203215
5188 203222
5189 203244
5190 203504
5191 203612
5192 203629
5193 203766
5194 203972
5195 204028
5196 204101
5197 204335
5198 204458
5199 204534
5200 204563
5201 204634
5202 204659
5203 204834
5204 204843
5205 204929
5206 205249
5207 205579
5208 205686
5209 205738
5210 205739
5211 205782
5212 205969
5213 205997
5214 206020
5215 206083
5216 206096
5217 206183
5218 206192
5219 206197
5220 206266
5221 206319
5222 206413
5223 206547
5224 206559
5225 206564
5226 206601
5227 206691
5228 206761
5229 206887
5230 207010
5231 207031
5232 207381
5233 207422
5234 207558
5235 207767
5236 207856
5237 207910
5238 207947
5239 208017
5240 208103
5241 208112
5242 208136
5243 208138
5244 208199
5245 208207
5246 208245
5247 208438
5248 208465
5249 208640
5250 208654
5251 208833
5252 208864
5253 209103
5254 209383
5255 209450
5256 209701
5257 209706
5258 209814
5259 210181
5260 210444
5261 210446
5262 211040
5263 211169
5264 211286
5265 211629
5266 211658
5267 211759
5268 211783
5269 211890
5270 211935
5271 212160
5272 212199
5273 212400
5274 212601
5275 212603
5276 212622
5277 212625
5278 212686
5279 212732
5280 212990
5281 213718
5282 214004
5283 214256
5284 214540
5285 214638
5286 214639
5287 214791
5288 214877
5289 214901
5290 214963
5291 215028
5292 215039
5293 215047
5294 215078
5295 215084
5296 215326
5297 215458
5298 215710
5299 215742
5300 215927
5301 215946
5302 216137
5303 217512
5304 217542
5305 217582
5306 217718
5307 217861
5308 217875
5309 217880
5310 217881
5311 217955
5312 218022
5313 218031
5314 218104
5315 218127
5316 218240
5317 218270
5318 218290
5319 218470
5320 218502
5321 218567
5322 218864
5323 219002
5324 219080
5325 219111
5326 219742
5327 219916
5328 219954
5329 220004
5330 220110
5331 220173
5332 220218
5333 220399
5334 220554
5335 220705
5336 220873
5337 221111
5338 221190
5339 221227
5340 221343
5341 221664
5342 221798
5343 222006
5344 222038
5345 222141
5346 222185
5347 222205
5348 222225
5349 222265
5350 222285
5351 222493
5352 222579
5353 222770
5354 222840
5355 223169
5356 223411
5357 223646
5358 223905
5359 224072
5360 224282
5361 224406
5362 224506
5363 224540
5364 224659
5365 224790
5366 225217
5367 225252
5368 225284
5369 225604
5370 225661
5371 225790
5372 226038
5373 226117
5374 226129
5375 226137
5376 226214
5377 226304
5378 226357
5379 226787
5380 226894
5381 227035
5382 227038
5383 227287
5384 227500
5385 227641
5386 227794
5387 227860
5388 228043
5389 228095
5390 228539
5391 228864
5392 228916
5393 229027
5394 229097
5395 230132
5396 230162
5397 230281
5398 230398
5399 230503
5400 230533
5401 230543
5402 230723
5403 231016
5404 231137
5405 231249
5406 231313
5407 231527
5408 231589
5409 231868
5410 231957
5411 231959
5412 231971
5413 232002
5414 232099
5415 232404
5416 232786
5417 232868
5418 233337
5419 233340
5420 233452
5421 233507
5422 233551
5423 233597
5424 233614
5425 233638
5426 233666
5427 233739
5428 233837
5429 233931
5430 233951
5431 233959
5432 234048
5433 234141
5434 234171
5435 234182
5436 234549
5437 234574
5438 234651
5439 234714
5440 234729
5441 234732
5442 234979
5443 235029
5444 235058
5445 235183
5446 235262
5447 235345
5448 235469
5449 235507
5450 235756
5451 235838
5452 235874
5453 235875
5454 236156
5455 236411
5456 236518
5457 236795
5458 237040
5459 237339
5460 237633
5461 237788
5462 238167
5463 238497
5464 238680
5465 238719
5466 238956
5467 238963
5468 238965
5469 239095
5470 239399
5471 239484
5472 239632
5473 239917
5474 240297
5475 242350
5476 242374
5477 242511
5478 242930
5479 242949
5480 243133
5481 243267
5482 243287
5483 243860
5484 244054
5485 244090
5486 244116
5487 244131
5488 244158
5489 244201
5490 244531
5491 244685
5492 244698
5493 244709
5494 244799
5495 244858
5496 245026
5497 245141
5498 245529
5499 245569
5500 245574
5501 245645
5502 245941
5503 246655
5504 246973
5505 247668
5506 247834
5507 248238
5508 248397
