1
2
9
27
39
87
112
181
186
216
224
236
245
253
285
338
341
390
422
591
989
1051
1054
1058
1114
1120
1156
1235
1263
1291
1315
1333
1340
1431
1468
1540
1592
1600
1620
1624
1641
1699
1705
1714
1727
1749
1759
1784
1793
1795
1805
1819
1841
1909
1949
1964
1975
2007
2012
2016
2018
2028
2032
2042
2065
2108
2145
2172
2208
2280
2305
2310
2379
2432
2437
2453
2466
2492
2498
2538
2569
2581
2603
2650
2722
2743
2843
2845
2868
2906
2948
2951
2969
2974
2984
2997
3002
3129
3238
3246
3273
3294
3308
3333
3366
3396
3493
3521
3533
3537
3579
3715
3742
3774
3786
3830
3883
3978
3983
3998
4044
4117
4206
4228
4236
4262
4285
4351
4497
4570
4623
4676
4738
4739
4814
4829
4878
4929
4943
4947
4955
4972
4996
5001
5006
5043
5044
5084
5153
5232
5262
5273
5295
5341
5381
5389
5457
5566
5628
5673
5768
5830
5884
5956
6034
6042
6046
6063
6118
6199
6203
6233
6268
6324
6331
6372
6435
6447
6458
6503
6529
6541
6558
6567
6677
6693
6851
6900
6925
6961
7034
7079
7133
7135
7194
7203
7258
7491
7586
7600
7602
7644
7675
7686
7725
7731
7774
7856
7898
7916
7982
7997
8179
8222
8235
8280
8301
8312
8354
8436
8452
8462
8570
8573
8692
8694
8709
8759
8851
8924
8962
8979
9085
9108
9163
9267
9312
9363
9394
9422
9449
9464
9497
9545
9550
9622
9624
9727
9767
9815
9861
9905
9977
10022
10093
10124
10145
10179
10223
10245
10341
10365
10443
10470
10707
10790
10930
10996
11352
11389
11400
11761
12207
12259
12320
12330
12492
12503
12608
12616
12639
12741
12765
12802
12924
12962
13003
13183
13202
13335
13448
13521
13533
13662
13839
14046
14105
14219
14231
14371
14430
14530
14552
14676
14695
14766
14884
14910
14929
14942
14949
15049
15126
15383
15552
15666
15701
15801
15812
15877
15945
16022
16250
16847
16915
17152
17185
17210
17224
17319
17320
17338
17529
17584
17745
17760
17801
17871
18111
18153
18232
18242
18269
18392
18450
18469
18529
18601
18644
18948
19000
19146
19274
19286
19339
19368
19558
19566
19673
19674
19710
19821
19935
19987
20066
20135
20264
20369
20457
20487
20504
20599
20619
20670
20713
20732
20733
20857
20927
21019
21112
21144
21149
21296
21320
21449
21513
21534
21566
21750
21803
21937
21971
22148
22189
22282
22372
22718
22848
22884
22997
23209
23357
23572
23582
23622
23640
23838
23938
24119
24231
24249
24331
24341
24378
24436
24522
24525
24563
24617
24705
24756
24802
24922
24979
25096
25178
25183
25201
25263
25470
25623
25843
25902
25999
26105
26157
26393
26456
26535
26809
26885
27071
27127
27156
27166
27232
27277
27395
27484
27581
27690
27746
27808
27815
28080
28087
28100
28221
28225
28296
28325
28529
28567
28686
28801
28851
28884
28891
28893
28927
29073
29192
29255
29291
29359
29416
29460
29547
29598
29601
29741
29952
29962
30098
30136
30157
30204
30207
30329
30346
30355
30551
30728
32211
32285
32366
32697
32892
33142
33276
33324
33702
33704
33916
34154
34186
34230
34301
34358
34613
34625
34687
34757
34782
34969
35093
35313
35343
35411
35580
35657
35658
35716
35758
35847
35852
36220
36311
36329
37307
37499
37877
37970
38129
38297
38363
38760
39138
39230
39499
39649
39851
40062
40147
40357
40419
40459
40719
40934
40990
41463
41859
42079
42129
42245
42347
42474
42642
42706
42749
42958
42983
43361
43410
43436
43444
43462
43517
43865
43892
43970
44037
44293
44443
44592
44677
45070
45093
45601
45779
46142
46214
46315
46979
47157
47448
47819
47886
47924
48085
48837
48901
48935
49053
50221
50223
51065
51583
51689
51739
52184
52339
52596
52833
53064
53225
53601
54025
54149
54771
54806
55666
56620
56635
57913
58168
58405
58594
59403
60826
60894
60897
60906
61115
61541
61641
61818
61957
61967
62210
62387
63170
63630
63748
63758
64353
64692
64799
65557
65922
66192
66250
67157
67237
68447
69009
69045
69076
69108
69391
70225
73005
73168
74618
75360
75510
77309
77423
79112
81692
81769
82313
82339
85290
86920
87167
87410
87897
88088
88120
88263
88306
88431
88633
88909
88923
89020
89622
89737
90141
90152
90250
91656
91888
92480
92565
93609
93846
95192
95678
95753
95975
96253
96546
97304
97893
100657
100726
100991
101498
103328
104585
104842
105503
105902
106028
107107
107196
108926
109833
110041
111307
111525
111836
112040
113387
115020
115786
116473
117588
118741
120394
121069
123129
123695
123765
124344
125121
125140
125250
125719
126019
126117
129074
129174
129886
130922
131545
131851
131931
132368
132708
134561
134927
137895
137963
138311
139347
139498
140244
141382
141885
143330
143490
143685
144951
145273
146291
149942
152087
154077
155659
160091
165399
165605
168085
168263
171202
172292
174463
176092
176501
176756
181711
181869
185116
186334
187373
189335
189450
191513
197232
201491
202491
204724
205430
206625
213167
214816
216085
216714
217955
218273
