125 77 3 1470 218 655 114 77 91 4 357 1880 112 19 218,1,1
67 90 179 27 19 1881 1882 5 101 12 1 364 10 84 179 27 67 2102 179 19,1,2
170 17 14 266 219 12 170 17 14 266 219 3 8589 1883 3216 155 8590 1397 345,1,9
1177 14 15 2 597 74 452 15 2 24 1 535 74 370 274 95 208 14 366 5429,1,27
299 27 20 641 299 27 126 26 81 44,1,39
78 111 804 3770 81 78 111 804 3770 81 17 155 4634 612 3220 65 967 3771 3221,1,87
1566 146 1 3 7 1 2106 1128 8 3 968 3 447 1707 21 502 3 1080 269 1231,1,112
852 453 127 89 57 13 185 257 127 3776 215 13 185 221 1757 1813 10 1753 1 1129,1,181
59 424 4 177 94 238 21 424 4 238 177 94 705 216 1081 20 107 7 388 462,1,186
497 1 2 1523 109 3226 1 1523 22 49 154 475 7,1,216
35 138 1182 1323 385 243 259 2317 79 1 688 29 10 7 138 882 2678 2211 130 258,1,224
18 3 531 1604 5467 1961 77 3 218 112 1 1401 23 66 235 1157 359 1824,1,236
2 205 35 173 1443 5 388 84 230 10 70 35 317 443 3 119 52 1443 107 230,1,245
21 189 60 565 57 18 41 21 60 565 57 18 41 531 688 243 2023 8616 23 20,1,253
7 96 462 2108 147 15 6668 1 152 147 147 294 6668 21 7 96 462 2108 426 147,1,285
2 1240 700 2 75 1 46 1240 700 1000,1,338
2544 170 370 1 7 147 2213 8629 52 8630 3243 1573 4668 1089 974 6674 1 577 67 400,1,341
33 1 6 779 466 154 21 33 1 25 3814 29 10 6676 33 8 11 43 9 92,1,390
1004 792 21 1365 8 3 3515 254 1406 259 1207 211 259 71 715 65 97 331 8632 8633,1,422
7 94 199 57 214 159 17 21 996 477 396 27 163 7 199 94 57 214 159 23,1,591
1277 144 273 1 1277 144 273 1 229,1,989
6689 303 333 568 1 6689 925 333 568 2 75 1,1,1051
21 7 4683 3763 1368 1 171 1976 1067 29 10 70 7 4683 1 51 92 142 639 1114,1,1054
2 990 36 4 545 268 990 36 886 1409 29 20 20 886 990 36 233 601 248 268,1,1058
88 223 882 179 253 21 7 88 882 179 130 1353 253 1353 122 42 261 65 243 2023,1,1114
792 313 2132 1 65 316 234 1200 50 313 47 54 61 45 54 390 43 4687 639 313,1,1120
2691 81 244 1723 197 457 155 2 109 4 271 62 457 654 316 3013 1622 201 4694 1233,1,1156
19 851 378 50 203 16 2 508 171 2550 282 426 508 48 519 122 642 1116 21 129,1,1235
421 1 238 982 1096 197 200 832 408 200 155 10 2845 906 30 20 8644 200 143 1363,1,1263
1248 1373 727 1 3 4207 8645 503 3 4708 243 2023 3023 311 510 8646 349 1117 766 105,1,1291
103 279 407 1301 75 77 1 91 563 2232 65 316 155 564 181 2233 65 1491 79 1368,1,1315
1355 3222 725 249 127 89 7 725 249 84 690 65 8647 13 725 122 42 3222 1886 2225,1,1333
236 36 3543 3277 591 1479 1 312 6722 320 36 441 3277 1669 21 327 1981 322 10 75,1,1340
21 948 426 3 65 312 97 58 136 4721 471 577 400 552 859 267 1 939 681 65,1,1431
66 1 1540 462 830 801 991 8672 1540 462 1 12 66 694 4726 91 126 100 215 285,1,1468
1 190 273 2342 4 65 2343 382 127 89 3 20 66 339 1725 2342 569 273 44 723,1,1540
7 5 615 388 341 1481 1 5 615 388 341 1481 1 5 615 27 521 205 130 152,1,1592
154 2 435 2 215 12 34 198 46 384 73 2 2 4731,1,1600
21 181 5 2246 1 21 181 5 2246 1 6,1,1620
455 199 27 1 5 199 539 469 1820 8 1485 331 1733 270 680 8 30 66 2699 78,1,1624
1370 743 320 711 442 216 12 743 35 34 2208 743 1026 320 223 442 170 8684 21 59,1,1641
21 447 1059 3 1337 1770 1 6 2343 382 12 606 167 698 1059 3 1337 1770 1357 1675,1,1699
13 3046 150 57 18 41 65 316 21 243 2023 1 457 1084 61 45 3 149 60 86,1,1705
743 1026 2318 315 22 81 154 743 2 143 1496 6750 4272 5510 743 30,1,1714
1839 171 920 105 3 65 878 896 1360 463 81 1759 4 3288 112 205 135 447 276 2706,1,1727
497 1759 75 1 171 1437 1 347 302 1047,1,1749
137 554 1 6 21 137 554 1 6 256 194 16,1,1759
228 179 105 1 3 1 3 65 316 2 350 277 130 283 105 228 3564 426 105 3,1,1784
1765 81 1 4 2864 400 1 4 723 180 10 5596 156 965 217 29 2349 1966 124 10,1,1793
132 646 1530 1 21 132 646 1530 1,1,1795
127 89 887 1724 263 76 31 263 2 2154 1858 7 12 687 1987 127 89 887 1724 263,1,1805
2312 13 1342 2713 4 125 252 6741 2713 4 670 475 7 1342 8699 940 8700 399 2464 1160,1,1819
175 84 5 47 3 369 20 276 84 5 47 3 101 12 8701 6806 5 47,1,1841
134 1500 1408 590 127 89 21 134 882 3 1500 1408 8702 453 882 8703 882,1,1909
4781 1858 1 65 13 3066 644 46 37 1858 6809 79 241 122 642 4781 1858 375 76 642,1,1949
1004 755 21 158 936 120 276 1586 312 1125 4788 12,1,1964
27 1587 282 5609 46 65 118 404 1586 127 89 494 2 2353 8704 301 254 1587 282 441,1,1975
59 725 249 277 151 1453 6821 13 725 249 2815 2836 127 89 3 10 270 118 82 505,1,2007
284 1586 130 226 194 3573 24 1 152 171 32 1586 2344 130 439 529 243 1098 65 408,1,2012
467 37 2 1 3 1612 782 1 49 1089 12 720 508 98 352 2040 32 37 285 27,1,2016
19 81 79 44 1 1138 2716 127 89 1 3 143 639 4 19 1305 683 44 320 53,1,2018
98 2697 1405 151 2584 64 438 127 89 98 2229 38 1405 151 2584 64 438 35 166 942,1,2028
7 239 405 697 4302 3317 4303 1196 1568 2158 239 405 12 245 1444 2356 2825 3759 4662 3,1,2032
384 1117 263 1 3 21 384 1117 263 1 3 66 160 1117 213 2873 324 1117 20 70,1,2042
275 91 209 68 115 52 1227 367 209 68 223 115 172 91 209 149 4820 886 61 45,1,2065
666 897 1997 27 1433 3219 298 9 87 3582 435 99 1997 635 292 3219 298 4309 651 1433,1,2108
3074 1737 4 144 3074 6841 125 325 344 257 122 19 12 31 31 3074 6841 3074 8714 642,1,2145
1004 8715 21 470 71 553 1044 1 3 137 772 3 20 1206 1164 470 5462 8716 248 667,1,2172
4 19 1075 888 61 45 107 2812 1429 2 599 1220 8719 27 8720 8 8721 3 349 61,1,2208
5 199 17 60 446 5 199 526 223 603 155 10 3328 2148 479 177 60 786 423 671,1,2280
1795 367 227 283 1 172 382 367 227 27 8 227 367 78 1753 1838 258 125 888 237,1,2305
1442 212 16 1063 15 2120 2165 1 91 247 8737 75 149 1397 4 110 1686 6855 244 137,1,2310
98 336 615 1 2244 2108 3071 5 615 102 98 5 615 102 1 360 222 1763 473 1660,1,2379
33 1317 1318 1326 8 17 1493 1 63 29 10 33 1317 1318 8748 8 4847 802,1,2432
7 354 1 25 546 5 47 3033 577 104 8750 58 1565 942 291 715 259 688 4327 2343,1,2437
42 48 128 1 4 65 48 128 8753 604 846 7 48 128 44 1180 475 1240 295 1000,1,2453
33 274 179 283 33 274 179 283,1,2466
42 890 3 268 290 1282 65 316 2 10 3336 259 268 2202 890 6 3814 65 3337 12,1,2492
142 700 4845 1 2479 1 7 959 2061 360 1 314 12 466,1,2498
275 459 5659 4 15 6876 459 354 4 962 459 838 1615 467 27 20 7 459 21 32,1,2538
6806 347 5 47 1 6 57 242 187 261 243 2023 3 1543 98 47 638 20 175 20,1,2569
723 529 936 801 1430 171 1367 480 810 1619 958 1 27 403 936 120 790 54 27 2670,1,2581
2202 1 6 280 1959 8759 23 66 1957 1 280 1959 21 59 1662 8760 528 321 882 315,1,2603
263 4 1575 2115 1575 3097 1575 263 4 855 263 2 263 1575 8762 194 4820 525 26 2598,1,2650
8766 77 8767 3 8768 77 4778 506 243 1547 20 2047 268 8769 1733 38 3 79 241 3,1,2722
675 829 1012 829 133 302 829 133 829 1012 76 1131 847,1,2743
21 19 1981 249 1355 130 2738 1355 130 1010 2067 1 19 1309 249 127 89 773 288 1097,1,2843
743 364 34 2602 35 743 32 743 1789 329 223 442 95 743 364 34 2602 8775 65 80,1,2845
8776 36 757 92 512 2886 17 3083 259 8777 36 757 92 4 427 36 4874 125 186 8778,1,2868
2889 44 421 316 408 79 4 26 32 109 44 243 1 182 79 1065 132 704 10 81,1,2906
92 99 872 610 26 89 1460 21 99 84 872 610 26 89 3 42 1231 26 201 255,1,2948
92 1059 1032 26 2573 29 10 1059 341 3613 1317 1318 3 4 7 18 117,1,2951
220 2348 258 179 530 2348 258 13 366 243 1098 258 27 95 20 220 2348 85 516 32,1,2969
84 1 18 269 84 269 1 18 47 99 18 269 218 1 6 206 1363 5677 218 292,1,2974
32 449 335 1 3 29 10 66 449 335 1 3 7 3 60 19 414 449 335 3086,1,2984
233 3 7 53 30 254 307 3 4904 8790 1343 233 601 51 593 1100 817 108 1529 243,1,2997
16 15 44 67 67 1 44 28 14 8791 74 103 102 3619 10 497 1 46 1 16,1,3002
1 5689 8 803 499 8796 637 646 813 2751 439 1612 48 392 368 461 8797 777 396 4364,1,3129
277 179 184 6835 249 21 228 179 1 3 136 23 1300 506 2176 29 10 7 2985 249,1,3238
960 39 6 611 490 554 727 89 105 1757 69 3022 118 252 254 490 512 262 89 105,1,3246
178 662 317 222 10 92 178 319 662 317 384 530 1479 767 8815 8816 173 475 553 475,1,3273
304 2272 689 27 51 1994 117 1 2573 20 72 375 904 109 117 107 1059 1066 142 719,1,3294
8822 2 117 447 12 571 1183 81 44 67 3 117 330 12 202 1570 81 447 4927,1,3308
59 553 238 3117 3829 21 59 553 1044 263 238 4928 3117 3829 111 8823 629 8824 94 303,1,3333
919 575 9 31 556 3015 114 1244 42 278 1735 1225 7 417 811 25 144,1,3366
245 21 403 1336 4 231 789 167 196 1617 114 8831 78 227 1 3 1896 188 305 265,1,3396
66 4 408 727 214 127 3364 79 2177 77 125 1160 119 3216 8833 3366 62 593 132 320,1,3493
92 14 1 105 92 14 1 105 29 2273,1,3521
54 678 2246 98 431 678 3615 98 2 526 62 2101 54 1615 84 678 569 8834 569 256,1,3533
260 130 105 3 316 21 260 130 126 192 3 965 1164 752 198 34 6880 936 120 2734,1,3537
1478 8837 6824 2 881 720 65 2 2670 12 70 262 4384 3074 150 125 13 1149 1114 5600,1,3579
103 27 250 3895 29 10 32 86 1299 3 185 7 3895 2173 147 32 148 1 6 27,1,3715
92 852 243 7005 688 57 1991 1813 215 125 1604 243 644 37 688 186 91,1,3742
886 228 16 3 105 102 214 164 2 403 460 1964 8838 2845 1516,1,3774
1271 1820 8 1485 819 635 8 1445 13 1820 8 1485 4387 707 819 8 233 635 8 345,1,3786
3636 152 3127 2 1 12 180 5732 1 110 55 350 7 3636 1059 1482 4946 57 4946 3637,1,3830
8846 90 60 1943 75 1 65 8847 29 10 7 1 3 751 60 461 8848 126 304 10,1,3883
421 4 282 61 45 222 4 84 1311 61 45 767 53 67 688 541 8849 209 149 1790,1,3978
612 2 1340 29 10 612 933 108 344 3380 170 2120 7019 21 29 2537 4388 21 1874 4,1,3983
137 662 36 137 662 36 443 402 127 89 252 444 36 367 3766 263 27 82 21 19,1,3998
92 59 2910 920 1 712 92 59 2910 920 1 712 1 37 65 13 715 4966,1,4044
457 214 1895 1 25 8851 1434 38 1 448 8852 12 7021 7021 174 60 41 214 1434 174,1,4117
743 31 3 593 743 80 34 177 3 107 367 36 34 1246 2318 7031 356 280 177 3,1,4206
14 138 249 1 142 664 444 14 138 249 84 249 1 330 218,1,4228
1 6674 141 812 708 1239 3243 370 1262 79 1 110 1 46 2077 416 8856 1044 5 544,1,4236
421 3 2679 57 8861 123 446 23 20 137 123 23 20 66 288 3 2128 29 550 65,1,4262
99 27 1602 13 388 458 21 99 2 705 1150 388 458 107 248 1576 8862 8863 408 1615,1,4285
101 12 60 596 34 5 7 84 171 272 646 284 362 1969 102 5 200 1364 148 1058,1,4351
7 775 61 45 401 77 3 66 77 3 3593 438 158 576 775 212 1929 7 65 736,1,4497
2278 7 1 3 5762 5 641 12 53 180 1160 101 12 593 53 30 98 615 388 199,1,4570
1287 3 3967 228 1 3 1287 3967 3941 137 3056 38 126 479 58 3229,1,4623
1055 119 922 243 600 1 91 1802 21 1055 119 922 75 243 600 91 248 42 922 3385,1,4676
4397 192 38 179 1141 65 420 192 133 2897 311 237 30 431 38 179 547 258 1827 3,1,4738
1004 301 743 1026 358 420 3 593 66 743 358 420 3 593 114 76 31 231 2835 2343,1,4739
5 199 1085 133 31 1549 1 91 1549 832 2325 1085 4 108 2381 7 1180 1085 15 8864,1,4814
116 1601 94 7054 1063 598 116 8867 66 94 4991 5770 598 36 116 779 66 4905 722 7054,1,4829
278 98 2 7 502 159 359 65 13 278 98 2 41 253 47 7 502 159,1,4878
1212 4 61 75 77 25 349 4 61 190 37 1 72 3 77 31 129 229,1,4929
3 66 2366 1 3 3 2366 1385 8868 156 243 1098 1385 2353 705 1385 126 3 427 2366,1,4943
35 1221 449 335 392 368 159 35 384 449 335 60,1,4947
99 47 1 46 7 161 5 296 178 435 248 8869 8870 82 612 2 46 4407 8871 3360,1,4955
54 1 4 2730 2812 32 4 378 2730 2812 114 141 2 7 1112 2812 14 2,1,4972
755 21 989 209 94 755 21 998 209 94 1346 1 6 83 1185 996 2829 2068 1085 221,1,4996
2 851 886 99 26 207 277 161 2919 65 912 571 23 20 297 610 269 668 30 65,1,5001
200 1 46 439 3989 200 62 1 46 34 439 336 192 7 777 396 200 2226 46 327,1,5006
3653 3088 1902 36 2076 475 552 1802 1522 1619 1364 1283 8892 66 26 201 2285 36 345 136,1,5043
456 460 5 101 1865 536 769 17 3 751 456 45 5003 1641 11 3 911 456 769 91,1,5044
99 84 792 458 4415 85 838 1521 261 9 9 44 275 44 122 42 473 81 1196 2,1,5084
1422 1222 380 523 7 125 2343 382 608 3095 127 3646 1549 122 5008 1222 1820 8 1485 3398,1,5153
284 1 209 212 1208 125 77 6 225 113 69 793 105 28 96 284 81 68 25 643,1,5232
376 192 13 39 2064 13 5817 3136 8916 376 847 39 1967 356 3 127 89 4327,1,5262
544 3 13 621 214 5025 1485 3 1108 2265 345 1222 741 1062 98 1245 112 198 237 778,1,5273
65 316 21 31 455 5 999 92 31 455 5 999 132 71 685 159 1911 479 457 66,1,5295
66 2 435 702 130 258 1337 253 1340 995 316 27 1827 130 258 1337 3 556 260 1079,1,5341
948 26 27 1 3 92 1775 137 554 1 3 948 26 27 1 3,1,5381
92 72 4428 1 2343 13 304 1313 1948 74 101 12 380 149 1684,1,5389
262 127 89 8922 127 89 9 2376 23 32 1349 637 7117 3 2376 262 2376,1,5457
14 2 597 74 16 378 74 16 2 105 14 3,1,5566
1 3 421 1556 2133 491 112 114 444 52 73 237 778 562 125 384 2584 44 19 72,1,5628
242 187 57 8 3142 8923 2999 1288 3873 179 732 4002 135 642 1086 235 179 258 594 2929,1,5673
137 165 375 10 8924 7 94 1103 660 8925 307 2113 1016 581 7 1645 262 214 70 7,1,5768
919 1024 575 503 642 919 575 83 108 101 515 20 91 575 1024 2772 503 246 155 238,1,5830
21 72 28 96 18 57 1363 306 21 72 28 96 18 57 1363 306 20 70 18 41,1,5884
256 119 3 123 256 119 3 123 1409 65 1481 513 19 3 119 513 409 277 119 830,1,5956
1646 105 2253 1 7164 1 91 1607 105 2253 739 65 316 27 275 3 50 434 662 373,1,6034
869 7 84 2469 84 383 122 143 2001 383 67 2001 383 89 79 688 100 67 237 30,1,6042
1146 218 282 63 225 3 1091 65 621 5855 227 1146 209 149 7172 876 608 67 8959 6655,1,6046
260 1213 917 203 126 26 1213 20 260 203 126 26 122 32 21 126 26 358 295 10,1,6063
48 128 2 551 1708 1 3 562 890 1 3 8966 551 734 2 67 95 1168 777 396,1,6118
413 1649 847 1063 2356 595 1 136 1 67 3802 1545 25 65 1802 606 413 483 847 595,1,6199
1397 5434 172 3 79 886 3672 125 1160 30 3 8971 3670 8972 402 4713 697 21 839 19,1,6203
99 43 1666 129 171 1367 3591 1619 495 445 5900 133 37 362 403 21 327 184 37 66,1,6233
92 14 1503 3673 1250 136 1503 3673 72 147 38 1250 147 294 1503 3673 72 1 1250 66,1,6268
200 50 1143 65 316 313 203 3 122 42 16 219 41 42 103 29 771,1,6324
5909 2777 258 1676 874 179 431 874 179 85 1104 166 441 5909 2777 258 65 382 1387 2485,1,6331
19 286 1195 1 6 42 148 286 1 6 10 1649 1637 413 112,1,6372
61 45 2392 331 14 2083 222 154 212 61 45 723 97 2010 212 813 1616 1531 68 1,1,6435
59 600 7 453 243 600 343 34 1799 453 243 1098 1067 77 65 97 7193 243 600 139,1,6447
29 299 1867 126 383 27 14 126 26 27 271 41 15 9 26 34 275 44 11 350,1,6458
7199 3 261 71 242 450 562 222 3 8982 287 582 2362 259 8983 79 65 7200 7199 261,1,6503
1004 1138 1726 1004 287 1726 101 12 5930 25 250 91 243 8985 3097 2778 6 7 145 1552,1,6529
242 187 389 689 118 624 3254 1780 5596 2320 574 689 4 7208 1 46 5 886 452 7209,1,6541
72 564 183 65 5938 79 1368 183 147 65 97 1 230 10 143 407 1990 143 707 252,1,6558
98 385 3879 1042 1492 1202 98 47 178 1241 1690 283 152 2287 3417 112 230 10 935 84,1,6567
363 1657 3156 5 3 1811 5 312 445 30 599 778 559 716 3 31 4461 21 59 3156,1,6677
144 354 135 6 217 211 43 1 21 327 65 1491 382 715 1546 29 10 457 3028 126,1,6693
299 4 915 3 1705 65 13 127 3223 1790 4 876 608 67 3 1705 10 315 49 138,1,6851
13 4033 2945 239 435 248 20 158 895 2100 60 159 246 4220 4219 32 70 158 2945 222,1,6900
675 2145 2085 357 675 2145 2085 357 366 129 357 5956 7,1,6925
21 260 50 426 161 1 25 60 86 127 89 1 3 79 688 3594 1 448 11 79,1,6961
1640 341 105 1 6 39 230 10 70 1640 341 1 3 127 89 77 105 79 185 6622,1,7034
4 416 59 1 502 4 1 46 869 4927 200 5 7252 1 245 558 42 5 1 7252,1,7079
177 1441 909 57 944 411 300 715 259 369 8997 1549 164 80 7 180 10 226 1612 8998,1,7133
675 797 1076 26 101 797 744 26 127 89 343 1802 779 567 675 1895 797 1076 26 101,1,7135
674 110 127 89 8999 286 2012 127 89 95 23 10 84 1558 3678 1534 127 230 846 7,1,7194
19 238 3263 78 215 819 2 612 418 2 70 19 78 215 1753 3263 2 819 906 215,1,7203
190 1568 13 415 1 2 49 5 1 46 38 415 1 2 49 90 2670 190 302 1880,1,7258
3162 341 1750 1604 4829 101 2224 3162 341 1750 3162 531 1664 366 127 89 91,1,7491
19 658 41 655 130 9011 4820 685 7288 1233 503 102 171 7289 370 384 277 253 335 6677,1,7586
1552 2365 4472 3 65 3 4472 445 425 758 26 2364 246 123 386 9012 1085 170 1790 82,1,7600
779 1580 2726 78 645 418 1 738 415 49 170 2475 2726 78 44 19 282 13 415 1,1,7602
122 228 772 3615 972 130 258 127 89 802 325 228 130 258 7293 662 186 3 53 30,1,7644
101 12 36 1387 264 105 102 39 1203 66 500 101 475 36 1387 264 102 39 371 105,1,7675
21 32 25 26 1201 105 28 9014 382 243 1098 1067 104 263 831 370 95 201 32 1750,1,7686
117 31 1 46 125 2165 117 2 4834 1453 180 2 210 198 121 1127 210 19 766 13,1,7725
1579 123 35 119 84 207 26 500 13 668 1099 64 633 444 1579 123 82 123 126 119,1,7731
1350 1062 8 513 1472 5 1593 125 9022 802 382 766 1062 173 373 5 230 10 363 8,1,7774
9025 243 1098 324 1024 7313 3972 7313 3972 386 1802 243 1098 324 1024 1167 17 35 743 9026,1,7856
33 282 38 63 17 33 13 628 33 20 15 5981 38 37 63 343 35 390 2201 274,1,7898
85 460 98 2 125 843 52 84 253 2 241 1091 700 47 31 95 1178 3524 562 38,1,7916
883 119 25 14 4 415 2 49 562 552 13 415 2 49 1160 3380 4 186 881 378,1,7982
1029 2 1036 2 1133 883 1029 2 1036 543 379 1089 2 402 2 49 2170 78 4 2,1,7997
877 9034 2290 36 399 101 12 136 1376 3 4941 344 908 402 2781 125 5994 38 36 364,1,8179
356 4270 39 2951 1204 5776 3 125 903 1129 1423 233 39 25 108 527 9035 39 1930 4406,1,8222
277 9042 1886 2261 5999 1482 4055 9043 195 390 323 1278 731 1482 236 1185 277 323 1886 2261,1,8235
59 26 737 593 5624 356 637 356 3 26 252 1772 26 71 1651 1790 1621 92 935 1,1,8280
678 569 2 3308 307 202 201 41 3093 102 313 2 3 237 30 48 678 1281 71 202,1,8301
48 414 50 84 1 171 20 48 414 50 157 1 171 2283,1,8312
14 74 340 61 65 9045 3693 512 1094 125 142 260 74 16 61 45 7 171 1312 1017,1,8354
313 1 203 111 313 1 1326 50 93 54 125 142 200 50 1143 157 313 885 51 125,1,8436
42 2 106 1110 36 832 104 2 1110 13 270 36 42 106 2 1110 4032,1,8452
200 317 3 119 92 200 317 3 119 688,1,8462
389 3169 719 242 187 114 359 389 3169 719 242 187 242 187 3 1281 1107 3169 719 619,1,8570
3632 21 177 3 976 69 1586 3535 1635 446 17 177 976 9056 1413 10 610 3 93 87,1,8573
134 324 1393 3 259 79 2083 843 3582 62 544 3 324 2866 1193 207 4495 30 29 1393,1,8692
1 946 2781 946 213 38 479 6016,1,8694
1907 99 4 35 1500 1187 1529 185 71 2391 379 52 147 243 2592 53 1 3 32 109,1,8709
651 176 282 138 357 466 1381 651 176 464 651 176,1,8759
3486 16 277 127 89 2404 421 1673 3694 3553 127 89 1324 144 1182 50 3 2032 908 684,1,8851
2354 25 14 1205 1 1464 1 110 395 144 2354 25 2354 6,1,8924
165 1552 307 1281 968 3943 125 142 574 1704 721 3695 968 3943 30 104 951 148 544 3546,1,8962
3877 63 219 756 749 475 17 786 53 217 17 3 218 71 390 3101 739 720 304 52,1,8979
2647 1 99 84 26 249 1787 2647,1,9085
8 179 1 91 642 144 2613 179 130 179 8 179 156 66 130 179 8 179 52 1623,1,9108
99 30 2784 686 1250 127 89 323 53 593 89 323 2165 238 35 30 625 30 2784 35,1,9163
1376 121 3 125 243 1547 121 3 79 1 20 852 1 479 783,1,9267
998 6090 74 16 378 498 73 5 199 4513 581 378 37 2585 5 199 74 580 42 2040,1,9312
147 375 702 16 1 6 66 147 375 996 2327 1284 702 16 1 6 844 375 28 425,1,9363
1692 61 2392 485 125 142 339 1 9086 125 70 212 157 212 1696 90 12 1692 13 9087,1,9394
4072 881 4 38 3 92 1775 349 418 4 25 3569 382 536 9088 707 1376 38 1 3,1,9422
22 3694 313 313 2 259 54 50 414 68 3 301 315 568 2 122 32 50 59 315,1,9449
471 39 8 371 376 1945 13 39 8 371 3 248 1451 376 101 1945 235 9090 666 36,1,9464
1122 2 1250 222 10 122 42 4075 1250 448 1122 2 46,1,9497
146 2158 218 1 3 66 974 843 364 615 146 18 3 4 72 18 210 796 2222 218,1,9545
89 323 1387 39 371 408 13 127 89 323 931 1253 2790 722 27 201 3868 105 39 371,1,9550
175 1 129 2451 568 2041 84 2 5149 13 1435 16 219 125 35 5149 129 1 2 22,1,9622
1880 1074 506 69 760 116 363 649 1074 506 1271 649 205 196 166 909 69 1074 506 1074,1,9624
7 1 91 7405 7406 57 214 20 7 1 91 7405 7406 615 57 1919 214 388 123 563,1,9727
5682 1568 2158 2588 4 340 68 648 1568 2158 2588 4 340 68 1 6 101 122 156 1568,1,9767
99 333 321 333 2478 446 20 22 856 967 2764 23 10 397 315 2191 290 7 321 758,1,9815
243 1098 144 5161 243 1098 2184 1464 501 3009 149 45 61 925 1089 502 2115 841 955 1689,1,9861
407 150 1 407 150 1 9103 1205 205 41 6 2742 102 3002,1,9905
4928 26 310 9105 119 119 1837 307 1621 254 5146 123 1549 259 9106 248 216 2077 20 9107,1,9977
14 1277 127 89 2775 127 89 2775 903 682 133 1371 142 130 283 1277 505 1277 291 409,1,10022
134 207 26 297 1282 64 21 207 26 610 765 297 485 120 916 3443 684 277 9108 6130,1,10093
5 252 17 1218 8 1023 2 5 4001 1 46 9109 210 1446 252 17 142 505 117 1218,1,10124
2384 1192 3 5 199 446 1325 2384 1192 307 30 9110 364 4409 1192 642 339 325 42 2384,1,10145
256 1455 320 203 3662 256 1455 863 1756 1143 19 2882 237 30 2098 1,1,10179
99 26 1307 379 92 99 26 1307 379 13 101 408 1997 824 35 26 1307 9 778,1,10223
241 72 243 6141 1911 779 325 14 241 243 6141 443 1682 1316 241,1,10245
101 12 1048 1076 125 2254 4318 5 101 12 6001 4805 1385 3438 26 80 7445 684 524 1076,1,10341
94 330 188 284 5180 207 1502 723 5181 148 94 710 207 293 231 1401 424 135 248 9113,1,10365
9124 123 393 98 1160 1042 98 106 123 393 763 123 1175 3 577 530 1042 1179 4845 3156,1,10443
32 3 173 619 173 3698 9125 3 1629 1107 3 173 108 619 173 32 81 441 173 1882,1,10470
751 91 26 941 316 1859 471 439 1803 3869 7454 263 480,1,10707
175 3009 45 1 3 593 127 89 175 3009 45 57 1919 175 36 9129 177 7455 175 61,1,10790
17 77 3 1416 891 701 229 1 2944 309 1416 891 3 554 44 330 77 3 122 359,1,10930
310 882 331 1334 1740 264 65 621 38 1 1522 882 331 1334 1532 1462 264 590 11 603,1,10996
5 579 27 1 5 579 27 1 6 208 494 469 513 2414 925 2 65 1587 57,1,11352
2 543 114 1885 27 543 114 1885 108 314 1828 43 7475 19 385,1,11389
861 574 229 1 110 861 2359 109 290 1251 1 229 4102 541 37 591 1 877 861 574,1,11400
3 471 138 410 620 796 114 997 4 1179 88 380 9146 905 1117 562 903 127 89 138,1,11761
72 147 103 279 4 1 65 2267 38 1 580 125 379 3095 12 65 9147 5831 65 1491,1,12207
1004 320 281 10 2820 9148 711 442 259 162 2820 7501 316 320 217 711 442 9149 9150 223,1,12259
8 921 2 1685 2 2062 8 921 2 32 34 44 275 44 27 1685 558 299 288 5186,1,12320
54 74 16 22 49 122 54 4 22 49 1 6 556 672 86 265 65 1802 55 54,1,12330
9156 300 1 3 2475 1183 9157 300 1 3 715 259 3023 280 136 254 243 5198 21 7,1,12492
7521 360 448 1995 3115 121 505 9158 463 7522 7 7521 33 5158 2167 50 105 20 142 505,1,12503
21 310 41 734 5 8 890 1707 3 3 831 890 1707 613 1784 8 4 921 5 47,1,12608
7 1 3 392 368 7523 7 1 3 392 368 7523 1964 1841 41 2503 392 368 710 78,1,12616
248 59 38 279 13 388 3637 125 104 59 5060 1203 1086 7529 2103 122 42 860 38 279,1,12639
111 152 743 44 75 1 20 66 4 590 743 533 111 1418 29 343 36 1849 367 230,1,12741
15 320 281 10 579 652 5133 812 9165 1771 9166 198 398 127 127 259 233 320 711 442,1,12765
242 187 274 595 2158 2018 2019 733 180 1203 242 187 125 538 259 1286 2213 1914 3 55,1,12802
228 1200 535 283 102 60 92 228 1200 535 283 102 60 4108 264 746 102 133 8 159,1,12924
3044 826 176 188 826 176 1 3 9167 877 77 190 3814 65 316 103 72 289 355 155,1,12962
238 4775 26 190 428 6193 2602 3653 26 3500 230 541 26 5207 2076 9169 2318 55 384 99,1,13003
175 912 7542 1 211 9170 280 7543 463 18 1703 5430 6194 2756 240 5140 7544 7545 4050 573,1,13183
968 18 41 2317 14 877 807 73 515 1586 444 77 3 9176 97 52 3671 37 282 877,1,13202
467 18 125 4110 18 3 127 4354 9178 182 76 918 467 141 1149 5208 18 125 72 4,1,13335
3 7555 9179 233 356 876 88 3 1340 3897 445 43 346 1853 1630 4549 2165 92 3 56,1,13448
38 487 2 3883 94 1602 134 552 4111 498 487 2 73 23 20 134 94 3343 10 430,1,13521
2933 173 241 2933 173 241 10 70 243 600 435 317 7561 5210 2305 173 487 38 7561 5210,1,13533
35 1182 1323 1 101 13 315 498 817 9192 1182 3844 2585 2573 35 1182 1809 2814 165 151,1,13662
116 1311 2231 89 1021 23 4328 1315 9193 89 1021 252 768 908 36 399 129 63 108 624,1,13839
1 39 1403 565 3509 4 39 1403 565 7455 584 86 159 105 102 39 66 39 1403 565,1,14046
1234 68 295 28 21 7 28 1234 340 68 295 1480 1 557 123 1006 7571,1,14105
3 1881 5211 5212 494 715 259 4397 5211 5212 494 1176 215 599 5213 867 694 67 738 32,1,14219
19 1305 275 84 44 16 1453 3247 236 692 1711 27 52 48 424 16 277 1 642 827,1,14231
1204 1 6 376 13 975 7587 1385 1423 17 318 356 1385 356 1091 2390 4341 101 23 20,1,14371
284 9207 1 393 270 1302 704 1 15 393 1966 109 540 42 18 1229 472 1907 6836 4,1,14430
1004 1 1480 112 1643 446 170 902 7602 5589 280 147 124 66 162 112 1643 942 230 10,1,14530
899 39 1847 233 8 2488 112 127 89 1847 642 530 4032 125 379 254 633 109 2135 1847,1,14552
1 2 9220 939 3455 388 3637 460 38 3455 2 939 281 312 9221 216 1032 27 1 2196,1,14676
277 114 1436 57 13 2614 305 725 12 687 725 539 563 505 757 918 9222 860 1023 7,1,14695
6 19 1 73 833 889 963 1 833 889 963 3648 2991 4556 1226 528 443 353 653 1,1,14766
19 589 161 429 2057 31 1 3 122 642 7 5 47 429 2057 303 393 5 57 944,1,14884
42 701 229 4 92 54 701 229 1 44 621 685 1639 229 1 4 10 42 701 229,1,14910
241 218 3 14 241 77 3 241 218 375 1413 282 241 218 241 155 1919 18 241 277,1,14929
92 7 263 57 1231 53 92 1 91 10 1015 137 553 426 207 26 57 1231 53,1,14942
495 46 1493 67 2 2 67 46 494 1556 223 911 344 908 521 2449 1587 1158 630 1324,1,14949
852 1442 61 45 57 1860 8 67 4 3151 899 61 45 1 20 852 7637 1339 57 1860,1,15049
92 870 1376 1 6 1507 2128 1673 2573 1507 7638 3011 6 80 14 129 4018 215 7544 5,1,15126
94 31 1 91 817 52 94 1 53 30 1802 141 83 66 1 91 94 857 3 7134,1,15383
614 1524 98 2 92 35 614 1524 1 98 2 1158 35 155 10 9229 131 9230 9231 1524,1,15552
367 227 993 78 562 552 382 196 223 367 227 3 68 227 382 367 93 223 599 44,1,15666
754 79 375 126 64 2053 1 3 12 217 9240 281 10 7 375 1 151 126 64 32,1,15701
286 187 89 127 89 402 1286 379 291 10 218 438 7 778 1217 1333 1246 450 100 226,1,15801
1512 735 828 2970 724 309 735 828 2970 1089 994 75 170 724 12 55 252 1475 5584 19,1,15812
343 21 262 89 101 578 147 262 89 101 9245 799 13 5234 969 170 901 125 142 9246,1,15877
2762 299 204 487 4 114 427 175 1705 67 4 95 416 299 204 487 681 1 171 618,1,15945
2378 179 258 1160 165 1176 179 258 1777 87 2513 207 258 62 101,1,16022
39 387 172 3671 446 17 702 315 105 89 1021 395 252 1312 39 387 156 172 3671 531,1,16250
783 1489 112 1199 1136 90 516 92 507 1283 81 1 6 13 112 1199 16 29 10 2886,1,16847
16 15 179 283 308 16 15 179 283 308 65 13 679 16 432 806 280 122 642 42,1,16915
42 129 138 357 1 6 344 687 316 63 1376 9267 129 63 316 453 88 1126 406 586,1,17152
1247 500 15 73 67 1 6 441 223 15 73 75 681 768 43 1247 519 29 67 3460,1,17185
392 368 320 311 4 1 46 1 46 2 392 368 320 311 1162 7668 9277 1067 4433 363,1,17210
2081 1 1268 833 889 963 184 1003 1450 2421 101 1 1268 833 889 963 316 38 302 1736,1,17224
59 127 89 101 321 34 5245 129 163 42 333 321 2597 127 89 101 29 10 1158 2914,1,17319
181 317 89 101 79 129 401 77 578 317 841 88 317 841 3654 81 440 106 317 141,1,17320
19 1 46 67 735 828 639 4 230 10 14 867 75 3012 49 21 19 438 1 46,1,17338
9291 606 326 65 9292 1803 9293 31 2316 541 1292 467 290 428 65 75 235 2591 290 123,1,17529
18 735 828 2213 2968 708 735 828 561 4328 186 77 6 338 562 1276 19 1 46 67,1,17584
613 30 60 596 3588 1 65 13 4314 132 50 3 192 65 97 180 141 420 29 539,1,17745
42 5084 3681 1 562 903 1 1261 9294 9295 1863 406 809 125 52 147 1039 604 3939 9296,1,17760
5 491 1052 241 1191 67 241 1160 5 491 1052 122 14 1233 46 246 46 615 5 491,1,17801
1131 15 2 43 2 125 2478 280 88 357 52 628 33 32 4 9297 15 43 4 344,1,17871
391 1 6 312 165 9300 31 1 3 1094 29 692 359 1553 21 65 9301 406 120 201,1,18111
544 28 96 9306 1150 1417 28 96 6 185 336 72 103 446 20 6897 103 366 9307 21,1,18153
1467 1909 320 689 19 2481 237 1467 1909 320 521 9308 223 442 768 258 796 223 9309 10,1,18232
1 3 57 1180 120 20 612 1 3 95 390 9311 1129 817 6281 454 1344 704 9312 20,1,18242
531 60 1042 46 92 1775 392 368 320 311 4 1 46 125 1160 1187 44 1 46 360,1,18269
421 9318 1271 506 392 368 2776 1 3 503 13 392 368 159 3 4195 938 654 301 392,1,18392
397 194 634 473 1841 194 439 35 397 652 171 1802 42 194 16 15 122 42 685 1573,1,18450
1 546 266 4200 5255 512 786 172 1622 434 709 341 89 1212 90 27 107 723 955 664,1,18469
100 727 1073 21 100 727 1073 13 77 127 89 7708 7 9322 565 167 9 534 86 565,1,18529
464 532 74 306 125 168 270 723 218 1 25 170 20 66 464 331 429 3361 292 65,1,18601
3 1707 1614 1217 166 2308 2944 165 1665 3 890 1707 908 1217 30 1707 364 190 44 67,1,18644
241 76 46 1125 852 125 903 52 243 1547 241 5 46 46 37 5213 967 498 3185 2,1,18948
21 2462 177 5 199 370 5 199 222 7721 598 1983 3501 108 540 552 136 312 1562 5671,1,19000
188 44 8 1 5043 20 188 44 9327 2377 3 12 160 2 57 18 210,1,19146
1 505 1368 250 2168 5261 50 4411 344 103 279 462 185 72 161 462 13 5261 16 1339,1,19274
138 113 31 803 6 724 66 500 13 795 273 1450 1411 29 1063 698 7 138 113 2368,1,19286
2496 340 3954 1 91 1296 1004 245 21 1059 341 528 937 434 545 5262 1066 55 1957 1334,1,19339
7 340 1066 89 101 7 340 1066 89 101 621 17 66 7 1198 637 2004 1198 2520 23,1,19368
2195 1 29 10 72 2195 1 3 779 168 125 2238 577 70 42 246 1498 650 1360 2195,1,19558
134 85 524 234 223 23 66 366 578 1156 672 241 152 63 237 30 48 1309 249 1176,1,19566
5 315 49 455 6732 92 1775 5 315 49 455 2678 9329 315 308 609 5 315 562 254,1,19673
349 1317 1318 1770 12 6 90 1475 433 1496 1317 1318 939 3815 939 9330 3967 254 1 89,1,19674
92 505 25 752 13 28 1491 2992 505 92 142 77 1 25 752 520 13 28 39 1491,1,19710
92 1234 500 3 77 435 248 612 1686 77 127 89 1021 102 3967 213 80 699 21 467,1,19821
172 161 229 2 67 1 46 494 2 6 3003 73 601 88 307 37 11 1427 20 172,1,19935
141 754 872 2 624 4 81 624 4 81 833 889 963 437 698 872 4 81 2834 9346,1,19987
236 173 3 119 934 1052 1 129 173 2 1 701 229 934 949 173 3 119 1616 87,1,20066
854 220 39 68 1084 210 170 531 854 220 39 68 1084 210 170 531 2171 41 27 142,1,20135
495 127 89 323 1408 89 323 2790 9358 287 116 64 5217 21 495 9359 1408 1071,1,20264
382 1249 451 512 41 22 49 1819 2113 1023 82 48 22 49 46 2 3 2 3408 949,1,20369
188 249 7756 1350 17 641 188 7756 1019 1584 4750 2261 5572 2657 52 1355 1461 1988 2109 9361,1,20457
7 1846 1190 125 254 127 89 323 1253 3649 79 1 1914 725 249 636 170 20 1846 1190,1,20487
457 5 22 470 315 3505 3370 125 1998 315 589 315 470 22 1 3 259 230 10 3028,1,20504
9366 99 405 6 1 3 34 9 406 249 9 85 406 32 405 1586 329 7760 32 805,1,20599
200 22 49 117 1151 902 32 4 330 107 214 41 236 4 7 190 210 190 1269 200,1,20619
41 1 25 16 15 411 392 368 65 316 21 41 16 15 1 6 101 6676 39 517,1,20670
578 830 1975 311 591 29 59 600 4057 273 76 170 2069 1623 66 1295 138 357,1,20713
175 4 378 22 49 38 1 46 22 49 254 81 378 4 1 3 154 1039 81 1681,1,20732
779 2505 2 5285 60 94 132 2510 112 223 442 104 554 12 46 4 89 101 2713 1467,1,20733
99 581 20 14 27 240 22 5 24 49 4 714 24 9382 9383 48 122 65 952 581,1,20857
388 663 261 9386 9 1091 817 1160 62 123 9 691 388 663 798 5470 1555 7779 1464 189,1,20927
36 307 369 7792 885 65 612 127 89 5288 124 2068 156 312 154 3 95 1419 4283 36,1,21019
38 3 702 933 1770 65 3999 612 38 1 3 230 10 70 702 1770 352 344 856 38,1,21112
124 116 89 323 356 17 1794 127 89 323 430 703 356 65 1043 759 647 211 631 39,1,21144
17 98 47 7 1 38 43 1 3 52 939 23 784 1919 980 47 1472 13 54 44,1,21149
42 634 392 368 269 1 3 264 3950 392 368 1073 42 269 1073 3,1,21296
794 411 289 77 89 3649 1802 794 411 3 102 289 360 3,1,21320
628 33 1967 1 8 33 942 1095 279 1 254 855 33 8 62 577 2449 7 52 7,1,21449
35 448 7 414 826 150 9413 1647 541 589 826 185 150 9414 6355 150 79 126 86 1647,1,21513
1370 1149 494 385 5 22 46 270 4 324 73 170 23 1236 73 582 252 385 1086 2,1,21534
1004 940 282 1958 1391 3486 3 6 694 504 439 656 241 24 25 9415 6362 9416 694 995,1,21566
5 569 2 4580 184 664 365 125 982 3337 42 2 1 1811 5 569 12 305 167 167,1,21750
14 38 113 194 632 16 562 104 55 852 38 932 684 113 37 1091 1779 95 63 219,1,21803
189 976 69 373 1390 230 10 134 223 882 1023 211 1633 373 238,1,21937
134 129 1165 2 378 7814 257 154 757 302 129 1165 338 698 482 2252 424 1143 284 301,1,21971
7 78 60 1073 8 447 7816 7 133 6 60 1073 137 7817 2222 13 938 8 447 7816,1,22148
276 2 48 5 22 13 2247 518 131 22 5 24 49 4 714 139 106 791 2558 4,1,22189
578 98 322 2684 258 2826 1241 1093 1 1241 284 98 2 101 1430 119 2684 283 311 1241,1,22282
178 407 1190 205 1188 551 150 1 65 13 77 138 1 294 877 70 262 551 407 150,1,22372
495 1915 79 54 552 54 13 320 2269 7824 76 193 10 831 4387 223 412 9421 161 1912,1,22718
6083 1743 214 159 531 159 31 60 2568 86 3 1086 6083 1743 214 159 531 464 3 1634,1,22848
218 31 18 6 57 9426 218 650 1 25 745 764 196 1233 54 7833 74 72 7833 93,1,22884
852 413 1 6 65 97 109 290 10 804 3591 2349 523 598 413 101 3410 2027 3313 5,1,22997
1838 116 3 57 3121 36 108 1586 444 3 57 3121 36 243 12 5197 4484 1838 116 122,1,23209
21 193 652 854 28 33 530 16 530 33 89 101 28 33 6017 16 691 33 836 1158,1,23357
467 211 1657 3354 127 89 5288 4645 3354 630 92 32 211 159 86 277 2175 1518 112 331,1,23572
218 3 1566 36 399 125 243 1098 1067 243 600 1286 65 496 1439 636 36 399 1376 498,1,23582
172 1 3 977 39 264 300 1 877 3 62 172 3 977 39 371 264 127 89 2859,1,23622
1373 705 2 1 3 243 12 23 66 1373 67 42 3 102 5 22 49 20 1373 705,1,23640
1739 1130 249 1363 874 322 2052 69 874 1 448 29 10 1739 1130 249 2052 69 155 250,1,23838
1 229 57 1781 136 1262 813 217 1158 1736 2378 3 648 1088 491 335 1781 3065 1 2363,1,23938
103 81 643 20 81 643 3 15 183 113 112 289 103 7 377 103 1038 377 1155,1,24119
295 1976 1067 171 49 50 186 18 41 325 7 679 16 432 200 1976 7868,1,24231
134 2020 326 283 7 243 1091 2390 408 1 765 1 1059 6190 7869 94 6374 7869 23 20,1,24249
178 317 57 13 5 47 254 3 5999 300 173 1090 576 375 174 173 557 332 539 173,1,24331
146 166 9460 133 3 127 89 1021 79 578 562 2250 2090 9461 3124 262 4208 253 686 146,1,24341
675 39 376 2288 376 125 562 254 394 243 12 888 243 1098 1160 12 1861 4461 264 39,1,24378
1 6 9463 9464 3383 1396 2453 6386 254 6387 3383 1396 364 1037 198 1479 1614 352 639 4842,1,24436
21 1024 298 130 723 678 50 7 3035 1629 6727 518 133 6 576 26 142 57 472 130,1,24522
138 113 3699 586 138 63 142 109 3137 586 17 138 113 10 932 67 70 786 3699 586,1,24525
99 26 1307 152 500 3 376 230 10 26 737 5735 376 1307 36 9473 21,1,24563
5 1085 31 455 66 54 176 924 199 5 199 455 4433 69 94 303 9474 924 199 82,1,24617
1860 956 454 2440 65 97 754 125 890 956 3 164 506 164 746 119 428 463 40 1813,1,24705
1135 82 48 5149 27 3 243 9477 600 578 65 597 223 32 194 554 93 194 1258 23,1,24756
175 2400 45 5 1264 1063 881 4 7 2400 45 612 2 5 22 49 620 2400 45 20,1,24802
101 322 124 365 26 89 101 89 101 9479 101 448 9480 2944 448 1865 880 26 941 322,1,24922
2002 5 468 490 51 485 269 630 552 67 5 2 2284 223 281 10 993 468 949 1355,1,24979
1 4 172 2959 1 594 2377 7914 878 2532 89 1021 6 79 241 552 1102 1 594 2377,1,25096
1 130 258 35 743 92 1775 9483 2020 130 258 1 3 1 167 205 3 35 743 431,1,25178
181 126 335 5 199 2637 2421 89 101 38 5 596 126 3659 694 3464 11 1160 126 335,1,25183
341 568 2 4145 1589 1153 2 3672 22 4145 5309 341 50 7916 518 4145 2522 52 1067 341,1,25201
42 67 2 22 49 393 16 316 4 67 3 30 665 7932,1,25263
21 495 2 1718 79 397 918 833 889 963 578 110 9486 2 1631 4155 110 174 7938 2,1,25470
531 710 2337 786 2397 710 2337 1635 500 125 254 159 5 476 446 1723 201 2337 444 506,1,25623
5 2095 1967 5 569 550 740 460 675 32 2095 1092 10 2014 2305 569 3686 2095 1004 675,1,25843
262 28 506 1779 172 1227 993 9497 1105 28 86 867 264 60 86 20 262 28 506 1779,1,25902
2 982 67 4 3015 200 497 9498 4460 435 177 291 980 56 9499 1268 3015 200 89 1508,1,25999
7938 144 411 367 1345 65 9500 4965 1 1296 2853 44 1261 255 411 367 1345 159 101 448,1,26105
42 774 89 101 928 929 215 89 101 190 424 774 101 447 42 774,1,26157
122 612 418 4 5 22 49 441 490 2957 479 82 101 172 382 490 2957 479 82 4110,1,26393
675 253 2 98 2 66 253 2 3712 354 296 30 2170 1011 1131 17 3712 704 12 98,1,26456
42 81 84 2003 833 889 963 9503 1868 59 1 2003 9504 2230 9505 9506 230 10 228 2003,1,26535
21 177 3059 5 22 243 1098 7962 406 35 5 22 375 9510 6422 7962 42 496 1790 6423,1,26809
910 150 1932 146 1603 31 491 1583 491 31 2090 700 119 150 1932 146 1603 32 910 1141,1,26885
3589 16 19 2481 101 79 928 929 13 1 16 702 375 9516 1084 381 209 549 104 1,1,27071
155 9517 9518 2453 5236 7983 209 149 17 268 1153 125 1439 1557 2453 5236 7983 339 1286 639,1,27127
92 354 2668 2 2153 88 296 92 354 2668 2 2153 88 296 107 20 9523 2153 47 1218,1,27156
935 5 22 32 2 1706 344 805 84 5 22 1202 322 1706 855 406 1863 270 1706 805,1,27166
176 212 1138 176 212 1 3231 617 1381 176 212 55 788 890 8,1,27232
3 36 1259 289 7 3267 1451 1787 12 2782 5182 1802 91 36 1259 6204 804 161 6204 1812,1,27277
109 88 1 2185 1237 58 479 358 1 655 294 52 810 25 107 5299 14 3698 4593 4081,1,27395
19 199 279 345 2595 582 525 503 316 1687 4 199 1687 78 665 48 128 579 2436 9534,1,27484
2495 402 36 392 368 1074 8 20 66 2495 402 36 392 368 1074 8 36 307 165 908,1,27581
92 133 454 1103 60 345 4084 3089 1445 270 9545 1032 8007 656 8007 24 9546 38 89 1021,1,27690
42 1099 207 26 9550 1540 237 7 21 19 207 26 2203 1099 2138 653 119 1879 237 30,1,27746
14 5 4 139 22 49 1 6 562 67 138 63 42 22 49 222 10 4 5734 5,1,27808
363 4 70 7 8 159 1645 3999 4265 4596 17 7 1 3 1645 1244 134 8 1645 17,1,27815
4965 2644 8022 268 1 6 20 1625 406 2644 8022 268 1 3 448 2118 3500 659,1,28080
6906 14 4 22 49 2 7401 65 512 274 38 6 4 300 6 3749 1 46 782 222,1,28087
1 110 2913 680 155 397 421 243 12 578 222 2913 680 155 51 2508 13 36 9561 757,1,28100
1 122 1242 142 270 218 1 3641 1571 19 6 641 2164 489 168 114 91 122 1242 1571,1,28221
434 1462 637 1740 101 434 517 1462 206 23 22 882 315 6 222 751 273 590 631 2128,1,28225
601 33 401 77 25 66 65 736 536 1577 613 184 33 750 255 18 117 80 109 8041,1,28296
2880 1 822 631 19 4344 822 631 12 289 1870 11 20 70 2880 631 141 142 155 110,1,28325
392 368 252 9568 8 1188 126 29 10 97 8 159 252 331 392 368 541 2068 8 159,1,28529
187 392 368 9 1158 392 368 1513 727 3 286 265 31 740 187 50 17 220 19 392,1,28567
3632 21 702 1681 50 9574 161 1 1930 25 3632 21 702 1681 50 3703 161 1 1930 25,1,28686
1815 417 811 193 10 9578 114 100 1195 3 12 439 444 3 167 444 167 1491 1815 417,1,28801
1014 1662 1669 1662 1669 89 101 3048 2503 3 3292 206 1224 1662 1690 326 5526 1138 1897 12,1,28851
220 673 352 13 756 5056 114 555 58 14 756 113 1584 2261 9583 9584 9585 12 307 217,1,28884
2740 44 681 3070 336 1613 48 27 7 536 27 1297 162 1194 21 609 27 536 825 126,1,28891
1743 2928 9590 36 2355 412 1201 446 1589 2928 214 2128 420 599 30 627 1154 3 1274 1274,1,28893
1 110 37 735 828 1067 37 1 79 562 2991 735 828 1067 415 222 1172 1106 1848 2012,1,28927
36 399 53 30 376 2129 1720 770 2442 690 903 2267 38 133 3 2267 38 36 1049 420,1,29073
98 269 308 1 2238 280 104 148 1 4603 49 973 6 670 98 973 65 316 1625 1,1,29192
2 36 3183 31 104 2 36 3183 5 22 49 114 59 36 307 369 9606 779 669 522,1,29255
392 368 159 2987 5275 125 1589 1717 159 392 368 53 126 31 754 707 1037 3 13 506,1,29291
544 44 6484 3 77 14 27 1727 6 77 161 381 114 3925 53 571 3 77 544 27,1,29359
209 68 2166 79 367 408 209 68 79 367 227 1472 1212 44 340 149 78 227 2099 211,1,29416
29 980 5273 31 1 3 980 1602 939 972 6486 38 9610 123 5273 243 1098 1067 1 152,1,29460
1073 421 2103 30 7 1073 167 243 12 6621 727 214 938 332 537 1114 3553 307 161 1008,1,29547
3751 36 3 1286 13 3 1160 36 4056 757 9611 275 59 31 639 778 3141 238 142 3751,1,29598
100 1053 899 61 45 65 2343 382 38 61 45 142 1053 170 4327 65 316 382 6493 12,1,29601
531 762 3 65 3398 1231 337 1549 89 1508 9623 9624 95 783 723 352 2460 1469 3 337,1,29741
122 262 6 28 113 69 472 127 89 1021 20 143 9625 2092 6 67 1 353 433 304,1,29952
2486 130 879 301 114 1340 939 1273 2003 431 546 8096 509 2040 2486 118,1,29962
72 190 4 458 102 289 17 72 1 2 551 192 102 407 65 103 279 4169 29 10,1,30098
15 212 298 1072 5092 77 1451 2782 1787 12 79 129 562 494 1564 4623 1 6499 3873 585,1,30136
1282 126 26 289 103 289 103 34 126 26 17 102 407 425 126 64 17 228 103 279,1,30157
178 851 648 5 549 1335 1 1476 178 851 648 5 549 1335 1 1476 1 9634 114 13,1,30204
518 795 1175 65 512 3779 8 3 4467 393 50 361 393 65 545 316 361 393 347 252,1,30207
1192 1331 31 1802 1192 1331 83 3726 2866 3 4006 83 216 4390 31 531 29 786 1331 292,1,30329
464 1206 5 189 1062 5 464 1206 1237 21 1062 2 8 681 12 366 493 2783 779 745,1,30346
1864 31 319 239 65 13 239 556 65 512 372 122 642 35 354 1057 21 20 473 65,1,30355
1576 1747 4416 1 104 406 2992 439 1047 4416 78 1747 276 781 1747 378 225 692 4272 34,1,30551
5 22 2 215 31 78 435 248 418 2 30 73 2 73 78 875 215 78 819 1072,1,30728
72 3619 1 6 59 226 150 1793 2194 9649 453 78 2656 4821 9650 112 11 72 6507 9651,1,32211
4253 2 31 862 4 10 1421 628 33 70 1713 4 134 57 997 4 1339,1,32285
171 144 9653 65 9654 578 101 230 10 35 226 850 126 934 1154 723 101 727 506 392,1,32366
4241 106 477 26 64 982 278 106 477 198 1 26 64 288 1675 64 188 288 71 64,1,32697
35 743 421 30 9663 9664 9665 957 9666 2193 25 35 743 1026 38 3 2264 2318 30 1596,1,32892
21 19 1368 72 1 136 1 147 1123 4343 156 92 72 564 1 10 2274 564 2949 564,1,33142
143 171 1729 69 84 127 89 323 79 1 21 84 171 238 143 1729 69 497 171,1,33276
7 101 57 619 45 408 3443 684 20 612 101 23 20 19 1485 619 45 6 31 10,1,33324
5 22 1270 14 27 5075 5076 513 1918 14 852 44 5 22 1270 490 5075 5076 531 389,1,33702
3039 3065 350 36 961 601 367 92 66 9681 1882 1222 184 36 990 233 657 1014 36 399,1,33704
2729 2 274 3018 53 1402 5 22 125 67 1628 129 63 5 362 89 101 30 125 1333,1,33916
324 1393 709 2 686 519 42 324 1393 170 1790 604 593 625 65 1496 709 341 9685 1790,1,34154
189 1691 167 8151 66 1 3116 162 38 167 169 1691 20 41 8151 23 66 189 7,1,34186
55 132 373 98 2382 60 159 75 300 3076 9687 496 747 261 132 3 373 98 373 60,1,34230
1004 675 28 425 28 14 28 425 260 16 2091 111 2008 28 14 3380 16 2091 111 11,1,34301
3736 9688 3737 3158 112 65 46 2829 101 786 621 453 5504 9689 513 479 1157 88 861 5,1,34358
59 872 249 421 9690 38 725 2210 249 494 89 101 539 95 1550 3742 9691 2127 458 9692,1,34613
42 798 15 945 164 326 12 58 9693 7 164 123 3 6305 119 83 164 81 32 510,1,34625
71 856 11 933 1770 586 357 89 1021 1253 3649 65 204 138 63 125 168 1749 428 170,1,34687
359 21 2081 2 73 230 10 1230 713 37 2932 2462 92 7944 649 67 35 324 73 73,1,34757
42 1029 1118 2 512 14 38 2 5 22 192 258 2165 2 994 925 6 148 597 513,1,34782
1795 9717 5351 681 216 1604 5351 109 2736 186 9718 6518 40 66 1795 697 66 1795 2296 5272,1,34969
2130 13 3385 483 30 36 125 254 101 110 37 2404 552 990 36 886 316 36 345 32,1,35093
1371 262 89 1508 105 102 39 125 89 1508 1114 252 70 262 105 102 39 1008 1217 2404,1,35313
262 438 2960 1740 1 6 262 438 2960 1740 262 336 105 1 3 25 1037 12 288 538,1,35343
523 209 68 2614 704 61 45 1220 75 209 68 1584 4750 9735 170 367 109 4 739 17,1,35411
702 553 1 928 929 6 2967 538 1642 562 903 101 29 10 702 553 713 6 713 1,1,35580
5 22 2 252 215 238 7 1 241 3070 944 919 215 4 1160 5 22 2 222 73,1,35657
28 210 2899 72 935 16 17 72 935 16 1 3 156 245 21 7 28 96 103 65,1,35658
92 35 25 2637 8185 13 28 96 66 35 9740 3107 13 6 588 410 9741 1425 107 35,1,35716
284 1 164 87 1128 87 133 471 482 1407 164 87 133 2087 1752 205 135 231 41 1237,1,35758
610 1 6 214 159 1 6 79 1 155 10 247 9745 1736 82 681 207 26 668 503,1,35847
21 393 1 448 43 47 12 692 302 1411 1 928 929 448 25 698 158 43 296 10,1,35852
101 1587 232 2354 184 961 503 300 101 448 1415 337 80 915 519 242 818 2602 1288 233,1,36220
236 4 895 87 101 89 5058 877 895 87 64 773 288 26 1777 574 492 1309 758 107,1,36311
232 1 6 57 13 116 64 625 116 64 76 31 65 70 116 6 21 1865 374 36,1,36329
132 313 20 132 313 1 7 50 1 67 313 1 208 54 50 216 23 32 157 1,1,37307
2447 534 565 359 118 72 60 3666 89 1508 192 208 19 449 335 469 134 2447 1027 9749,1,37499
18 41 451 138 63 230 10 188 114 1931 65 9750 133 25 697 3085 655 1734 248 20,1,37877
22 3748 2972 1 2972 38 48 128 9751 518 2728 6432 9752 1180 1437 95 3062 2972 1 842,1,37970
421 547 258 2638 220 258 546 1816 19 907 414 6 1 369 19 2638 5138,1,38129
544 126 26 1760 382 907 888 280 562 9765 9766 101 520 10 142 2242 300 1743 3319 9767,1,38297
421 2524 292 243 1098 2859 7 2524 2591 256 36 20 1148 7 87 583 64 222 31 2524,1,38363
327 15 627 79 893 3294 1158 2254 19 1 3 243 2592 79 241 1 450 15 627 1606,1,38760
928 929 369 144 204 537 2455 1 928 929 369 501 204 1 121 1836 499 301 3546 66,1,39138
892 329 81 1015 546 160 329 26 892 81 21 329 76 642 31 101 4623 916 81 3,1,39230
886 228 253 65 316 21 228 253 886 92 13 1093 3770 81 446 51 228 1405 178 38,1,39499
395 14 5 4 282 38 63 14 38 63 868 2799 5122 726 13 63 219 62 1080 90,1,39649
421 1 736 210 9772 41 39 6 27 79 77 106 1 448 79 578 1684 39 6 102,1,39851
100 241 3 92 100 13 96 500 241 67 6 1019 155 10 5427 1635 15 147 37 1637,1,40062
92 189 111 244 102 96 92 189 111 8212 5 8213 102 28 289 355 65 77 3 492,1,40147
3351 662 1207 253 1015 85 12 553 263 68 197 228 253 110 543 500 228 529 184 298,1,40357
92 183 1 3 39 549 21 183 1 3 2389 1930 39 549 436 1339 12 39 1800 460,1,40419
374 845 50 28 374 1 353 1152 103 28 374 157 260 1084 209 149 1 3 211 414,1,40459
1 9 308 35 579 91 1808 607 18 91 3 351 926 60 3586 973 47 663 9 575,1,40719
7 1 448 5372 3726 448 105 136 692 5372 448 339 6723 670 513 10 76 124 4308 1489,1,40934
425 385 31 1802 425 385 15 420 683 2248 449 159 840 397 5 476,1,40990
495 5 979 629 740 629 198 766 446 20 457 553 1340 198 137 3280 20 553 550 5,1,41463
76 1 143 8227 9 322 1691 640 12 12 198 366 1026 1691 246 2366 376 143 83 537,1,41859
1131 2547 2547 675 78 37 2547 579 37 285 104 222 2565 13 78 4749 1788 1160 1924 54,1,42079
1 27 840 88 651 1433 292 142 1 44 840 88 651 1433 292 5652 3246 11 142 4330,1,42129
5 33 354 25 13 47 754 274 489 38 12 7 354 1 25 546 5 47 1271 38,1,42245
99 5 22 581 513 467 99 581 1954 5 22 3313 528 367 1401 290 543 34 98 9,1,42347
2722 488 28 430 8239 445 142 6158 10 7 28 822 42 251 316 154 21 33 4 338,1,42474
757 328 3016 21 702 874 50 1 25 1268 60 1194 7522 1010 230 10 70 447 702 874,1,42642
21 2536 5375 1458 5375 1617 817 1108 1165 815 2536 2600 1178 2052 4748 1165 2 6157 65 288,1,42706
421 5 172 1227 1981 8 3 591 5 172 1 222 1313 2036 1981 8 9818 3 591 3466,1,42749
274 378 418 4 242 187 17 242 187 3 95 17 66 500 70 54 44 418 5 22,1,42958
14 74 16 849 2 568 530 1 27 13 1503 230 10 14 74 849 79 185 14 74,1,42983
148 129 1 228 5 84 2499 65 612 53 1 3 1660 309 54 4 19 215 5 22,1,43361
8279 33 482 29 137 33 102 8279 482 4 2 8 283 173 29 137 33 63 55 19,1,43410
457 5 172 1482 290 21 457 1482 5 172 88 6544 107 55 276 1482 9825 2915 4531 457,1,43436
1576 3595 2 1274 262 92 1576 676 4 86 2050 12 2 1244 1094 584 529 325 5 2,1,43444
134 1775 373 385 129 101 1013 354 373 385 237 503 526 12 223 2206 190 9828 1633 526,1,43462
282 157 84 29 10 66 500 21 467 1 14 44 899 61 45 84 314 54 44 209,1,43517
1993 480 79 1628 63 1993 9 2388 619 45 2623 378 86 102 6546 969 4506 63 86,1,43865
15 274 968 221 215 127 89 1508 494 578 274 3 242 9 246 331 9 218 968 215,1,43892
547 70 431 283 7 65 2475 547 70 431 283 7 531 786 547 83 13 214 159 541,1,43970
1004 7 145 1592 811 779 1157 1138 1592 811 3 91 1592 811 2128 420 584 3986 472 866,1,44037
210 275 296 531 142 275 296 210 370 141 169 9831 9832 4647 9833 9834 2217 3 681 130,1,44293
19 297 1282 305 879 535 2 928 929 3116 1340 11 6364 13 297 1282 305 1363 283 10,1,44443
487 126 330 210 562 325 487 126 243 12 7289 2062 908 217 330 703 210 141 117 451,1,44592
99 6 111 22 49 65 512 54 2 22 49 545 9836 9837 2 2 2059 75 2268 9838,1,44677
878 1041 694 9 289 28 96 29 10 143 1041 289 24 1 9 9 2662 325 143 24,1,45070
5 19 1348 8 128 8 746 5 7 1348 8 5 244 125 869 6549 1348 9843 1348 24,1,45093
1312 6 1654 102 28 92 1312 6 1654 102 28 103 314 1209 261 146 6 2809 85 2,1,45601
382 1101 258 385 1656 615 1501 125 494 5 615 1501 2728 615 1023 19 258 431 161 385,1,45779
334 76 32 6 125 142 270 4751 118 122 3022 1736 14 121 27 3 13 60 17 180,1,46142
39 1630 2064 346 222 39 1630 1 3 530 4032 53 3583 278 356 876 3 89 101 1861,1,46214
50 808 960 1451 5175 5176 931 6 241 262 3 192 147 4004 67 32 209 68 61 45,1,46315
1014 119 321 1446 92 1014 119 436 321 363 230 10 9860 4194 363 321 443 89 101 195,1,46979
322 1 105 676 9861 214 480 307 520 408 89 1459 9862 161 1873 127 9863 234 322 1,1,47157
388 103 5640 150 490 2957 479 82 531 794 127 89 1021 1253 3649 19 490 258 388 103,1,47448
3 2748 751 565 4561 60 1073 133 86 5977 11 6298 2748 9864 602 446 1047 367 1733 8,1,47819
2081 252 322 529 2287 1 98 1767 1659 252 322 9865 2287 1802 162 21 2081 261 1 98,1,47886
1 4 49 8 55 81 92 1716 1 4 40 49 8 2194 798 621 8 308 295,1,47924
547 76 31 9870 409 83 537 1340 242 1628 1415 127 89 8311 636 547 237 214 1050 2,1,48085
7 411 249 88 1092 65 5385 7 5385 406 448 195 11 411 249 1863 1092 7 505 247,1,48837
19 455 199 38 5 199 5 199 494 307 1621 3880 9871 162 270 437 12 217 452 698,1,48901
38 1 6 1107 5 22 9877 9878 262 448 793 5 47 906 881 38 1 6 9879 9880,1,48935
4578 39 1531 68 102 28 462 397 39 2932 1 6 9883 741 72 9884 69 1895 180 125,1,49053
1314 99 1510 5 199 226 37 5 199 7 1314 1516 19 138 1510 5 199 1 325 1314,1,50221
5909 731 43 1159 319 1 430 38 167 1159 592 163 1186 38 703 1159 135 1359 43 363,1,50223
695 1693 490 212 113 971 1932 1078 82 204 1459 6280 225 756 19 605 2219 695 204 113,1,51065
1881 73 2 67 21 431 73 38 37 644 223 22 49 2 67 3 65 13 101,1,51583
109 25 12 1471 1 2 144 881 2 22 49 109 428 14 2 88 1 25 883,1,51689
2720 7 729 1748 2922 166 1186 355 6 62 2922 166 559 3101 2720 7 729 1748 531,1,51739
1229 1 3 1992 367 710 1160 1 91 1992 367 710 8323 2261 243 12 9910 1340 939 76,1,52184
1159 135 126 295 101 3423 397 77 5 101 9911 448 1914 530 1159 43 296 2770 1914 4428,1,52339
1817 1099 34 426 263 207 26 127 89 1508 1 366 77 843 939 167 3152 698 34 426,1,52596
310 326 1419 636 173 21 310 6119 326 636 317 81 65 13 1 127 89 1508 1012 1167,1,52833
1001 3016 215 1 3 6 1 3 4619 422 454 1587 76 642 573 19 215 875 42 494,1,53064
42 8327 1442 212 61 45 9915 189 1442 952 212 3499 3 690 34 713 91 212 1092 9916,1,53225
92 18 3 57 282 138 63 127 89 5641 1549 1023 1852 291 218 3 290 252 248 14,1,53601
66 398 1252 2 416 4352 74 2 680 439 416 14 1 3 21 66 378 16 416 2,1,54025
7 456 2543 1517 592 999 239 3999 19 456 2543 20 7 363 592 239 9919 197 456 769,1,54149
2074 1967 18 745 161 659 2159 18 1 6 23 66 675 234 328 282 2074 5 22 234,1,54771
1451 4293 387 69 303 65 4110 72 2 1451 4293 1549 13 1503 623 3 95 2006 192 303,1,54806
800 4 5 22 17 1358 800 4 5 22 1168 390 14 165 14 5 22 17 1358 1467,1,55666
189 134 15 4 102 28 28 103 189 134 15 2 1167,1,56620
1570 81 48 272 823 9929 132 167 358 3949 823 48 1 3 823 308 16 942 41 9930,1,56635
2584 3978 61 149 1 1320 1141 278 807 1320 73 101 307 2113 136 1371 3978 61 45 325,1,57913
1367 79 227 89 1021 89 1021 79 1 9943 209 1067 6493 61 45 172 382 1693 574 738,1,58168
241 88 1 1622 270 9947 241 222 9948 5245 503 464 241 88 1 241 2270 1 4620 813,1,58405
392 368 1 25 8341 30 65 118 1 1296 1371 8341 30 264 534 86 9949 1608 3448 915,1,58594
495 313 629 51 233 367 36 3543 448 2989 80 3537 908 288 603 6492 95 313 2 1513,1,59403
205 324 73 546 2 92 324 73 3001 107 20 205 1239 1135 2 73 346 168 1,1,60826
5 47 132 675 173 290 251 5 47 607 132 173 290 251 675 161,1,60894
68 227 79 15 1040 40 31 1 223 442 32 258 68 227 79 15 1040 40 31 100,1,60897
289 613 1 6 105 20 72 289 6 95 576 26 4529 1802 92 72 289 613 1 6,1,60906
175 2406 860 9958 2719 125 325 9959 200 6543 409 214 389 65 736 101 79 1 5182 609,1,61115
282 2 22 49 13 103 279 92 14 2 22 49 13 103 279 224 512 2283 155 250,1,61541
89 1459 80 3597 6 623 110 512 1386 118 885 81 25 79 28 25 3597 325 196 7868,1,61641
7 297 228 411 249 881 9963 9964 534 249 101 249 5331 1177 3 1371 228 249 1207 9965,1,61818
1280 67 25 581 903 3 2512 52 344 88 1710 562 888 682 344 6564 4 5 1264 5,1,61957
28 32 264 127 1459 65 185 121 166 338 39 387 303 1333 1757 4092 1459 95 82 28,1,61967
178 138 207 113 337 1231 337 113 720 974 810 109 25 8335 1069 9967 265 146 1469 113,1,62210
8350 2222 3722 397 893 303 121 166 127 89 9971 8311 620 883 397 292 62 366 883 397,1,62387
1865 175 209 149 6 127 89 1021 89 1021 562 6216 641 1621 177 1532 1544 758 82 165,1,63170
975 3 110 6566 52 14 175 574 985 787 1769 51 344 30 201 14 38 110 235 4020,1,63630
5 310 487 317 132 101 648 121 9974 9975 3826 2034 101 1 152 25,1,63748
181 173 1 1 3 125 3920 173 5999 38 1 3 715 625 104 21 181 317 48 3,1,63758
3434 14 966 192 1 57 141 2379 1 20 3434 14 966 336 426 378 109 966 336 20,1,64353
154 802 510 7 161 1239 1135 4 1 2494 627 161 1239 1135 4 133 161 2328 4 4325,1,64692
282 2 57 1494 74 16 14 4 1 57 1494 74 16 1015 395 92 217 1244 42 3749,1,64799
1237 301 1 73 3254 733 1237 301 1 91 697 4496 270 1109 1911 644 37 1 1256 38,1,65557
299 67 4 104 4 299 448 80 694 4 481 6 465 3390 67 4 81 93 194 880,1,65922
1708 8 113 586 63 6 401 61 3367 11 734 43 8 8370 114 65 3999 612 1 3,1,66192
21 641 134 830 338 1579 326 59 300 3 448 89 101 79 4327 230 6468 1398 29 1100,1,66250
8371 146 2599 1063 1 6 8371 2599 648 229 2419 3873 146 265 163 800 476 1301 9995 2434,1,67157
544 5 22 4072 4 242 187 125 254 354 1 25 4822 4 125 168 242 187 12 309,1,67237
4030 442 3 125 3 1114 438 345 817 217 2404 1780 1209 165 825 2127 489 3718 390 51,1,68447
3336 464 456 412 101 125 101 3837 809 8373 464 684 3 19 456 1520 967 71 332 539,1,69009
675 1525 619 683 1525 619 3911 13 1584 2261 6569 1525 1525 619 1722 7 214 619 13 86,1,69045
220 1543 119 123 104 3392 64 181 119 2623 1540 123 104 169 133 2888 5662 1236 164 174,1,69076
143 18 96 1 1425 67 1 1425 19 18 96 3 54 28 2334,1,69108
3938 148 1070 3 20 175 148 1070 3 5 476 132 8 112,1,69391
944 960 5234 39 704 636 376 21 134 39 460 636 376 23 170 7 960 5234 29 10,1,70225
447 457 920 130 1 3 938 107 790 194 1878 171 20 457 547 317 755 21 21 156,1,73005
7 185 214 1 3 39 371 65 13 1 8383 8384 8385 125 185 105 126 10004 8386 214,1,73168
416 7 1319 498 73 5 22 12 369 3567 184 81 117 1569 2 14 10006 1224 663 7208,1,74618
92 33 74 67 27 254 1681 856 23 22 4107 23 20 220 246 92 33 4 74 14,1,75360
28 374 8 1270 77 6 243 1091 1174 1779 82 28 374 8 8 444 50 374 16 10012,1,75510
21 66 440 117 2 282 65 3507 211 169 3025 117 22 49 29 10 21 100 926 117,1,77309
203 238 2445 3 473 155 20 1 3 89 1021 2319 707 1439 513 55 467 500 92 445,1,77423
3351 15 212 89 17 1014 298 89 10016 15 212 5815 108 291 92 347 301 20 20 14,1,79112
54 199 4613 455 660 105 1 6 214 159 2254 14 199 4613 6 54 154 951 455 199,1,81692
997 5 8 636 22 49 347 1 6 3 562 10017 448 23 170 7 253 2133 112 484,1,81769
3402 575 26 1014 36 399 1604 3402 26 575 3 1014 36 399 237 4169 1010 10020 2460 817,1,82313
1915 54 1 1320 1767 552 680 1422 16 5 272 122 42 62 421 508 2 441 50 186,1,82339
203 691 5295 1135 104 295 61 45 101 169 5295 930 994 307 2113 763 295 169 23 175,1,85290
807 73 77 10021 138 113 294 1114 71 77 101 13 10022 67 478 10023 294 1 570 73,1,86920
2933 2276 2538 65 382 490 2538 444 125 254 109 2276 20 2933 1749 2276 943 122 42 21,1,87167
21 19 1003 194 43 68 227 1279 1 25 20 66 92 19 1003 194 68 227 1 25,1,87410
1798 872 610 1 570 207 26 562 1505 101 1 570 13 242 194 35 668 207 1231 6,1,87897
122 7 2661 747 207 494 101 570 167 65 10039 747 207 698 172 3 1469 967 80 3236,1,88088
2002 223 373 1390 5 373 2 562 494 38 1477 1174 193 125 1160 385 620 21 10 373,1,88120
101 747 207 912 1056 494 570 101 122 32 912 1056 7 912 866 83 312 108 29 10,1,88263
134 26 207 269 570 303 269 1700 207 26 101 570 6 1105 269 122 642 70 1915 802,1,88306
10042 912 866 5184 263 303 912 866 11 430 668 207 866 2006 10043 779 610 3 263 3,1,88431
570 6119 385 326 230 10 3 326 1809 184 321 385 976 385 80 1662 7 1342 654 84,1,88633
134 223 190 98 47 424 908 31 1218 1405 1578 3 230 10 910 382 385 31 1405 908,1,88909
8430 3746 3210 568 136 498 3210 568 852 8430 954 4273 585 178 3746 3210 568 200 22 49,1,88923
19 1765 249 1092 570 249 494 8323 1320 570 1069 99 397 2079 2500 670 249 52 1765 397,1,89020
7 94 57 13 5 111 244 20 3587 5 111 244 663 2630 1178 66 111 460 10 542,1,89622
68 227 149 133 3 1637 3188 105 1637 105 372 7838 6395 68 227 985 15 27 50 308,1,89737
2434 139 106 655 106 4 102 28 65 316 1921 1200 139 861 655 861 4 67 1 6,1,90141
94 4607 3168 8440 10063 8185 2637 2435 65 13 10064 27 1059 863 10065 6578 1095 1103 1201 1440,1,90152
8448 392 368 1441 3498 62 121 9 1 570 1160 121 166 302 1555 8448 392 368 1441 3498,1,90250
223 1382 1529 3 1135 223 1382 1529 65 97 613 1135 421 1529 444 1 15 993 5 104,1,91656
536 397 4 1 570 1160 151 1609 64 633 198 236 397 4 872 288 198 1754 421 384,1,91888
1204 3 1 1553 4532 1 1553 20 7 1218 3 7 2208 722 738 97 154 802 92 1158,1,92480
81 1011 643 1241 20 1094 643 6 972 5289 377 1155 1241 66 212 1054 15 113 183 112,1,92565
22 528 386 856 77 367 386 3 10102 3 367 209 149 413 77 114 92 22 528 386,1,93609
92 35 5 47 98 1586 444 92 638 5 47 1 6 21 52 41 98 344 4 696,1,93846
48 10104 634 455 341 1950 16 114 190 709 4 38 455 460 634 341 709 2 1 3,1,95192
712 1 3868 18 295 66 1 174 1696 61 1005 3146 102 2402 2625 1578 621 2010 10105,1,95678
66 165 1722 79 1 570 32 10106 30 165 6 20 66 165 6 186 79 42 148 122,1,95753
134 129 2 134 64 3685 4367 2030 2 10107 10108 37 876 3679 6 1023 183 6 1281 2,1,95975
158 38 1241 98 2 98 2 1 6 441 1185 1241 530 13 98 226 410 158 38 1241,1,96253
122 1112 547 936 122 1112 547 936 1900 547 186 547 226 62 225 1112 76 1112 67 936,1,96546
7 632 16 314 4448 1078 16 695 378 632 16 478 113 7 695 222 695 7445 4448 50,1,97304
1371 14 1703 512 14 1703 5 101 448 1830 1703 16 10110 917 209 68 1333 16 219 14,1,97893
134 1322 1235 1046 175 2896 1436 392 368 710 320 570 264 214 15 2577 10111 10112 206 512,1,100657
725 658 4148 524 81 779 66 42 81 75 6369 4148 524 5279 2238 5077 510 958 109 1167,1,100726
1817 1 15 73 421 385 19 258 1 15 73 75 62 1817 73 4455 93 54 343 54,1,100991
5 388 179 1107 385 1501 5 388 47 638 1501 2 1 1686 77 89 3457 570 807 27,1,101498
3 49 665 30 51 36 452 745 1 91 543 135 35 665 30 51 175 36 10120 143,1,103328
44 761 419 1159 117 66 5 22 44 291 10121 1454 626 2034 20 66 401 5 22 44,1,104585
416 299 5 22 244 2 13 10122 877 307 1039 307 1114 5 22 244 2 814 124 149,1,104842
702 50 849 185 105 65 13 849 2 568 446 17 702 50 849 61 45 185 642 42,1,105503
134 1928 385 1 570 223 2093 329 26 134 1928 1 570 10 1320 92 134 1928 11 92,1,105902
1212 488 111 401 77 1 570 6 1667 1953 3754 1 209 61 45 4082 340 61 45 6493,1,106028
792 226 202 634 2426 1 6 2243 330 256 792 226 202 455 723 447 185 1311 226 202,1,107107
1776 181 3099 272 20 1776 181 3099 1430 272 3 155 250 272 2985 2695 7743 167 786 1068,1,107196
675 27 176 8 237 2 8 176 1 675 161,1,108926
529 3262 1165 80 50 127 89 6580 1518 127 89 6580 1518 10138 79 1 570 125 136 499,1,109833
1 183 1440 901 114 1784 1140 109 4648 381 3 3 4645 853 5461 413 124 68 227 4978,1,110041
175 43 47 1 89 1459 127 89 1459 1 2421 98 47 437 125 793 309 14 190 27,1,111307
651 176 2882 1 110 501 4179 1271 138 357 4179 693 734 651 176 1708 176 693 1708 651,1,111525
21 111 244 177 30 883 111 244 177 238 424 30 2989 435 248 778 645 776 256 44,1,111836
189 39 387 1 3887 668 26 610 20 7 477 396 221 188 25 26 610 668 5193 330,1,112040
72 74 57 282 6 28 92 72 74 1 6 57 282 2 155 10 28 14 24 2,1,113387
1255 129 74 478 33 67 478 113 3 1070 15 8 183 643 282 4064 29 10 1255 12,1,115020
1200 634 269 5 272 1 21 1200 308 269 190 790 5 272 1 21 264 5 272 79,1,115786
6526 146 265 1397 43 4843 265 57 2098 521 5187 146 2599 1 222 515 1063 91 105 1129,1,116473
218 337 478 113 531 903 1 3 20 19 498 110 95 395 18 610 337 113 786 18,1,117588
7 94 2671 3221 155 10167 270 7288 270 88 1056 446 42 2723 784 612 180 65 3570 424,1,118741
189 39 387 13 28 127 89 1508 322 1048 39 387 35 189 13 28 462 168 436 186,1,120394
702 279 47 3 90 57 1860 2120 1984 832 279 879 123 27 903 38 1 3 20 702,1,121069
60 1 751 6 468 6 1274 262 41 287 1793 468 1322 1235 202 258 1086 468 392 368,1,123129
88 1 91 263 1195 88 772 937 2995 4771 263 937 161 1 91 127 89 1021 10171 10172,1,123695
5388 1207 4306 253 98 1 1915 1207 4306 253 98 1 1337 4819 23 32 62 1511 258 2463,1,123765
512 204 15 632 1458 2656 4918 165 30 1606 3518 1440 38 1129 1 142 6303 38 33 6342,1,124344
377 1 803 8 212 105 101 26 2383 10177 386 672 10178 317 10179 3708 390 83 636 1552,1,125121
873 39 159 277 1505 1 194 101 2958 778 1217 2117 204 1830 50 105 1121 2322 185 2321,1,125140
161 44 22 590 1778 20 315 172 1496 397 2361 10182 4438 2 315 568 2128 4438 512 22,1,125250
2407 111 732 2329 303 361 166 137 2407 116 64 87 2329 634 32 62 457 20 374 426,1,125719
177 1394 468 60 86 223 136 1 73 101 2796 19 223 468 60 86 3 4608 802 177,1,126019
189 2052 69 84 383 1 873 142 574 2455 1619 1 873 92 1393 26 383 122 42 261,1,126117
21 2252 2 3862 3862 7702 539 2545 3618 101 3047 3556 11 2609 386 547 226 567 136 226,1,129074
185 334 611 1584 6822 10187 408 2362 29 10 204 873 37 10188 625 222 10 122 42 334,1,129174
24 1 3 1513 4068 586 4610 4068 586 10192 12 10193 4064 4610 1367 382 495 536 5571 2093,1,129886
220 300 547 594 33 57 3792 1984 547 8 814 280 1422 209 68 7728 333 220 594 33,1,130922
903 38 36 17 2384 538 36 10194 4400 886 184 233 903 1406 17 2384 38 36 13 1331,1,131545
545 1266 3628 1044 1009 787 122 2200 2284 6539 70 137 3628 77 25 183 478 3163 507 4030,1,131851
84 39 960 1 29 10 960 640 84 314 376 637 1 6 105 39 371 178 854 507,1,131931
467 91 63 538 2952 903 38 3 222 52 422 869 719 1352 3 881 2250 6482 281 38,1,132368
932 71 352 33 13 756 113 4534 10197 127 10198 840 77 129 1 640 33 274 33 68,1,132708
675 2292 110 1698 110 2292 110 1698 110 78 1859 1 336 2631 1163 105 152 1 1163 1876,1,134561
175 1135 1774 1820 598 4 2364 1722 421 214 159 2429 1722 1 10206 10207 2322 264 60 1820,1,134927
334 52 33 6 109 290 467 334 52 204 194 12 643 1403 11 92 137 514 2720 49,1,137895
175 3039 52 4 3620 4 87 1 254 3238 167 949 3039 52 4 329 44 23 17 32,1,137963
1 3445 2 210 41 86 1 43 947 1921 6297 4920 190 117 2 95 1244 42 21 6101,1,138311
72 378 96 103 57 18 3 89 1508 77 679 16 432 289 355 67 378 1 507 6562,1,139347
679 16 432 441 885 8 203 65 316 547 305 16 3 308 8 8 24 547 50 305,1,139498
6 373 1295 1529 1015 53 1 127 89 3874 372 30 4425 53 217 10214 2224 373 2 3,1,140244
1893 175 1808 2267 183 1559 161 1453 183 3971 430 1808 2267 1559 63 152 70 99 63 152,1,141382
871 2325 57 218 367 940 218 843 10216 77 91 125 3095 127 1021 1508 724 70 7 2410,1,141885
207 26 780 175 156 6 254 689 207 26 780 446 550 395 872 412 633 26 48 3,1,143330
1570 48 646 823 130 16 125 512 42 234 1570 408 48 823 1 646 171 625 642 1577,1,143490
586 478 1045 489 754 1507 113 80 65 13 127 89 3457 586 478 1045 65 1153 113 80,1,143685
487 133 439 1274 48 1926 30 4180 133 439 10230 3 93 283 323 53 1615 22 49 1333,1,144951
13 1 979 4 1321 488 22 49 1089 2532 5 10232 2845 499 109 38 302 12 245 167,1,145273
1 4 2069 457 64 1802 1 44 1 6210 457 64 457 1169 916 558 457 64 709 81,1,146291
315 903 5 22 315 1781 78 188 4205 5 22 315 22 315 246 685 455 5 22 315,1,149942
146 675 18 152 1027 3064 401 18 152 475 2299 1237 1131 18 152 3682 10 3064 401 18,1,152087
59 5 272 930 1718 336 37 59 5 272 930 1718 336 37 237 30 7 5 272 2984,1,154077
1025 413 1025 413 170 918 2343 612 38 2939 4615 10245 91 254 562 1602 6550 331 53 1,1,155659
76 3540 403 39 611 7 28 230 10 7 5040 27 132 1 1722 185 39 255 53 282,1,160091
38 3508 1525 406 1350 134 562 5 249 2250 1350 640 805 613 10256 136 1350 1571 1554 134,1,165399
117 1994 2 6 2535 1111 6 1654 27 117 173 68 112 188 121 1 24 6 1359 500,1,165605
8350 944 98 2 724 134 98 2 23 7 155 3 1382 4497 2265 686 98 2 3239 4,1,168085
1378 49 73 50 71 241 215 378 10257 295 55 447 7 478 113 14 852 1378 49 378,1,168263
3664 8 478 33 1255 1181 50 33 530 478 480 810 58 3664 74 15 212 95 20 1255,1,171202
10262 4008 112 70 14 74 57 2311 761 128 210 645 14 10263 61 45 17 189 761 419,1,172292
1357 264 214 9 392 368 162 159 694 444 264 214 531 264 531 6 264 57 214 41,1,174463
100 211 433 1 110 655 433 1124 3893 1163 1163 1 72 100 433 65 609 1 110 100,1,176092
1 91 1173 1613 1878 201 1259 1173 10272 182 655 562 1178 8533 10273 1225 523 119 10274 8533,1,176501
204 1 194 1667 4489 579 1667 4489 579 6 1 20 204 1 15 194 1667 4489 579 32,1,176756
1 747 207 62 7 60 1 6 728 344 166 7 747 207 167 167 174 1398 238 134,1,181711
5402 169 1004 1138 2048 272 171 646 2454 288 198 4725 32 5402 20 343 860 667 768 169,1,181869
189 14 102 39 57 1186 3461 47 512 158 4 2939 1722 2940 82 72 2 490 488 10277,1,185116
3543 1 25 840 1163 1637 114 56 10284 92 1775 13 2471 953 840 1124 25 21 55 66,1,186334
3874 1853 356 52 3875 7 127 89 3874 1853 356 3875 65 2341 4609 3875 55 42 613 2994,1,187373
134 2 79 397 385 125 223 1 15 3449 175 2462 2 79 397 545 8550 8550 79 397,1,189335
421 324 1147 1441 86 65 1645 8552 3482 1485 102 682 152 1300 454 584 1779 10287 8552 83,1,189450
42 719 119 890 1 3 52 92 42 719 119 6 5 1866 95 1244 42 2603 561 42,1,191513
890 3 189 502 1365 890 6 817 127 89 2687 1108 917 589 42 6 166 143 2679 189,1,197232
29 189 14 761 4 1451 10292 7380 79 3788 10293 280 9 876 810 14 761 4 9 4,1,201491
591 1975 127 453 531 812 1420 591 1975 127 453 726 861 65 1227 3007 3513 3514 726 88,1,202491
19 26 512 41 121 166 41 121 166 1995 10294 1 9 160 428 1 37 19 26,1,204724
68 742 562 125 1868 220 50 157 54 3326 50 68 742 54 178 50 157 54 10295 68,1,205430
42 1707 3 1 13 719 119 186 325 1153 10302 21 42 6 719 119,1,206625
2800 83 2800 427 2487 18 234 943 21 854 15 57 141 2509 2461 308 2762 183 212 314,1,213167
1 3 1 1 881 10315 3338 2757 1 1821 327 9 3 2329 1 95 637 6 1 1425,1,214816
81 4 607 14 90 4 10316 1 34 9 4 385 760 703 2 41 14 761 4 2708,1,216085
424 4 236 38 385 214 41 1159 686 6547 41 214 944 10318 345 133 86 345 1179 310,1,216714
123 3 2597 2679 2814 309 42 1959 51 976 69 3 127 10324 1 1974 252 976 69 109,1,217955
5 10325 538 1260 165 762 5 2628 2517 538 1260 254 1260 5 368 47 7 8564 65 170,1,218273
