AnswerNewID OriginalID
0 8
1 9
2 79
3 3292
4 16616
5 238
6 15081
7 356
8 45195
9 31
10 146
11 1310
12 10359
13 30
14 32
15 50
16 69
17 34
18 39
19 42
20 130
21 138
22 423
23 6142
24 12411
25 260
26 1945
27 181
28 1128
29 74
30 148
31 150
32 1706
33 2503
34 10861
35 11120
36 67
37 70
38 392
39 646
40 12456
41 12543
42 105
43 142
44 147
45 83
46 86
47 106
48 109
49 113
50 125
51 135
52 391
53 871
54 1595
55 1896
56 2621
57 10358
58 11607
59 12317
60 12412
61 12695
62 14244
63 14377
64 14395
65 15005
66 17791
67 18888
68 28788
69 87
70 1776
71 80
72 84
73 115
74 99
75 1450
76 14975
77 100
78 188
79 254
80 256
81 528
82 17014
83 98
84 187
85 1082
86 2208
87 788
88 11294
89 103
90 111
91 237
92 132
93 140
94 180
95 162
96 583
97 220
98 53362
99 156
100 163
101 358
102 23287
103 153
104 37890
105 185
106 4329
107 847
108 851
109 173
110 19003
111 329
112 394
113 1513
114 176
115 182
116 25425
117 194
118 209
119 216
120 228
121 246
122 1089
123 223
124 226
125 772
126 19294
127 33721
128 224
129 5638
130 5696
131 225
132 236
133 10462
134 411
135 416
136 483
137 1378
138 233
139 242
140 239
141 501
142 2080
143 241
144 253
145 244
146 2380
147 257
148 1708
149 9901
150 295
151 1538
152 2753
153 8999
154 439
155 1724
156 6215
157 277
158 296
159 803
160 297
161 304
162 582
163 762
164 307
165 310
166 1176
167 27276
168 331
169 341
170 9743
171 9797
172 336
173 5775
174 16731
175 345
176 441
177 5811
178 352
179 354
180 367
181 2236
182 371
183 8053
184 382
185 385
186 387
187 924
188 1597
189 383
190 544
191 393
192 5714
193 406
194 420
195 5717
196 421
197 424
198 418
199 426
200 431
201 474
202 556
203 453
204 40641
205 440
206 11436
207 448
208 451
209 476
210 462
211 473
212 466
213 9891
214 463
215 464
216 523
217 534
218 802
219 10519
220 465
221 467
222 478
223 486
224 488
225 489
226 496
227 500
228 1557
229 1598
230 10378
231 494
232 511
233 512
234 498
235 499
236 517
237 539
238 1436
239 527
240 11011
241 20569
242 514
243 516
244 515
245 575
246 532
247 536
248 665
249 1438
250 14915
251 22776
252 22784
253 22804
254 22834
255 33083
256 34168
257 638
258 42902
259 526
260 530
261 3231
262 32202
263 558
264 629
265 1303
266 637
267 23906
268 890
269 1054
270 545
271 573
272 554
273 574
274 557
275 608
276 621
277 566
278 569
279 589
280 35406
281 591
282 598
283 603
284 2467
285 10349
286 595
287 596
288 605
289 606
290 623
291 628
292 643
293 645
294 682
295 1622
296 716
297 7707
298 22985
299 675
300 676
301 16607
302 711
303 23800
304 701
305 3116
306 7442
307 738
308 6249
309 12369
310 710
311 718
312 15235
313 729
314 736
315 1972
316 735
317 9627
318 748
319 752
320 782
321 1247
322 24173
323 753
324 39501
325 780
326 865
327 1470
328 764
329 19185
330 790
331 797
332 1673
333 23111
334 791
335 792
336 14687
337 806
338 807
339 12753
340 809
341 33014
342 820
343 28972
344 814
345 816
346 823
347 821
348 822
349 856
350 17507
351 35076
352 830
353 2316
354 836
355 837
356 839
357 840
358 841
359 1220
360 843
361 845
362 852
363 854
364 1039
365 1099
366 1115
367 850
368 18931
369 864
370 2744
371 869
372 870
373 874
374 975
375 2418
376 2419
377 2433
378 3175
379 27306
380 891
381 2387
382 895
383 5646
384 902
385 932
386 3262
387 34921
388 909
389 11836
390 953
391 956
392 963
393 980
394 5809
395 966
396 967
397 10465
398 28934
399 979
400 985
401 1023
402 7639
403 983
404 7879
405 988
406 1019
407 995
408 1002
409 1018
410 994
411 998
412 999
413 1153
414 1157
415 38426
416 1442
417 54143
418 1144
419 1152
420 1319
421 1322
422 9219
423 10530
424 1034
425 1035
426 1121
427 1122
428 1124
429 1165
430 1033
431 1078
432 5859
433 1042
434 1051
435 1084
436 1723
437 1086
438 1092
439 1088
440 1091
441 3279
442 1140
443 1146
444 1147
445 3092
446 1151
447 1159
448 2076
449 9941
450 1164
451 1166
452 1177
453 1187
454 12748
455 1192
456 1193
457 1577
458 1580
459 7742
460 7750
461 1211
462 1444
463 1237
464 1300
465 1224
466 1226
467 1258
468 1260
469 1261
470 1267
471 1269
472 2293
473 1277
474 1283
475 1285
476 17625
477 1297
478 1331
479 5682
480 1304
481 50485
482 1332
483 1334
484 1775
485 5550
486 7578
487 1347
488 1348
489 15093
490 25556
491 1355
492 1452
493 1360
494 1823
495 28721
496 1376
497 1407
498 1409
499 1430
500 21049
501 21071
502 1424
503 1431
504 1443
505 12752
506 1423
507 1446
508 5937
509 39021
510 1471
511 2498
512 1627
513 24295
514 1477
515 1550
516 11503
517 1510
518 1512
519 16850
520 16855
521 1504
522 1509
523 1501
524 1946
525 5812
526 5815
527 5816
528 30861
529 1518
530 1519
531 1530
532 1532
533 1626
534 1709
535 1541
536 1542
537 1797
538 1549
539 1551
540 1562
541 1582
542 1554
543 1658
544 1587
545 1610
546 1647
547 1648
548 1663
549 1662
550 2728
551 8949
552 2175
553 2183
554 2531
555 1702
556 1755
557 1710
558 1725
559 1714
560 1721
561 1719
562 2328
563 1777
564 11513
565 11514
566 1739
567 1746
568 5979
569 1742
570 25313
571 1757
572 1761
573 1874
574 23801
575 1760
576 3119
577 20679
578 1770
579 1771
580 1830
581 3084
582 9172
583 1801
584 1804
585 2112
586 2320
587 1836
588 1842
589 7934
590 7954
591 14210
592 14226
593 1853
594 1854
595 5803
596 15434
597 1870
598 1871
599 1880
600 1883
601 2422
602 1882
603 20595
604 2043
605 35453
606 2599
607 54616
608 1930
609 1941
610 2477
611 1938
612 2205
613 1962
614 9535
615 10138
616 1971
617 49831
618 1980
619 2055
620 2061
621 2063
622 1985
623 2264
624 2265
625 2010
626 2011
627 2015
628 2019
629 3274
630 11885
631 26278
632 2032
633 2035
634 2031
635 2088
636 5950
637 2028
638 2029
639 3306
640 11256
641 2044
642 2051
643 2057
644 2059
645 2079
646 2346
647 2365
648 12717
649 12746
650 14434
651 23209
652 2071
653 38653
654 2085
655 14937
656 2092
657 17678
658 2075
659 17126
660 2099
661 2570
662 3210
663 2097
664 2111
665 21066
666 2104
667 2108
668 2115
669 8143
670 2134
671 2171
672 2198
673 2813
674 2147
675 2148
676 2163
677 3079
678 2186
679 2323
680 2189
681 17740
682 2202
683 2203
684 2219
685 2224
686 10683
687 2235
688 4482
689 2244
690 2248
691 3019
692 2256
693 2258
694 2261
695 2262
696 2266
697 2269
698 2303
699 7401
700 10859
701 2278
702 2284
703 47767
704 2283
705 2289
706 5935
707 26119
708 2720
709 19131
710 9598
711 9602
712 2340
713 2342
714 2347
715 2352
716 27150
717 2402
718 2403
719 2408
720 22785
721 23678
722 2424
723 2471
724 22852
725 2457
726 2462
727 2464
728 2472
729 2463
730 2465
731 2479
732 2535
733 2538
734 2542
735 2547
736 11605
737 2549
738 2551
739 28838
740 28854
741 2562
742 5847
743 2561
744 2656
745 2565
746 2566
747 2567
748 2572
749 2573
750 2576
751 2586
752 2587
753 17002
754 17004
755 2579
756 43554
757 2580
758 2583
759 11553
760 2607
761 2610
762 2619
763 2636
764 2637
765 20650
766 2673
767 2674
768 45286
769 2679
770 10301
771 2684
772 2687
773 5970
774 5976
775 6120
776 2689
777 10827
778 12985
779 24182
780 2695
781 2718
782 2727
783 10048
784 2739
785 2740
786 8321
787 2770
788 54039
789 2763
790 2765
791 2767
792 2772
793 2824
794 2826
795 2835
796 3308
797 7726
798 9632
799 2838
800 2843
801 2854
802 5549
803 33703
804 2842
805 2844
806 2866
807 2874
808 2875
809 2888
810 2881
811 2896
812 2919
813 2893
814 2895
815 17319
816 2999
817 12782
818 3014
819 3016
820 3017
821 3059
822 3101
823 3069
824 3071
825 3081
826 3082
827 3088
828 5947
829 3095
830 3096
831 5845
832 3103
833 3112
834 3182
835 11467
836 3162
837 7820
838 3171
839 15305
840 33992
841 3189
842 3191
843 3192
844 7868
845 7871
846 14348
847 14406
848 26849
849 34395
850 3212
851 51364
852 3233
853 3235
854 3243
855 3252
856 10707
857 4322
858 4327
859 34374
860 4325
861 4326
862 4347
863 4338
864 33356
865 4343
866 4344
867 19382
868 4389
869 7747
870 4370
871 4379
872 4454
873 4460
874 4380
875 4386
876 7992
877 4463
878 5586
879 10441
880 34541
881 4425
882 8144
883 11825
884 11931
885 12081
886 17458
887 40369
888 4430
889 4441
890 4505
891 5529
892 6075
893 30766
894 5523
895 34608
896 5537
897 5538
898 5555
899 21510
900 5573
901 5587
902 5581
903 5582
904 5595
905 5596
906 5598
907 5599
908 5911
909 8167
910 9614
911 11118
912 12148
913 12156
914 19105
915 23199
916 34020
917 5625
918 8221
919 5632
920 5658
921 17459
922 5660
923 5662
924 5663
925 5673
926 10920
927 5733
928 11515
929 20974
930 5748
931 5749
932 5750
933 14531
934 5768
935 5778
936 5792
937 5779
938 14966
939 5795
940 5806
941 5838
942 5839
943 5863
944 5867
945 30202
946 5866
947 5869
948 21012
949 28320
950 8241
951 11059
952 19023
953 5916
954 5917
955 5931
956 6137
957 5938
958 5939
959 5944
960 5953
961 6143
962 8987
963 6005
964 6081
965 6048
966 6049
967 6050
968 28505
969 28507
970 6067
971 7338
972 6079
973 7659
974 12650
975 12652
976 6113
977 6114
978 6122
979 6107
980 6255
981 6117
982 6136
983 9840
984 9841
985 6146
986 54300
987 6132
988 6133
989 6165
990 6166
991 6181
992 6188
993 6195
994 6183
995 47321
996 6185
997 6186
998 6214
999 8269
1000 6225
1001 6248
1002 10615
1003 6232
1004 23408
1005 6241
1006 7905
1007 6246
1008 8597
1009 6251
1010 6252
1011 6253
1012 6257
1013 6258
1014 6261
1015 10550
1016 7267
1017 7276
1018 10029
1019 7307
1020 7310
1021 7284
1022 7287
1023 7309
1024 7311
1025 7349
1026 7359
1027 7364
1028 7365
1029 7366
1030 7376
1031 7384
1032 7394
1033 7451
1034 10033
1035 24073
1036 7404
1037 9579
1038 15527
1039 7421
1040 36258
1041 7460
1042 7466
1043 8118
1044 10529
1045 12941
1046 7486
1047 7488
1048 7493
1049 7520
1050 7529
1051 7523
1052 12918
1053 7528
1054 7544
1055 7526
1056 7533
1057 7564
1058 7568
1059 7572
1060 7602
1061 7619
1062 7631
1063 7669
1064 7637
1065 7646
1066 20455
1067 25542
1068 7642
1069 7643
1070 7658
1071 7774
1072 7804
1073 7815
1074 7816
1075 7817
1076 7818
1077 7819
1078 16980
1079 40512
1080 7867
1081 17043
1082 7858
1083 7886
1084 7854
1085 7857
1086 7860
1087 7863
1088 7878
1089 9021
1090 7888
1091 12745
1092 14702
1093 7892
1094 7893
1095 7894
1096 7908
1097 7925
1098 7962
1099 7963
1100 7970
1101 7971
1102 7972
1103 7977
1104 25421
1105 8005
1106 8950
1107 30379
1108 30380
1109 8020
1110 12884
1111 23283
1112 8021
1113 8025
1114 8273
1115 8637
1116 8023
1117 8689
1118 9737
1119 11540
1120 8055
1121 8056
1122 8060
1123 33811
1124 8085
1125 8086
1126 8132
1127 8135
1128 8091
1129 10896
1130 10897
1131 8097
1132 54068
1133 8123
1134 38829
1135 8142
1136 25535
1137 8133
1138 8134
1139 11606
1140 8163
1141 8164
1142 8174
1143 8198
1144 26655
1145 26657
1146 27254
1147 8176
1148 8179
1149 8188
1150 8190
1151 8205
1152 8217
1153 8229
1154 32746
1155 8236
1156 30281
1157 8247
1158 8248
1159 8272
1160 9597
1161 23756
1162 8258
1163 8261
1164 8265
1165 8266
1166 8373
1167 8286
1168 8298
1169 43466
1170 8297
1171 8307
1172 8312
1173 9710
1174 11577
1175 8332
1176 8349
1177 8356
1178 8358
1179 40656
1180 8398
1181 8405
1182 10776
1183 8410
1184 8414
1185 8441
1186 9324
1187 11242
1188 12431
1189 8546
1190 20616
1191 32217
1192 37867
1193 8559
1194 8560
1195 8563
1196 8566
1197 14396
1198 8562
1199 9306
1200 9327
1201 8626
1202 8644
1203 10882
1204 15085
1205 8684
1206 10039
1207 8708
1208 8709
1209 8746
1210 9187
1211 8762
1212 8764
1213 9506
1214 8765
1215 8766
1216 8769
1217 8770
1218 8796
1219 8797
1220 10064
1221 10344
1222 8865
1223 8895
1224 8871
1225 8872
1226 21327
1227 9683
1228 19227
1229 8890
1230 8901
1231 9511
1232 8896
1233 8912
1234 8956
1235 8964
1236 8988
1237 14625
1238 9014
1239 9018
1240 9024
1241 9029
1242 9023
1243 9026
1244 9033
1245 9122
1246 16834
1247 16847
1248 16918
1249 9503
1250 9509
1251 15480
1252 9094
1253 9097
1254 9105
1255 9107
1256 9109
1257 24293
1258 9170
1259 35306
1260 10366
1261 10416
1262 9185
1263 9186
1264 15494
1265 9222
1266 9225
1267 10249
1268 28644
1269 9237
1270 12666
1271 9253
1272 9274
1273 9249
1274 9252
1275 9258
1276 9261
1277 9271
1278 9272
1279 9273
1280 9547
1281 9567
1282 9318
1283 9682
1284 9317
1285 9329
1286 9438
1287 12781
1288 9430
1289 10095
1290 9472
1291 9474
1292 9458
1293 9490
1294 32366
1295 9466
1296 9467
1297 9507
1298 15180
1299 9519
1300 9522
1301 9640
1302 9674
1303 39191
1304 9646
1305 9670
1306 9729
1307 9754
1308 9700
1309 9704
1310 9705
1311 9762
1312 9807
1313 9763
1314 9764
1315 9766
1316 9770
1317 9773
1318 9833
1319 10015
1320 10097
1321 10241
1322 10785
1323 16983
1324 9778
1325 9836
1326 9787
1327 9788
1328 9820
1329 9805
1330 9813
1331 16815
1332 22936
1333 24032
1334 9809
1335 9814
1336 9879
1337 53648
1338 9812
1339 9824
1340 9830
1341 9855
1342 9869
1343 9854
1344 15405
1345 15414
1346 9911
1347 9952
1348 14230
1349 9930
1350 9939
1351 21171
1352 9967
1353 9996
1354 10060
1355 10063
1356 10075
1357 10078
1358 10093
1359 11368
1360 10214
1361 10215
1362 10294
1363 12246
1364 48639
1365 10286
1366 12083
1367 10312
1368 26192
1369 10317
1370 28689
1371 39809
1372 10369
1373 10488
1374 10336
1375 10342
1376 11940
1377 13101
1378 10335
1379 10395
1380 10410
1381 10450
1382 33297
1383 42738
1384 10413
1385 35983
1386 10449
1387 10451
1388 10459
1389 10460
1390 10476
1391 10482
1392 10841
1393 10480
1394 10481
1395 11134
1396 10495
1397 10515
1398 10588
1399 10597
1400 10623
1401 10613
1402 10614
1403 21184
1404 12405
1405 15156
1406 10700
1407 49576
1408 11304
1409 24098
1410 10757
1411 10758
1412 10765
1413 10768
1414 10851
1415 10862
1416 10855
1417 10856
1418 10867
1419 10887
1420 10872
1421 14130
1422 10923
1423 10935
1424 19139
1425 10977
1426 11006
1427 11345
1428 12182
1429 10936
1430 10938
1431 10939
1432 10940
1433 11099
1434 11729
1435 11744
1436 11747
1437 15472
1438 19241
1439 19248
1440 23659
1441 23821
1442 24071
1443 10959
1444 10965
1445 10987
1446 12439
1447 11695
1448 17165
1449 11005
1450 17082
1451 11019
1452 11021
1453 11039
1454 11085
1455 11045
1456 11071
1457 11072
1458 11057
1459 11073
1460 11063
1461 11113
1462 38716
1463 11159
1464 11160
1465 11180
1466 11181
1467 11216
1468 11967
1469 11288
1470 11289
1471 15013
1472 27248
1473 11308
1474 12755
1475 16574
1476 11328
1477 11330
1478 23128
1479 11347
1480 11349
1481 11419
1482 11421
1483 11430
1484 11433
1485 11462
1486 39475
1487 11438
1488 11440
1489 14489
1490 11455
1491 11492
1492 11664
1493 11674
1494 11655
1495 11660
1496 11752
1497 19255
1498 11709
1499 11720
1500 11721
1501 40413
1502 11742
1503 11743
1504 11793
1505 11803
1506 11810
1507 11813
1508 11815
1509 11874
1510 11838
1511 14728
1512 11848
1513 11867
1514 11849
1515 11857
1516 11873
1517 26013
1518 11860
1519 16932
1520 11864
1521 11865
1522 11868
1523 11888
1524 11884
1525 11886
1526 11903
1527 11906
1528 11944
1529 11950
1530 11993
1531 11994
1532 11999
1533 12004
1534 12027
1535 12028
1536 12031
1537 12032
1538 12038
1539 12075
1540 14490
1541 14496
1542 12040
1543 18962
1544 12119
1545 27674
1546 27697
1547 39325
1548 12056
1549 14346
1550 12060
1551 12063
1552 12120
1553 36368
1554 12066
1555 12073
1556 12084
1557 25770
1558 32567
1559 12090
1560 12091
1561 12094
1562 12095
1563 12104
1564 12117
1565 12103
1566 12114
1567 12125
1568 12506
1569 12129
1570 54661
1571 12160
1572 12161
1573 12170
1574 12187
1575 12193
1576 12249
1577 26093
1578 12244
1579 12268
1580 12229
1581 43991
1582 54344
1583 12255
1584 12258
1585 12275
1586 12292
1587 12298
1588 20835
1589 12306
1590 12309
1591 12312
1592 12373
1593 12451
1594 12380
1595 12382
1596 12398
1597 17388
1598 12387
1599 12395
1600 12449
1601 12459
1602 12461
1603 12464
1604 12482
1605 12494
1606 12512
1607 12515
1608 12517
1609 12618
1610 12620
1611 12562
1612 12570
1613 12555
1614 12582
1615 17552
1616 21148
1617 12565
1618 12566
1619 12572
1620 12608
1621 12619
1622 12627
1623 12656
1624 12610
1625 12612
1626 12675
1627 12682
1628 12704
1629 12707
1630 12829
1631 12736
1632 12737
1633 12817
1634 12824
1635 12832
1636 14839
1637 14855
1638 12856
1639 12863
1640 12873
1641 12879
1642 12885
1643 12893
1644 12895
1645 12897
1646 12930
1647 12903
1648 12904
1649 32814
1650 12964
1651 12966
1652 39024
1653 12995
1654 12996
1655 13029
1656 13051
1657 14486
1658 14513
1659 14538
1660 13060
1661 13069
1662 13062
1663 13063
1664 13074
1665 13086
1666 13098
1667 14283
1668 14132
1669 14134
1670 14140
1671 14141
1672 14177
1673 31013
1674 14213
1675 14214
1676 14255
1677 14257
1678 14301
1679 14304
1680 14306
1681 14307
1682 14308
1683 14313
1684 22886
1685 14340
1686 14341
1687 14342
1688 14344
1689 14357
1690 14359
1691 14416
1692 14347
1693 14349
1694 14381
1695 14382
1696 14403
1697 14404
1698 14405
1699 14420
1700 14426
1701 26994
1702 14478
1703 14479
1704 14493
1705 14494
1706 14498
1707 14499
1708 14504
1709 14506
1710 14530
1711 15006
1712 14540
1713 14541
1714 14543
1715 14548
1716 14552
1717 14555
1718 14558
1719 14581
1720 14585
1721 17607
1722 14611
1723 14615
1724 14646
1725 14650
1726 14668
1727 14684
1728 14692
1729 14694
1730 14696
1731 14708
1732 14831
1733 14744
1734 14745
1735 14747
1736 14756
1737 14757
1738 14861
1739 14862
1740 14889
1741 14898
1742 14912
1743 14921
1744 15132
1745 17658
1746 14996
1747 15001
1748 15017
1749 15019
1750 15021
1751 15026
1752 15018
1753 15025
1754 15024
1755 15059
1756 15074
1757 15044
1758 15047
1759 15066
1760 28725
1761 15087
1762 15088
1763 15090
1764 18915
1765 15095
1766 15096
1767 15126
1768 15128
1769 15145
1770 15148
1771 15171
1772 19366
1773 15239
1774 15240
1775 15249
1776 20666
1777 15259
1778 15273
1779 15272
1780 15278
1781 15336
1782 15349
1783 15356
1784 15358
1785 15360
1786 15368
1787 15369
1788 15371
1789 15342
1790 26892
1791 26977
1792 15345
1793 15352
1794 15393
1795 17291
1796 23319
1797 15379
1798 15403
1799 15449
1800 15451
1801 15471
1802 15470
1803 16583
1804 15490
1805 52941
1806 52943
1807 15505
1808 15506
1809 15526
1810 15512
1811 15519
1812 15541
1813 15545
1814 15547
1815 16575
1816 29046
1817 15560
1818 15562
1819 15559
1820 15565
1821 15568
1822 16723
1823 21098
1824 22685
1825 16588
1826 16589
1827 17235
1828 17256
1829 32376
1830 16634
1831 16638
1832 16660
1833 16641
1834 16644
1835 16650
1836 16656
1837 16670
1838 16661
1839 16662
1840 16688
1841 17061
1842 23555
1843 33781
1844 16701
1845 16711
1846 16725
1847 16738
1848 27512
1849 16708
1850 16741
1851 16713
1852 16739
1853 17066
1854 30360
1855 16754
1856 16755
1857 16766
1858 16769
1859 16781
1860 16775
1861 16790
1862 16854
1863 16955
1864 16877
1865 16879
1866 16989
1867 16991
1868 16992
1869 16997
1870 16999
1871 17005
1872 17006
1873 17011
1874 17035
1875 17055
1876 20987
1877 43081
1878 43104
1879 17098
1880 19268
1881 17101
1882 17102
1883 17146
1884 17149
1885 17186
1886 17498
1887 17193
1888 17806
1889 17191
1890 23100
1891 17209
1892 17213
1893 17219
1894 17380
1895 17237
1896 17692
1897 17276
1898 20800
1899 17349
1900 17353
1901 17362
1902 17396
1903 33737
1904 52321
1905 17352
1906 40233
1907 17350
1908 17354
1909 17371
1910 17373
1911 21312
1912 17375
1913 17376
1914 17377
1915 17378
1916 17383
1917 17389
1918 18966
1919 18985
1920 17421
1921 17422
1922 17432
1923 17433
1924 17454
1925 17461
1926 17511
1927 17513
1928 19075
1929 20660
1930 17524
1931 17527
1932 28230
1933 17567
1934 17568
1935 17600
1936 17605
1937 17626
1938 17627
1939 17720
1940 23980
1941 17789
1942 17834
1943 18972
1944 18973
1945 17829
1946 17830
1947 17836
1948 18850
1949 18851
1950 18852
1951 18883
1952 21081
1953 18953
1954 18955
1955 18981
1956 18987
1957 19005
1958 19016
1959 23133
1960 18997
1961 18998
1962 19007
1963 19020
1964 19026
1965 19037
1966 19048
1967 21139
1968 39378
1969 48022
1970 19056
1971 33960
1972 19082
1973 19083
1974 19101
1975 19106
1976 19116
1977 19128
1978 19132
1979 19135
1980 19102
1981 38619
1982 19143
1983 19144
1984 19197
1985 19199
1986 19217
1987 36319
1988 19230
1989 19231
1990 19259
1991 19260
1992 19284
1993 19286
1994 19292
1995 19297
1996 19303
1997 19310
1998 19312
1999 19313
2000 19321
2001 19330
2002 19345
2003 19360
2004 27347
2005 19361
2006 19363
2007 19365
2008 19378
2009 19379
2010 19393
2011 19394
2012 19397
2013 19415
2014 19416
2015 19417
2016 19418
2017 19424
2018 19443
2019 19444
2020 20521
2021 20552
2022 20546
2023 23019
2024 20601
2025 20602
2026 20605
2027 20608
2028 20609
2029 20613
2030 20625
2031 20689
2032 20695
2033 20686
2034 20688
2035 20703
2036 20705
2037 20710
2038 35568
2039 20732
2040 20742
2041 20740
2042 20741
2043 20743
2044 20745
2045 20763
2046 20771
2047 20776
2048 20812
2049 20813
2050 20846
2051 20857
2052 20866
2053 20868
2054 20870
2055 20884
2056 20885
2057 20891
2058 20892
2059 20900
2060 20902
2061 20903
2062 20904
2063 20905
2064 20912
2065 20914
2066 20921
2067 20922
2068 20994
2069 20995
2070 21009
2071 21028
2072 21029
2073 21053
2074 21069
2075 21089
2076 21095
2077 21101
2078 21145
2079 32720
2080 21181
2081 21360
2082 21202
2083 21215
2084 21220
2085 21223
2086 21240
2087 21249
2088 21224
2089 21234
2090 21270
2091 21313
2092 21314
2093 21277
2094 21291
2095 28723
2096 21280
2097 21282
2098 21286
2099 21290
2100 21520
2101 34005
2102 21311
2103 21319
2104 21373
2105 21374
2106 21380
2107 21381
2108 21391
2109 21449
2110 21451
2111 21503
2112 21549
2113 21547
2114 21552
2115 40425
2116 21562
2117 21570
2118 22980
2119 22667
2120 22668
2121 22670
2122 22677
2123 22698
2124 22681
2125 22684
2126 22825
2127 22706
2128 22716
2129 22742
2130 22712
2131 22713
2132 22731
2133 22734
2134 22744
2135 22765
2136 22766
2137 22772
2138 22775
2139 22778
2140 22779
2141 22781
2142 22790
2143 22793
2144 22802
2145 22810
2146 22816
2147 22843
2148 22846
2149 22859
2150 23020
2151 22889
2152 22890
2153 22973
2154 22974
2155 23030
2156 23040
2157 23046
2158 23050
2159 23059
2160 23060
2161 23061
2162 23119
2163 23124
2164 23127
2165 32991
2166 33016
2167 23169
2168 23182
2169 23261
2170 23268
2171 23311
2172 23313
2173 23315
2174 23317
2175 23333
2176 23334
2177 23336
2178 23337
2179 23380
2180 23381
2181 23379
2182 23382
2183 23387
2184 23396
2185 23412
2186 23414
2187 23446
2188 23447
2189 23449
2190 23460
2191 23473
2192 23474
2193 23481
2194 23483
2195 23562
2196 23563
2197 23558
2198 23559
2199 23570
2200 23571
2201 23579
2202 23586
2203 23667
2204 23590
2205 23591
2206 23605
2207 23619
2208 23627
2209 23628
2210 23646
2211 23641
2212 23642
2213 23645
2214 23656
2215 23658
2216 23680
2217 23681
2218 23683
2219 23693
2220 23694
2221 23699
2222 23700
2223 23701
2224 23766
2225 23771
2226 47541
2227 23767
2228 23796
2229 23775
2230 30698
2231 23842
2232 23843
2233 23864
2234 23865
2235 23891
2236 23894
2237 23901
2238 24080
2239 23985
2240 23988
2241 24028
2242 24029
2243 24033
2244 24036
2245 24043
2246 24055
2247 24125
2248 24132
2249 24164
2250 24168
2251 24204
2252 24297
2253 24298
2254 24217
2255 24225
2256 25383
2257 34621
2258 25321
2259 25348
2260 25746
2261 25323
2262 51779
2263 25346
2264 25347
2265 25368
2266 25369
2267 25370
2268 25374
2269 25377
2270 25380
2271 25388
2272 25394
2273 25408
2274 25407
2275 25409
2276 53252
2277 25439
2278 25446
2279 25483
2280 40110
2281 25565
2282 25566
2283 25569
2284 25635
2285 25667
2286 25836
2287 25839
2288 25842
2289 28943
2290 25868
2291 26077
2292 25880
2293 30310
2294 25908
2295 25913
2296 25920
2297 26733
2298 25918
2299 25919
2300 25923
2301 25927
2302 26016
2303 26037
2304 26094
2305 52449
2306 26112
2307 26123
2308 30292
2309 37585
2310 26172
2311 26249
2312 26169
2313 26186
2314 26183
2315 26185
2316 26199
2317 26200
2318 26201
2319 26277
2320 26282
2321 26290
2322 26291
2323 26401
2324 26402
2325 26399
2326 26417
2327 26409
2328 38565
2329 26414
2330 26416
2331 26424
2332 26440
2333 26430
2334 26431
2335 26480
2336 26481
2337 26483
2338 31114
2339 26502
2340 34731
2341 43328
2342 43376
2343 26523
2344 26524
2345 26525
2346 26532
2347 26536
2348 26580
2349 33232
2350 26526
2351 26527
2352 26599
2353 26601
2354 26652
2355 26663
2356 26654
2357 26665
2358 26703
2359 26720
2360 26723
2361 27341
2362 26676
2363 26705
2364 26706
2365 26732
2366 26697
2367 26861
2368 26700
2369 26702
2370 26715
2371 26728
2372 26737
2373 43353
2374 26757
2375 26763
2376 26766
2377 26814
2378 26815
2379 26829
2380 26832
2381 26833
2382 26841
2383 26842
2384 26844
2385 26853
2386 26873
2387 26971
2388 26998
2389 34473
2390 26919
2391 26925
2392 33002
2393 26917
2394 26918
2395 26931
2396 27046
2397 26946
2398 26947
2399 26950
2400 26953
2401 26955
2402 26959
2403 26980
2404 26986
2405 26982
2406 26985
2407 26993
2408 46599
2409 27024
2410 47997
2411 27055
2412 27057
2413 27094
2414 31141
2415 27160
2416 27161
2417 27168
2418 27184
2419 38089
2420 27213
2421 27246
2422 37744
2423 27264
2424 27266
2425 27268
2426 27274
2427 27279
2428 27360
2429 27361
2430 50758
2431 27365
2432 27367
2433 27383
2434 27385
2435 27386
2436 34801
2437 27403
2438 27406
2439 46013
2440 27422
2441 27423
2442 27429
2443 27441
2444 27418
2445 27426
2446 27427
2447 27436
2448 27443
2449 27530
2450 27532
2451 27589
2452 27590
2453 27608
2454 27610
2455 27727
2456 42563
2457 27646
2458 27649
2459 27651
2460 27654
2461 27657
2462 27660
2463 27663
2464 27645
2465 27647
2466 27672
2467 27673
2468 27773
2469 27787
2470 27795
2471 27797
2472 27810
2473 27844
2474 27839
2475 27841
2476 27900
2477 38060
2478 27927
2479 28646
2480 27962
2481 27972
2482 28051
2483 28052
2484 28053
2485 28092
2486 28097
2487 28109
2488 28155
2489 28156
2490 28215
2491 28234
2492 28235
2493 28252
2494 28270
2495 28274
2496 28296
2497 28314
2498 28449
2499 28463
2500 28469
2501 28470
2502 29021
2503 28465
2504 28466
2505 28511
2506 28738
2507 28739
2508 28525
2509 35908
2510 28559
2511 28562
2512 28584
2513 28588
2514 28581
2515 28582
2516 28592
2517 28637
2518 28598
2519 28613
2520 28607
2521 28614
2522 28667
2523 28669
2524 28707
2525 28709
2526 28710
2527 28744
2528 28751
2529 28793
2530 28804
2531 28814
2532 28863
2533 28867
2534 29043
2535 29053
2536 29000
2537 29010
2538 29017
2539 29069
2540 32679
2541 29015
2542 29016
2543 29029
2544 29030
2545 29058
2546 29196
2547 29198
2548 30217
2549 30247
2550 30248
2551 30240
2552 30243
2553 30384
2554 30388
2555 30392
2556 30398
2557 30428
2558 30437
2559 30391
2560 39689
2561 30394
2562 30396
2563 30405
2564 30409
2565 30415
2566 30421
2567 30422
2568 30460
2569 30462
2570 30465
2571 30467
2572 30468
2573 30474
2574 30480
2575 30494
2576 30502
2577 30505
2578 30520
2579 30517
2580 30524
2581 30529
2582 30535
2583 30566
2584 30576
2585 30578
2586 30580
2587 30596
2588 30604
2589 30606
2590 33174
2591 30615
2592 30701
2593 30638
2594 30644
2595 30681
2596 30684
2597 30687
2598 30690
2599 30696
2600 30699
2601 30719
2602 30716
2603 30718
2604 45746
2605 30742
2606 30752
2607 32588
2608 39339
2609 30845
2610 30846
2611 32185
2612 30858
2613 30863
2614 30895
2615 30901
2616 31048
2617 31050
2618 31053
2619 31056
2620 31099
2621 31102
2622 31105
2623 31124
2624 31132
2625 31136
2626 31118
2627 31125
2628 31129
2629 31130
2630 31131
2631 32229
2632 32255
2633 32272
2634 32251
2635 32254
2636 32269
2637 32270
2638 32274
2639 32275
2640 32288
2641 32292
2642 32299
2643 32302
2644 33741
2645 34478
2646 32445
2647 32447
2648 32453
2649 32458
2650 32463
2651 32486
2652 32471
2653 32472
2654 32474
2655 32484
2656 32489
2657 32496
2658 32499
2659 32580
2660 46605
2661 32512
2662 34615
2663 32570
2664 32574
2665 32577
2666 32578
2667 32583
2668 32633
2669 32641
2670 32648
2671 32652
2672 32774
2673 32655
2674 32676
2675 32672
2676 35252
2677 32686
2678 32689
2679 32698
2680 32707
2681 32736
2682 49741
2683 32781
2684 32787
2685 32798
2686 32799
2687 32801
2688 32803
2689 32888
2690 32806
2691 32809
2692 32818
2693 39464
2694 32817
2695 32820
2696 32837
2697 32930
2698 41531
2699 32844
2700 32864
2701 32842
2702 32843
2703 32845
2704 32849
2705 32852
2706 32866
2707 32868
2708 32877
2709 32886
2710 32890
2711 32895
2712 32896
2713 32905
2714 32909
2715 32924
2716 32927
2717 32929
2718 32940
2719 32938
2720 32941
2721 32946
2722 32947
2723 32949
2724 34210
2725 46746
2726 32979
2727 45654
2728 33041
2729 33619
2730 33059
2731 33065
2732 33104
2733 33106
2734 33108
2735 33120
2736 33123
2737 33143
2738 33171
2739 33219
2740 33220
2741 33704
2742 33733
2743 33246
2744 33247
2745 33248
2746 33249
2747 33279
2748 33285
2749 33409
2750 33411
2751 33467
2752 33468
2753 33484
2754 33489
2755 33490
2756 33494
2757 33546
2758 33555
2759 33554
2760 33566
2761 33582
2762 33615
2763 33621
2764 33614
2765 33616
2766 33623
2767 33632
2768 33651
2769 33678
2770 33693
2771 33626
2772 33746
2773 33683
2774 33706
2775 33709
2776 33710
2777 33715
2778 33722
2779 33791
2780 33810
2781 33876
2782 33879
2783 33910
2784 33917
2785 33933
2786 33943
2787 33950
2788 33939
2789 33945
2790 34021
2791 34022
2792 34033
2793 34038
2794 34072
2795 34086
2796 34080
2797 34090
2798 39136
2799 47373
2800 34144
2801 34145
2802 34161
2803 34165
2804 34177
2805 34179
2806 34198
2807 34206
2808 34235
2809 34555
2810 34245
2811 34246
2812 34250
2813 34274
2814 34278
2815 34298
2816 34293
2817 34294
2818 34331
2819 34339
2820 34347
2821 34370
2822 34380
2823 34378
2824 34379
2825 34628
2826 46882
2827 34420
2828 34422
2829 34433
2830 34436
2831 34482
2832 34494
2833 34531
2834 34532
2835 34539
2836 34548
2837 34550
2838 34557
2839 34559
2840 38928
2841 34575
2842 34581
2843 34601
2844 34614
2845 34619
2846 34633
2847 34737
2848 34659
2849 34672
2850 34813
2851 34819
2852 34937
2853 49434
2854 34890
2855 34891
2856 34936
2857 34943
2858 34934
2859 34940
2860 35034
2861 38612
2862 34987
2863 34994
2864 35084
2865 35089
2866 35146
2867 35167
2868 35187
2869 35188
2870 35189
2871 35203
2872 35277
2873 35295
2874 35339
2875 35352
2876 35355
2877 35377
2878 35393
2879 35394
2880 35401
2881 35527
2882 35528
2883 35547
2884 35576
2885 35640
2886 35643
2887 35660
2888 35689
2889 35647
2890 35648
2891 35682
2892 35686
2893 35723
2894 35725
2895 35726
2896 35755
2897 35770
2898 35772
2899 35781
2900 35782
2901 35795
2902 35848
2903 35871
2904 35947
2905 43678
2906 36115
2907 36116
2908 36134
2909 36148
2910 36130
2911 36133
2912 36165
2913 41320
2914 46374
2915 46377
2916 36167
2917 49017
2918 36168
2919 36169
2920 36205
2921 36213
2922 37897
2923 37900
2924 36247
2925 37479
2926 36252
2927 39671
2928 36250
2929 36253
2930 36257
2931 36265
2932 36267
2933 36268
2934 36270
2935 36273
2936 36277
2937 36284
2938 36303
2939 36308
2940 36358
2941 48623
2942 36338
2943 36356
2944 36343
2945 36351
2946 36353
2947 37413
2948 37433
2949 37415
2950 37422
2951 37418
2952 37431
2953 37432
2954 37443
2955 37446
2956 37492
2957 37514
2958 37534
2959 39785
2960 37553
2961 37559
2962 37592
2963 37596
2964 40999
2965 42967
2966 37664
2967 37666
2968 37726
2969 37752
2970 37771
2971 37772
2972 37776
2973 37782
2974 37784
2975 37830
2976 37833
2977 37859
2978 37871
2979 37873
2980 37874
2981 37895
2982 37935
2983 37943
2984 37883
2985 37884
2986 37910
2987 38408
2988 37917
2989 37924
2990 37936
2991 37934
2992 37937
2993 37959
2994 37967
2995 38034
2996 38037
2997 38044
2998 38076
2999 38054
3000 38057
3001 38058
3002 38154
3003 39409
3004 38157
3005 39941
3006 38159
3007 38166
3008 38169
3009 38233
3010 38172
3011 38173
3012 38181
3013 38196
3014 38189
3015 38190
3016 38192
3017 38222
3018 38246
3019 38248
3020 38270
3021 38288
3022 38242
3023 38243
3024 38309
3025 38932
3026 38301
3027 38307
3028 38311
3029 38324
3030 38352
3031 38359
3032 38396
3033 38397
3034 38419
3035 38421
3036 38422
3037 38439
3038 38489
3039 45529
3040 38538
3041 38555
3042 38598
3043 38599
3044 38605
3045 38607
3046 38666
3047 38667
3048 38681
3049 38684
3050 38730
3051 38731
3052 38741
3053 38742
3054 38757
3055 38790
3056 38767
3057 48714
3058 38769
3059 38789
3060 38819
3061 38858
3062 38825
3063 38828
3064 38848
3065 38849
3066 38883
3067 38951
3068 38902
3069 38908
3070 38906
3071 38913
3072 38974
3073 46428
3074 38972
3075 38982
3076 38994
3077 39010
3078 38993
3079 39028
3080 39053
3081 39054
3082 39129
3083 39172
3084 39082
3085 41553
3086 39088
3087 39093
3088 39134
3089 39135
3090 39140
3091 39156
3092 39153
3093 39154
3094 39198
3095 39259
3096 39215
3097 39216
3098 39217
3099 39224
3100 39227
3101 39237
3102 39233
3103 39272
3104 39276
3105 39278
3106 39320
3107 39302
3108 39305
3109 39311
3110 39340
3111 39326
3112 39327
3113 39333
3114 39336
3115 39347
3116 39337
3117 39592
3118 39382
3119 39387
3120 39397
3121 39400
3122 39412
3123 39407
3124 39437
3125 39408
3126 48488
3127 39508
3128 39513
3129 39552
3130 39553
3131 39554
3132 39562
3133 39571
3134 39578
3135 39570
3136 39583
3137 39623
3138 39600
3139 39607
3140 39651
3141 39652
3142 39653
3143 39655
3144 39657
3145 39662
3146 39669
3147 39693
3148 39668
3149 39670
3150 39692
3151 42444
3152 49844
3153 39749
3154 39750
3155 39754
3156 39753
3157 39755
3158 39783
3159 39786
3160 39791
3161 39792
3162 39794
3163 39812
3164 39813
3165 39832
3166 39839
3167 39830
3168 42445
3169 42446
3170 39852
3171 39865
3172 39863
3173 39873
3174 39888
3175 39862
3176 39872
3177 39882
3178 40046
3179 39876
3180 39877
3181 39880
3182 39881
3183 39911
3184 39912
3185 39928
3186 39929
3187 39930
3188 39966
3189 39935
3190 39938
3191 39964
3192 39950
3193 39962
3194 39961
3195 39996
3196 40006
3197 40013
3198 40069
3199 40070
3200 40073
3201 41633
3202 40114
3203 40115
3204 40118
3205 40120
3206 40121
3207 40124
3208 40125
3209 40134
3210 40141
3211 41942
3212 40225
3213 40236
3214 40248
3215 40251
3216 40252
3217 40254
3218 40300
3219 40307
3220 40270
3221 52342
3222 40362
3223 40364
3224 40371
3225 40377
3226 40387
3227 40361
3228 40363
3229 40368
3230 40422
3231 40424
3232 40434
3233 40435
3234 40491
3235 40499
3236 40539
3237 40503
3238 40537
3239 40608
3240 40613
3241 40611
3242 40614
3243 40707
3244 40713
3245 40719
3246 40737
3247 48967
3248 40742
3249 40743
3250 40758
3251 40767
3252 40775
3253 40782
3254 40783
3255 40812
3256 40826
3257 42421
3258 40784
3259 40795
3260 40800
3261 40806
3262 42111
3263 40839
3264 40842
3265 40844
3266 40855
3267 40857
3268 40867
3269 46844
3270 40870
3271 40874
3272 40989
3273 41002
3274 41004
3275 41005
3276 41061
3277 41201
3278 41203
3279 41082
3280 41103
3281 41133
3282 41138
3283 41155
3284 41180
3285 42121
3286 41161
3287 41162
3288 41225
3289 41230
3290 41245
3291 41258
3292 41250
3293 41251
3294 41262
3295 41284
3296 41275
3297 41277
3298 41316
3299 41317
3300 41472
3301 41473
3302 41623
3303 42062
3304 41655
3305 41672
3306 41656
3307 41667
3308 41679
3309 41688
3310 45295
3311 41685
3312 41687
3313 41695
3314 41696
3315 41697
3316 41698
3317 41703
3318 41704
3319 41705
3320 41707
3321 41710
3322 41714
3323 41716
3324 41718
3325 41726
3326 41736
3327 41748
3328 41777
3329 41819
3330 41769
3331 41788
3332 41833
3333 41809
3334 41887
3335 41852
3336 41853
3337 41854
3338 41855
3339 41863
3340 41892
3341 41858
3342 41859
3343 41865
3344 41876
3345 41898
3346 41901
3347 41946
3348 41948
3349 41974
3350 41989
3351 41993
3352 41994
3353 44048
3354 47045
3355 50597
3356 42048
3357 42094
3358 42080
3359 42081
3360 42084
3361 42099
3362 42102
3363 42178
3364 42179
3365 42278
3366 42280
3367 42291
3368 42299
3369 42300
3370 42301
3371 42323
3372 42324
3373 42329
3374 42337
3375 42338
3376 42427
3377 42428
3378 42485
3379 42486
3380 42492
3381 42498
3382 42502
3383 42504
3384 42512
3385 42588
3386 42589
3387 42600
3388 42614
3389 42631
3390 42664
3391 42668
3392 42669
3393 42829
3394 42840
3395 42849
3396 42850
3397 42871
3398 42872
3399 42924
3400 42925
3401 42996
3402 42941
3403 42942
3404 42951
3405 42965
3406 42949
3407 42950
3408 42988
3409 42992
3410 43037
3411 43043
3412 43075
3413 43076
3414 43112
3415 43155
3416 43116
3417 43120
3418 43132
3419 43146
3420 43148
3421 43150
3422 43167
3423 43168
3424 43188
3425 43191
3426 43192
3427 43219
3428 43244
3429 43284
3430 43285
3431 43290
3432 43301
3433 43364
3434 43365
3435 43381
3436 43397
3437 43399
3438 43400
3439 43405
3440 43412
3441 43434
3442 43439
3443 43454
3444 43456
3445 43476
3446 43596
3447 43512
3448 43513
3449 43556
3450 43557
3451 43558
3452 43573
3453 43578
3454 43604
3455 43629
3456 43662
3457 43676
3458 43689
3459 43667
3460 43685
3461 43687
3462 43739
3463 43846
3464 43766
3465 43772
3466 43945
3467 43946
3468 43930
3469 43939
3470 43968
3471 43969
3472 43971
3473 44067
3474 44068
3475 44126
3476 44129
3477 44147
3478 44148
3479 44154
3480 44156
3481 44151
3482 45883
3483 44161
3484 44162
3485 44164
3486 45220
3487 45221
3488 45232
3489 45237
3490 45239
3491 45369
3492 45387
3493 45388
3494 45389
3495 45396
3496 45399
3497 45402
3498 45468
3499 45424
3500 53281
3501 45471
3502 45472
3503 45474
3504 45479
3505 45510
3506 45809
3507 45513
3508 45544
3509 45539
3510 45540
3511 45613
3512 45614
3513 45615
3514 45619
3515 45768
3516 45789
3517 45771
3518 45772
3519 45849
3520 45852
3521 45854
3522 45894
3523 45905
3524 45921
3525 45984
3526 54827
3527 45929
3528 45931
3529 45964
3530 45966
3531 46079
3532 46087
3533 46129
3534 46135
3535 46155
3536 46158
3537 46170
3538 46194
3539 46207
3540 46162
3541 46163
3542 46164
3543 46167
3544 46171
3545 46176
3546 46195
3547 46198
3548 46201
3549 46260
3550 46261
3551 46301
3552 46302
3553 46355
3554 46358
3555 46394
3556 46395
3557 46397
3558 46406
3559 46419
3560 46408
3561 46409
3562 46423
3563 46427
3564 46442
3565 46489
3566 46425
3567 46426
3568 46433
3569 46435
3570 46439
3571 46440
3572 46451
3573 46496
3574 46498
3575 46513
3576 46545
3577 46458
3578 46464
3579 46465
3580 46470
3581 46533
3582 46559
3583 46543
3584 46544
3585 46546
3586 46555
3587 46595
3588 46549
3589 46553
3590 46554
3591 46556
3592 46562
3593 46583
3594 46584
3595 46611
3596 46625
3597 46680
3598 46682
3599 46715
3600 46721
3601 46755
3602 46756
3603 46766
3604 46782
3605 46835
3606 46836
3607 46841
3608 46856
3609 46862
3610 46870
3611 46876
3612 46855
3613 46857
3614 46860
3615 46903
3616 46904
3617 46996
3618 47001
3619 47005
3620 47012
3621 47015
3622 47021
3623 47032
3624 47038
3625 47058
3626 47074
3627 47084
3628 47085
3629 47086
3630 47089
3631 47090
3632 47109
3633 47110
3634 47111
3635 47112
3636 47119
3637 47121
3638 47127
3639 47128
3640 47138
3641 47162
3642 47164
3643 47166
3644 47167
3645 47170
3646 47171
3647 47190
3648 47193
3649 47194
3650 47205
3651 47210
3652 47214
3653 47240
3654 47241
3655 47242
3656 47251
3657 47252
3658 47260
3659 47266
3660 47282
3661 47291
3662 47306
3663 47299
3664 47300
3665 47301
3666 47411
3667 47419
3668 47430
3669 47461
3670 47463
3671 47446
3672 47448
3673 47466
3674 47471
3675 47500
3676 51913
3677 47509
3678 47510
3679 47522
3680 47523
3681 47528
3682 47535
3683 47589
3684 47594
3685 49708
3686 47651
3687 47660
3688 47724
3689 47733
3690 47734
3691 47736
3692 47738
3693 47777
3694 47788
3695 47817
3696 47842
3697 47826
3698 47827
3699 47838
3700 47839
3701 47845
3702 47908
3703 47909
3704 47892
3705 47920
3706 47921
3707 47922
3708 47938
3709 47959
3710 48016
3711 47916
3712 47931
3713 47963
3714 47966
3715 47986
3716 47994
3717 48055
3718 48058
3719 48196
3720 48197
3721 48220
3722 48226
3723 48252
3724 48329
3725 48334
3726 49693
3727 48311
3728 48322
3729 48230
3730 48231
3731 48240
3732 48245
3733 48247
3734 48251
3735 48257
3736 48259
3737 48262
3738 48268
3739 48269
3740 48272
3741 48283
3742 48287
3743 48294
3744 48318
3745 48331
3746 48370
3747 48372
3748 48377
3749 48381
3750 48387
3751 48388
3752 48390
3753 48391
3754 48414
3755 48416
3756 48523
3757 48525
3758 48524
3759 48528
3760 48533
3761 48546
3762 48554
3763 48536
3764 48537
3765 48601
3766 48602
3767 48698
3768 48700
3769 48719
3770 48721
3771 48761
3772 48762
3773 48772
3774 48779
3775 48788
3776 48790
3777 49608
3778 48816
3779 48817
3780 48819
3781 48820
3782 48859
3783 48860
3784 48864
3785 48957
3786 48866
3787 48867
3788 48870
3789 48896
3790 48911
3791 48918
3792 48890
3793 48892
3794 48894
3795 48915
3796 48899
3797 48901
3798 48924
3799 48930
3800 48951
3801 48960
3802 48966
3803 48968
3804 48981
3805 49009
3806 49013
3807 49067
3808 49077
3809 50520
3810 49074
3811 49075
3812 49113
3813 49114
3814 49153
3815 49154
3816 49212
3817 49213
3818 49214
3819 49231
3820 49298
3821 49244
3822 49245
3823 49247
3824 49251
3825 49252
3826 49253
3827 49265
3828 49275
3829 49336
3830 49337
3831 49382
3832 49384
3833 49387
3834 49388
3835 49390
3836 49421
3837 49402
3838 49407
3839 49411
3840 49429
3841 49428
3842 49432
3843 49440
3844 49465
3845 49469
3846 49446
3847 49451
3848 49498
3849 49499
3850 49522
3851 49526
3852 49528
3853 49533
3854 49548
3855 49566
3856 49570
3857 49648
3858 49651
3859 49652
3860 49679
3861 49691
3862 49738
3863 49739
3864 49740
3865 49745
3866 49748
3867 49749
3868 49752
3869 49753
3870 49762
3871 49842
3872 49754
3873 49756
3874 49802
3875 49803
3876 49889
3877 49890
3878 49897
3879 49898
3880 49902
3881 50104
3882 50150
3883 50206
3884 50218
3885 50216
3886 50223
3887 50234
3888 50236
3889 50252
3890 50255
3891 50271
3892 50272
3893 50276
3894 50280
3895 50297
3896 50277
3897 50278
3898 50371
3899 50373
3900 50379
3901 50447
3902 50448
3903 50454
3904 50456
3905 50504
3906 50507
3907 50508
3908 50511
3909 50550
3910 50551
3911 50650
3912 50655
3913 50652
3914 50653
3915 50668
3916 50698
3917 50724
3918 50725
3919 50726
3920 50747
3921 50748
3922 50806
3923 50813
3924 50882
3925 50883
3926 50884
3927 50886
3928 50902
3929 50908
3930 50912
3931 50917
3932 50914
3933 50928
3934 50957
3935 50960
3936 50965
3937 50975
3938 51025
3939 51026
3940 51205
3941 51206
3942 51224
3943 51226
3944 51233
3945 51235
3946 51247
3947 51248
3948 51254
3949 51282
3950 51289
3951 51281
3952 51288
3953 51367
3954 51404
3955 54400
3956 51400
3957 51402
3958 51403
3959 51434
3960 51437
3961 51438
3962 51439
3963 51441
3964 51442
3965 51444
3966 51453
3967 51454
3968 51467
3969 51499
3970 51507
3971 51509
3972 51522
3973 51532
3974 51537
3975 51557
3976 51566
3977 51569
3978 51623
3979 51633
3980 51725
3981 51728
3982 51731
3983 51808
3984 51814
3985 51849
3986 51850
3987 51857
3988 51956
3989 51887
3990 51888
3991 52159
3992 51959
3993 51975
3994 52116
3995 52117
3996 52120
3997 52207
3998 52208
3999 52214
4000 52217
4001 52253
4002 52254
4003 52268
4004 52269
4005 52336
4006 52337
4007 52353
4008 52363
4009 52392
4010 52400
4011 52450
4012 52454
4013 52476
4014 52452
4015 52456
4016 52458
4017 52459
4018 52489
4019 52462
4020 52463
4021 52473
4022 52491
4023 52483
4024 52493
4025 52522
4026 52563
4027 52582
4028 52578
4029 52579
4030 52638
4031 52641
4032 52643
4033 52646
4034 52648
4035 52649
4036 52684
4037 52689
4038 52690
4039 52685
4040 52686
4041 52688
4042 52692
4043 52693
4044 52717
4045 52702
4046 52704
4047 52705
4048 52706
4049 52742
4050 52747
4051 52753
4052 52756
4053 52762
4054 52763
4055 52764
4056 52768
4057 52778
4058 52779
4059 52781
4060 52788
4061 52789
4062 52794
4063 54435
4064 54452
4065 52910
4066 52931
4067 52919
4068 52932
4069 52924
4070 52929
4071 52982
4072 52998
4073 53013
4074 53029
4075 53030
4076 53032
4077 53033
4078 53147
4079 53151
4080 53217
4081 53338
4082 53218
4083 53225
4084 53239
4085 53243
4086 53306
4087 53319
4088 53349
4089 53350
4090 53381
4091 53382
4092 53384
4093 53389
4094 53430
4095 53431
4096 53432
4097 53444
4098 53446
4099 53457
4100 53460
4101 53439
4102 53440
4103 53449
4104 53450
4105 53574
4106 53578
4107 53581
4108 53591
4109 53595
4110 53596
4111 53618
4112 53625
4113 53640
4114 53651
4115 53680
4116 53756
4117 53761
4118 53799
4119 53800
4120 53870
4121 53876
4122 53884
4123 53886
4124 53909
4125 53919
4126 54051
4127 54064
4128 54084
4129 54086
4130 54100
4131 54106
4132 54108
4133 54117
4134 54120
4135 54122
4136 54123
4137 54131
4138 54134
4139 54146
4140 54128
4141 54132
4142 54162
4143 54163
4144 54166
4145 54170
4146 54180
4147 54183
4148 54208
4149 54209
4150 54219
4151 54224
4152 54226
4153 54227
4154 54231
4155 54232
4156 54236
4157 54263
4158 54288
4159 54296
4160 54316
4161 54255
4162 54256
4163 54257
4164 54274
4165 54275
4166 54291
4167 54354
4168 54357
4169 54367
4170 54368
4171 54369
4172 54388
4173 54389
4174 54424
4175 54440
4176 54472
4177 54483
4178 54535
4179 54544
4180 54570
4181 54584
4182 54626
4183 54627
4184 54632
4185 54638
4186 54639
4187 54649
4188 54689
4189 54695
4190 54698
4191 54808
4192 54809
4193 54839
4194 54840
4195 54845
4196 54957
4197 54964
4198 54980
4199 54983
4200 54986
4201 54994
4202 55002
4203 55017
4204 54991
4205 54993
4206 55214
4207 55216
4208 55284
4209 55285
4210 55286
4211 55288
4212 55289
4213 55291
4214 55294
4215 55303
4216 55353
4217 55354
4218 55391
4219 55392
4220 55413
4221 55417
4222 55448
4223 55454
4224 55463
4225 55466
4226 55483
4227 55521
4228 55527
4229 8883
4230 30995
4231 20758
4232 20761
4233 22968
4234 12827
4235 12909
4236 14536
4237 17570
4238 17571
4239 52098
4240 53776
4241 49386
4242 49396
4243 39050
4244 39057
4245 39061
4246 39066
4247 39067
4248 2006
4249 2008
4250 11757
4251 11767
4252 409
4253 414
4254 42591
4255 14903
4256 14907
4257 14910
4258 10274
4259 11693
4260 35867
4261 19439
4262 45392
4263 10
4264 11
4265 131
4266 136
4267 204
4268 5559
4269 19329
4270 19335
4271 19353
4272 20560
4273 355
4274 370
4275 14414
4276 47728
4277 47730
4278 32190
4279 32196
4280 52626
4281 52630
4282 2546
4283 11128
4284 12770
4285 12771
4286 12774
4287 12785
4288 16784
4289 19244
4290 35507
4291 35511
4292 12010
4293 28339
4294 28458
4295 28471
4296 28472
4297 28478
4298 11174
4299 11177
4300 861
4301 8195
4302 5678
4303 5680
4304 8059
4305 10902
4306 47794
4307 47798
4308 45324
4309 45336
4310 17268
4311 17280
4312 47637
4313 47640
4314 34916
4315 34930
4316 2544
4317 12277
4318 15213
4319 15251
4320 24256
4321 24260
4322 12970
4323 12980
4324 55129
4325 55131
4326 55134
4327 39726
4328 39727
4329 39731
4330 39732
4331 39734
4332 39739
4333 39740
4334 39802
4335 7413
4336 17760
4337 3190
4338 3194
4339 23745
4340 23990
4341 7373
4342 17051
4343 35815
4344 12522
4345 12525
4346 12527
4347 12533
4348 32273
4349 9563
4350 9570
4351 9603
4352 9696
4353 9851
4354 10631
4355 18949
4356 20659
4357 23759
4358 49876
4359 1521
4360 1522
4361 2490
4362 2494
4363 141
4364 7558
4365 14922
4366 49347
4367 49353
4368 49379
4369 10421
4370 10422
4371 1982
4372 1984
4373 23511
4374 23514
4375 33747
4376 33748
4377 30943
4378 30953
4379 30955
4380 30964
4381 30967
4382 30979
4383 31011
4384 48897
4385 23917
4386 23925
4387 5870
4388 5896
4389 6039
4390 6040
4391 7938
4392 7940
4393 33541
4394 33542
4395 12195
4396 12343
4397 34533
4398 2593
4399 2601
4400 14126
4401 14128
4402 32422
4403 32423
4404 32479
4405 52519
4406 52520
4407 14327
4408 14332
4409 14333
4410 14350
4411 14380
4412 14399
4413 14401
4414 20670
4415 43597
4416 43615
4417 52740
4418 52743
4419 15174
4420 22954
4421 49860
4422 10634
4423 10640
4424 10643
4425 21124
4426 7902
4427 9190
4428 733
4429 734
4430 1333
4431 28159
4432 28183
4433 2279
4434 9585
4435 164
4436 165
4437 166
4438 10689
4439 10727
4440 28258
4441 28259
4442 495
4443 529
4444 3218
4445 3228
4446 3232
4447 23263
4448 23267
4449 17090
4450 17100
4451 9289
4452 53179
4453 23388
4454 23394
4455 37922
4456 38528
4457 49166
4458 49169
4459 49170
4460 362
4461 363
4462 368
4463 1250
4464 9138
4465 43245
4466 43246
4467 7444
4468 23120
4469 12678
4470 12679
4471 12687
4472 12688
4473 43504
4474 43507
4475 13094
4476 14317
4477 53948
4478 53949
4479 53952
4480 53957
4481 53960
4482 53964
4483 8818
4484 8819
4485 8824
4486 8827
4487 2348
4488 2349
4489 5577
4490 38403
4491 38404
4492 43948
4493 45912
4494 45913
4495 45918
4496 45920
4497 45943
4498 46946
4499 46948
4500 26818
4501 26866
4502 32387
4503 32393
4504 32403
4505 53
4506 56
4507 114
4508 14147
4509 14148
4510 17790
4511 17835
4512 2098
4513 2135
4514 34926
4515 34935
4516 34938
4517 34939
4518 8340
4519 8344
4520 8346
4521 8350
4522 9011
4523 9039
4524 23351
4525 47054
4526 47056
4527 15000
4528 15004
4529 37715
4530 38525
4531 38526
4532 19174
4533 19182
4534 493
4535 12547
4536 52673
4537 52674
4538 52675
4539 38326
4540 38332
4541 38345
4542 38420
4543 27771
4544 43478
4545 1961
4546 1970
4547 29051
4548 29054
4549 1075
4550 42020
4551 54547
4552 54548
4553 54551
4554 54555
4555 54560
4556 54564
4557 54565
4558 54567
4559 54575
4560 54581
4561 54585
4562 794
4563 19364
4564 25476
4565 25479
4566 24190
4567 24192
4568 2757
4569 2771
4570 51984
4571 51985
4572 8168
4573 8169
4574 504
4575 505
4576 1672
4577 35885
4578 35887
4579 35249
4580 35257
4581 23813
4582 23815
4583 23818
4584 23822
4585 23832
4586 23833
4587 23835
4588 23862
4589 12945
4590 12946
4591 40031
4592 47408
4593 47420
4594 42572
4595 42575
4596 25356
4597 25411
4598 32926
4599 10207
4600 23837
4601 15425
4602 15432
4603 37423
4604 37425
4605 37427
4606 37464
4607 28349
4608 28389
4609 11432
4610 47237
4611 8047
4612 14867
4613 8435
4614 8519
4615 41374
4616 54378
4617 54387
4618 33420
4619 33424
4620 26927
4621 26929
4622 51327
4623 51332
4624 19
4625 20
4626 117
4627 2106
4628 5526
4629 15300
4630 15303
4631 51572
4632 51576
4633 51595
4634 51598
4635 4339
4636 4341
4637 4355
4638 9153
4639 10474
4640 11783
4641 54329
4642 54331
4643 12257
4644 12259
4645 2786
4646 2787
4647 40402
4648 40408
4649 40592
4650 47874
4651 255
4652 24023
4653 28839
4654 28847
4655 28850
4656 28857
4657 28880
4658 20457
4659 20490
4660 20491
4661 3067
4662 3099
4663 9003
4664 9008
4665 11022
4666 11024
4667 14868
4668 14870
4669 14872
4670 14873
4671 4411
4672 4414
4673 4417
4674 3282
4675 3283
4676 17175
4677 17179
4678 739
4679 42776
4680 14469
4681 14475
4682 9888
4683 9926
4684 2611
4685 2616
4686 299
4687 43548
4688 43550
4689 1581
4690 1594
4691 1695
4692 15265
4693 26590
4694 27813
4695 27815
4696 9158
4697 19282
4698 54012
4699 54013
4700 35985
4701 41699
