answerID answererID
8 20
9 31
79 68
3292 1385
16616 8063
10 16
11 20
238 49
15081 4935
356 120
45195 26454
19 18
20 5
117 103
31 20
146 120
1310 577
10359 2917
30 5
32 8
50 54
69 62
34 20
39 31
42 35
130 43
138 120
423 90
6142 1722
12411 4404
260 135
1945 850
181 85
1128 510
53 20
56 63
114 104
74 35
148 120
150 13
1706 771
2503 1020
10861 3207
11120 3353
67 72
70 46
392 90
646 120
12456 4444
12543 4404
105 88
142 120
147 13
83 66
86 55
106 91
109 97
113 26
125 43
135 120
391 90
871 375
1595 732
1896 841
2621 1113
10358 2917
11607 2283
12317 4310
12412 4404
12695 4624
14244 5004
14377 5144
14395 5142
15005 6633
17791 8898
18888 9964
28788 17535
87 68
1776 771
80 16
84 49
115 103
99 84
1450 504
14975 6605
100 54
188 128
254 57
256 85
528 120
17014 8393
98 66
187 128
1082 466
2208 892
788 120
11294 3453
131 115
136 118
204 131
5559 1511
103 71
111 97
237 90
132 118
140 120
180 125
162 62
583 204
220 96
53362 26786
141 120
7558 906
14922 6568
156 43
163 120
358 120
23287 12773
153 120
37890 4277
185 115
4329 466
847 332
851 351
164 18
165 103
166 43
173 120
19003 8341
329 120
394 43
1513 89
176 43
182 103
25425 3559
493 120
12547 2283
194 22
209 124
216 20
228 103
246 125
1089 480
223 71
226 62
772 90
19294 4615
33721 22205
224 85
5638 1020
5696 1569
225 85
236 72
10462 63
411 158
416 114
483 90
1378 546
233 104
242 5
239 120
501 71
2080 771
241 103
253 125
244 120
2380 1005
257 106
1708 771
9901 527
255 125
24023 8341
295 43
1538 466
2753 1074
8999 2395
439 120
1724 771
6215 1569
277 71
296 13
803 332
297 13
304 90
582 204
762 180
307 91
310 120
1176 466
27276 13274
299 43
43548 26454
43550 11883
331 115
341 13
9743 2673
9797 2270
336 115
5775 1569
16731 8104
345 115
441 49
5811 1569
355 85
370 43
14414 5179
352 68
354 49
362 88
363 85
368 91
1250 512
9138 2422
367 43
2236 380
371 115
8053 1212
382 85
385 22
387 68
924 412
1597 732
383 43
544 182
393 103
5714 1569
406 103
420 120
5717 1401
421 88
424 78
409 158
414 114
42591 25553
418 88
426 64
431 114
474 120
556 143
453 43
40641 26454
440 88
11436 2283
448 88
451 104
476 90
462 85
473 120
466 20
9891 2423
463 103
464 114
523 85
534 112
802 332
10519 3008
465 103
467 120
478 91
486 120
488 120
489 71
496 85
500 90
1557 713
1598 732
10378 771
494 120
511 68
512 68
495 85
529 90
498 120
499 105
517 91
539 182
1436 466
527 120
11011 771
20569 11447
504 88
505 71
1672 521
514 120
516 103
515 120
575 180
532 91
536 169
665 180
1438 566
14915 6568
22776 12376
22784 12110
22804 8193
22834 892
33083 21290
34168 15901
638 85
42902 1420
526 120
530 90
3231 1217
32202 16878
558 195
629 120
1303 466
637 85
23906 8341
890 380
1054 74
545 185
573 63
554 182
574 63
557 195
608 218
621 223
566 71
569 199
589 103
35406 16237
591 103
598 85
603 120
2467 622
10349 2845
595 184
596 68
605 85
606 68
623 85
628 187
643 85
645 171
682 63
1622 742
716 114
7707 1883
22985 12543
675 43
676 68
16607 8049
711 43
23800 3710
701 114
3116 16
7442 1436
739 85
42776 24858
738 85
6249 1761
12369 3559
710 43
718 120
15235 4935
729 120
736 85
1972 579
735 85
9627 1396
733 63
734 43
1333 512
748 85
752 103
782 53
1247 512
24173 4346
753 43
39501 24858
780 120
865 130
1470 675
764 168
19185 4346
790 85
797 120
1673 521
23111 2283
791 85
792 43
14687 5179
794 103
19364 4086
806 332
807 85
12753 4584
809 332
33014 1401
820 120
28972 12641
814 43
816 63
823 90
821 332
822 90
856 105
17507 6489
35076 23314
830 43
2316 982
836 120
837 90
839 43
840 332
841 120
1220 566
843 120
845 62
852 272
854 353
1039 49
1099 486
1115 148
850 43
18931 876
861 63
8195 1401
864 63
2744 892
869 332
870 103
874 63
975 426
2418 892
2419 771
2433 1020
3175 1324
27306 3202
891 120
2387 1008
895 65
5646 1110
902 120
932 323
3262 1217
34921 19392
909 332
11836 771
953 120
956 114
963 375
980 386
5809 1569
966 13
967 120
10465 771
28934 17660
979 386
985 332
1023 447
7639 1857
983 114
7879 1933
988 171
1019 91
995 85
1002 91
1018 445
994 85
998 332
999 120
1153 466
1157 524
38426 25349
1442 659
54143 10058
1144 517
1152 466
1319 120
1322 561
9219 2395
10530 3008
1034 412
1035 332
1121 65
1122 332
1124 466
1165 532
1033 332
1078 120
5859 1600
1042 412
1051 13
1075 332
42020 25614
1084 386
1723 771
1086 332
1092 466
1088 332
1091 466
3279 1369
1140 517
1146 85
1147 85
3092 1229
1151 470
1159 63
2076 771
9941 2283
1164 517
1166 470
1177 531
1187 120
12748 4584
1192 103
1193 517
1577 724
1580 91
7742 120
7750 1857
1211 120
1444 659
1237 561
1300 579
1224 517
1226 570
1258 120
1260 58
1261 512
1267 592
1269 517
2293 967
1277 332
1283 561
1285 566
17625 8341
1297 89
1331 120
5682 1571
1304 88
50485 36090
1332 580
1334 512
1775 771
5550 1504
7578 1870
1347 526
1348 412
15093 4225
25556 12641
1355 114
1452 659
1360 58
1823 771
28721 17519
1376 13
1407 332
1409 120
1430 90
21049 11828
21071 11813
1424 120
1431 90
1443 664
12752 4584
1423 120
1446 669
5937 1401
39021 3683
1471 504
2498 1049
1627 742
24295 3957
1477 412
1550 120
11503 3571
1510 466
1512 668
16850 3116
16855 4078
1504 588
1509 579
1501 332
1946 850
5812 1569
5815 739
5816 1594
30861 19449
1518 43
1519 686
1521 89
1522 103
1530 412
1532 13
1626 742
1709 120
1541 588
1542 85
1797 771
1549 579
1551 85
1562 565
1582 466
1554 412
1658 13
1581 588
1594 105
1695 771
15265 1401
26590 15491
1587 43
1610 26
1647 588
1648 566
1663 507
2279 579
9585 2606
1662 507
2728 1170
8949 1401
2175 771
2183 785
2531 1074
1702 466
1755 521
1710 742
1725 780
1714 778
1721 412
1719 742
2328 579
1777 579
11513 3583
11514 63
1739 742
1746 120
5979 1401
1742 742
25313 12641
1757 790
1761 791
1874 742
23801 13135
1760 771
3119 1196
20679 2283
1770 790
1771 120
1830 756
3084 1285
9172 2395
1801 771
1804 120
2112 879
2320 579
1836 246
1842 732
7934 120
7954 1823
14210 4989
14226 4089
1853 466
1854 120
5803 1569
15434 6936
1870 588
1871 771
1880 466
1883 120
2422 1018
1882 588
20595 4615
2043 135
35453 21849
2599 114
54616 2283
1930 771
1941 386
2477 579
1938 771
2205 114
1962 58
9535 2587
10138 2834
1961 771
1970 120
1971 120
49831 26454
1982 853
1984 380
1980 246
2055 837
2061 881
2063 883
1985 412
2264 953
2265 956
2006 836
2008 380
2010 771
2011 85
2015 853
2019 869
3274 1217
11885 3891
26278 15291
2032 120
2035 732
2031 588
2088 890
5950 1569
2028 120
2029 466
3306 1400
11256 358
2044 85
2051 588
2057 837
2059 771
2079 622
2346 995
2365 13
12717 4584
12746 4346
14434 5196
23209 2196
2071 588
38653 4374
2085 742
14937 466
2092 742
17678 8341
2075 771
17126 8341
2099 837
2570 1078
3210 1336
2097 71
2111 785
21066 4346
2098 771
2135 837
2106 771
5526 1377
2104 876
2108 893
2115 588
8143 120
2134 771
2171 913
2198 13
2813 1196
2147 588
2148 906
2163 771
3079 1229
2186 837
2323 49
2189 921
17740 4615
2202 876
2203 695
2219 770
2224 588
10683 3095
2235 588
4482 120
2244 771
2248 588
3019 876
2256 565
2258 588
2261 588
2262 49
2266 771
2269 892
2303 120
7401 1811
10859 2283
2278 588
2284 771
47767 26454
2283 785
2289 120
5935 1401
26119 8438
2720 1164
19131 10142
9598 2350
9602 2461
2340 976
2342 112
2347 49
2352 876
27150 1401
2348 892
2349 588
5577 1377
2402 771
2403 845
2408 892
22785 8139
23678 13055
2424 588
2471 961
22852 12432
2457 876
2462 588
2464 466
2472 892
2463 771
2465 466
2479 576
2490 771
2494 1020
2535 112
2538 65
2542 13
2547 876
11605 3396
2544 771
12277 2283
15213 2848
15251 4346
2546 771
11128 3260
2549 845
2551 771
28838 1817
28854 16773
2562 1020
5847 1614
2561 412
2656 63
2565 438
2566 1020
2567 876
2572 1091
2573 536
2576 771
2586 120
2587 1096
17002 3260
17004 8099
2579 892
43554 26454
2580 845
2583 120
11553 3619
2593 579
2601 120
2607 565
2610 49
2619 771
2611 1020
2616 771
2636 120
2637 771
20650 11533
2673 246
2674 950
45286 26454
2679 332
10301 2830
2684 13
2687 771
5970 1636
5976 1436
6120 332
2689 961
10827 3186
12985 4876
24182 4346
2695 120
2718 1127
2727 771
10048 2732
2739 771
2740 892
8321 120
2757 1170
2771 1121
2770 876
54039 29667
2763 102
2765 771
2767 85
2772 876
2786 892
2787 961
2824 1074
2826 466
2835 771
3308 1401
7726 618
9632 2121
2838 961
2843 771
2854 120
5549 1503
33703 19407
2842 771
2844 976
2866 622
2874 438
2875 771
2888 1126
2881 246
2896 1018
2919 412
2893 120
2895 1127
17319 3675
2999 876
12782 4682
3014 771
3016 876
3017 184
3059 380
3101 1290
3069 943
3071 771
3067 120
3099 386
9003 2417
9008 2395
3081 771
3082 943
3088 1196
5947 1636
3095 943
3096 49
5845 1614
3103 771
3112 1198
3182 1020
11467 2917
3162 1217
7820 1955
3171 1217
15305 771
33992 13359
3189 770
3191 120
3192 771
7868 1569
7871 1573
14348 5088
14406 5142
26849 6489
34395 22801
3190 120
3194 466
3212 771
51364 36856
3218 412
3228 682
3232 892
3233 771
3235 1351
3243 386
3252 1018
10707 2872
3282 943
3283 771
4322 739
4327 771
34374 21849
4325 892
4326 771
4347 1420
4339 120
4341 466
4355 49
9153 2446
10474 63
11783 3785
4338 771
33356 4182
4343 114
4344 1401
19382 8341
4389 579
7747 466
4370 565
4379 386
4454 120
4460 1462
4380 1401
4386 771
7992 120
4463 892
5586 120
10441 2983
34541 22908
4411 579
4414 1401
4417 892
4425 386
8144 120
11825 3821
11931 3696
12081 4052
17458 3353
40369 27029
4430 771
4441 740
4505 466
5529 1401
6075 1569
30766 19381
5523 771
34608 1493
5537 739
5538 771
5555 1288
21510 12204
5573 771
5587 120
5581 1401
5582 771
5595 771
5596 739
5598 771
5599 739
5911 1633
8167 1387
9614 2616
11118 3353
12148 4189
12156 3116
19105 8451
23199 8193
34020 1569
5625 65
8221 1006
5632 332
5658 466
17459 3353
5660 739
5662 1377
5663 1110
5673 466
10920 120
5678 892
5680 1127
8059 120
10902 3242
5733 566
11515 3584
20974 11764
5748 771
5749 332
5750 466
14531 3710
5768 412
5778 332
5792 1600
5779 876
14966 4346
5795 1600
5806 771
5838 114
5839 1401
5863 1614
5867 1110
30202 18897
5866 739
5869 1624
5870 1569
5896 739
21012 4346
28320 17208
8241 1438
11059 2283
19023 8341
5916 1632
5917 1545
5931 739
6137 1436
5938 1636
5939 943
5944 1629
5953 1599
6143 1436
8987 2404
6005 739
6081 690
6039 466
6040 1569
6048 246
6049 1569
6050 332
28505 13517
28507 16562
6067 1569
7338 120
6079 1387
7659 1857
12650 4591
12652 4542
6113 771
6114 1633
6122 1436
6107 1633
6255 85
6117 1633
6136 466
9840 1979
9841 2526
6146 1569
54300 15901
6132 1436
6133 466
6165 332
6166 892
6181 1737
6188 1633
6195 380
6183 876
47321 32750
6185 1636
6186 1633
6214 566
8269 2142
6225 739
6248 771
10615 3058
6232 579
23408 12865
6241 1633
7905 1401
6246 386
8597 1857
6251 1401
6252 771
6253 1636
6257 1569
6258 876
6261 1429
10550 1377
7267 739
7276 1387
10029 2777
7307 1704
7310 53
7284 1636
7287 566
7309 1569
7311 1436
7349 1375
7359 120
7364 876
7365 120
7366 1387
7373 1569
17051 8426
35815 23953
7376 1569
7384 876
7394 1436
7451 1833
10033 2732
24073 13366
7404 332
9579 2422
15527 7013
7413 1387
17760 6489
7421 876
36258 22613
7444 771
23120 12639
7460 1401
7466 1196
8118 2020
10529 2830
12941 3097
7486 1823
7488 1387
7493 1633
7520 1569
7529 246
7523 1569
12918 4781
7528 246
7544 892
7526 1387
7533 876
7564 1633
7568 466
7572 906
7602 1401
7619 1387
7631 1074
7669 106
7637 892
7646 1883
20455 5061
25542 14745
7642 771
7643 1857
7658 1110
7774 771
7804 1401
7815 85
7816 943
7817 1401
7818 120
7819 771
16980 8355
40512 27130
7867 1074
17043 8412
7858 1633
7886 771
7854 1857
7857 771
7860 1569
7863 1857
7878 770
9021 2395
7888 1110
12745 4346
14702 6380
7892 1573
7893 724
7894 1895
7902 1569
9190 825
7908 771
7925 1973
7938 943
7940 332
7962 771
7963 1857
7970 771
7971 943
7972 120
7977 771
25421 3116
8005 120
8950 2375
30379 17888
30380 17193
8020 246
12884 4738
23283 12767
8021 2020
8025 1387
8273 2139
8637 2283
8023 1633
8689 2305
9737 2671
11540 3606
8047 1633
14867 6527
8055 892
8056 1857
8060 1633
33811 21312
8085 120
8086 943
8132 466
8135 1387
8091 1387
10896 1569
10897 63
8097 1290
54068 38798
8123 771
38829 2075
8142 1857
25535 466
8133 1857
8134 1387
11606 3669
8163 1857
8164 1633
8168 1857
8169 246
8174 1633
8198 1018
26655 13359
26657 15554
27254 4615
8176 771
8179 1387
8188 1857
8190 466
8205 579
8217 2119
8229 1387
32746 21338
8236 1387
30281 466
8247 1387
8248 876
8272 2144
9597 2596
23756 12767
8258 2138
8261 1401
8265 876
8266 2104
8373 1633
8286 739
8298 1110
43466 4804
8297 2144
8307 1632
8312 103
9710 1401
11577 3638
8332 771
8349 1401
8340 876
8344 1217
8346 120
8350 2144
9011 2395
9039 466
23351 12838
8356 845
8358 771
40656 27140
8398 904
8405 1633
10776 3158
8435 2121
8519 1569
41374 24858
8410 1823
8414 120
8441 1633
9324 2526
11242 63
12431 4404
8546 332
20616 11488
32217 20821
37867 24891
8559 120
8560 332
8563 2104
8566 771
14396 5142
8562 876
9306 2350
9327 2486
8626 1569
8644 2290
10882 2957
15085 4935
8684 1387
10039 2783
8708 120
8709 1895
8746 2236
9187 2350
8762 876
8764 1401
9506 2486
8765 466
8766 771
8769 892
8770 1401
8796 742
8797 961
10064 2794
10344 2845
8818 1387
8819 103
8824 2350
8827 1569
8865 1823
8895 148
8871 1823
8872 1569
21327 12050
8883 876
30995 893
9683 724
19227 8341
8890 1823
8901 771
9511 1979
8896 771
8912 1127
8956 876
8964 2104
8988 332
14625 1979
9014 739
9018 49
9024 1089
9029 2422
9023 386
9026 1401
9033 466
9122 2439
16834 8256
16847 4078
16918 3675
9503 2526
9509 1979
15480 6990
9094 1401
9097 120
9105 120
9107 2121
9109 771
24293 13538
9158 1823
19282 4615
9170 332
35306 23510
10366 892
10416 63
9185 1569
9186 120
15494 4346
9222 2350
9225 2422
10249 2890
28644 15897
9237 2395
12666 4601
9253 1569
9274 120
9249 466
9252 2483
9258 106
9261 466
9271 120
9272 1979
9273 1569
9547 739
9567 106
9289 466
53179 26786
9318 2526
9682 120
9317 148
9329 2395
9438 724
12781 4682
9430 2517
10095 2813
9472 2486
9474 2350
9458 2461
9490 120
32366 20931
9466 2395
9467 386
9507 2422
15180 892
9519 771
9522 2461
9563 771
9570 1979
9603 421
9696 71
9851 2717
10631 120
18949 8756
20659 8438
23759 13021
49876 27618
9640 2395
9674 2461
39191 26063
9646 466
9670 386
9729 2121
9754 120
9700 825
9704 2461
9705 1110
9762 103
9807 1401
9763 1979
9764 106
9766 120
9770 2283
9773 1074
9833 2161
10015 2750
10097 2813
10241 2885
10785 3164
16983 1504
9778 2283
9836 771
9787 246
9788 106
9820 2350
9805 120
9813 2526
16815 8256
22936 4346
24032 5092
9809 466
9814 106
9879 120
53648 14722
9812 2423
9824 466
9830 1569
9855 2283
9869 466
9854 2283
15405 4968
15414 6924
9888 63
9926 1089
9911 2283
9952 120
14230 3116
9930 63
9939 2121
21171 11945
9967 771
9996 2104
10060 771
10063 1569
10075 63
10078 876
10093 2283
11368 3116
10207 2307
23837 11501
10214 2283
10215 2830
10274 2830
11693 3682
35867 23998
10294 106
12246 1979
48639 33710
10286 771
12083 3682
10312 1569
26192 120
10317 961
28689 4682
39809 14775
10369 2917
10488 3000
10336 2283
10342 1632
11940 1318
13101 4945
10335 2283
10395 2960
10410 2830
10450 1401
33297 21824
42738 28675
10413 2830
35983 21213
10421 2830
10422 771
10449 63
10451 771
10459 2283
10460 2830
10476 2830
10482 120
10841 3198
10480 63
10481 246
11134 3353
10495 2283
10515 2872
10588 1802
10597 771
10623 120
10613 1979
10614 120
21184 11861
12405 4404
15156 6721
10634 63
10640 1979
10643 120
21124 2917
10689 456
10727 2872
10700 246
49576 26786
11304 3353
24098 13386
10757 739
10758 3142
10765 63
10768 2283
10851 2917
10862 3008
10855 3204
10856 739
10867 2283
10887 3205
10872 1401
14130 4951
10923 1569
10935 120
19139 3116
10977 771
11006 1401
11345 3008
12182 4222
10936 84
10938 2957
10939 466
10940 103
11099 3353
11729 3749
11744 3700
11747 1290
15472 6974
19241 10215
19248 4968
23659 12838
23821 12563
24071 13361
10959 2283
10965 63
11174 2283
11177 120
10987 63
12439 4404
11695 3682
17165 8485
11005 1979
17082 3116
11022 2917
11024 1401
11019 2283
11021 63
11039 1823
11085 1401
11045 3008
11071 1401
11072 1979
11057 2283
11073 1979
11063 2283
11113 3372
38716 25614
11159 2283
11160 771
11180 1979
11181 2283
11216 1074
11967 3682
11288 892
11289 120
15013 6641
27248 16112
11308 63
12755 4542
16574 8030
11328 2917
11330 3008
23128 8341
11347 2872
11349 771
11419 2283
11421 876
11430 3116
11433 63
11462 1217
39475 24858
11432 771
47237 32576
11438 2283
11440 2872
14489 6250
11455 2283
11492 63
11664 3700
11674 120
11655 63
11660 3700
11752 3714
19255 10229
11709 771
11720 2422
11721 876
40413 4748
11742 1823
11743 3257
11757 3719
11767 3353
11793 771
11803 3798
11810 2283
11813 3587
11815 3714
11874 3559
11838 1979
14728 6405
11848 3160
11867 3870
11849 3845
11857 1674
11873 3559
26013 15089
11860 3749
16932 3675
11864 3160
11865 517
11868 3868
11888 2283
11884 2283
11886 1387
11903 3838
11906 120
11944 1401
11950 3682
11993 1823
11994 771
11999 3978
12004 3992
12010 739
28339 3177
12027 3749
12028 771
12031 3682
12032 2283
12038 2872
12075 517
14490 332
14496 3957
12040 739
18962 8341
12119 1160
27674 13450
27697 4390
39325 17846
12056 1401
14346 120
12060 2104
12063 4044
12120 4135
36368 22613
12066 2283
12073 517
12084 1823
25770 14914
32567 21117
12090 1233
12091 771
12094 4066
12095 2422
12104 4081
12117 4122
12103 876
12114 1387
12125 2422
12506 4404
12129 2872
54661 39216
12160 3008
12161 4197
12170 4182
12187 3559
12193 2917
12249 3453
26093 15152
12195 3682
12343 4346
34533 22904
12244 3682
12268 414
12229 2423
43991 29667
54344 37350
12255 3121
12258 1401
12257 1401
12259 2283
12275 84
12292 120
12298 4089
20835 8341
12306 58
12309 2350
12312 3887
12373 4346
12451 120
12380 3116
12382 4290
12398 4398
17388 8612
12387 1401
12395 4225
12449 120
12459 4448
12461 1823
12464 2283
12482 1401
12494 466
12512 4290
12515 1401
12517 2283
12618 1127
12620 4542
12522 2676
12525 4330
12527 1569
12533 1261
32273 13359
12562 2283
12570 1401
12555 2283
12582 4207
17552 2425
21148 11921
12565 4089
12566 187
12572 4530
12608 3882
12619 2872
12627 3682
12656 4474
12610 4346
12612 4225
12675 4207
12678 1895
12679 4225
12687 4615
12688 4619
12682 4225
12704 4127
12707 4346
12829 3603
12736 739
12737 2283
12770 4346
12771 3808
12774 4682
12785 1401
12827 1979
12909 4216
14536 5179
12817 1895
12824 4346
12832 4207
14839 1127
14855 1261
12856 4225
12863 1401
12873 4127
12879 4760
12885 4768
12893 4216
12895 2957
12897 4788
12930 1443
12903 1127
12904 4346
32814 17888
12945 4216
12946 4437
40031 466
12964 1823
12966 771
39024 25801
12970 1401
12980 3116
12995 1979
12996 4346
13029 246
13051 4870
14486 4913
14513 2848
14538 3116
13060 1401
13069 3603
13062 1401
13063 771
13074 876
13086 3116
13098 659
14283 5037
13094 4346
14317 3257
14126 4225
14128 4346
14132 4957
14134 4225
14140 4738
14141 4960
14147 4935
14148 771
14177 4935
31013 120
14213 927
14214 4935
14255 4935
14257 3871
14301 1773
14304 3749
14306 4935
14307 4346
14308 4935
14313 5066
22886 12050
14327 5088
14332 1401
14333 120
14350 2957
14380 3808
14399 1802
14401 5167
20670 1895
14340 3116
14341 246
14342 4935
14344 5097
14357 4346
14359 120
14416 5179
14347 3160
14349 4803
14381 4935
14382 1396
14403 4346
14404 30
14405 4935
14420 3719
14426 4346
26994 15835
14469 739
14475 5227
14478 4935
14479 1401
14493 3121
14494 4346
14498 4935
14499 771
14504 278
14506 4935
14530 1979
15006 6635
14540 1979
14541 4935
14543 120
14548 921
14552 1401
14555 4207
14558 1401
14581 3116
14585 4346
17607 6489
14611 579
14615 6328
14646 6328
14650 3008
14668 771
14684 1823
14692 3116
14694 4207
14696 4935
14708 3116
14831 6503
14744 4216
14745 4207
14747 771
14756 4346
14757 120
14861 1979
14862 4738
14868 4935
14870 1261
14872 4216
14873 3116
14889 1261
14898 3116
14903 6545
14907 4225
14910 6437
14912 1261
14921 6521
15132 120
17658 8341
14996 4346
15001 466
15000 2957
15004 771
37715 19318
15017 1979
15019 466
15021 3808
15026 876
15018 3116
15025 6643
15024 466
15059 1979
15074 770
15044 4935
15047 579
15066 892
28725 15625
15087 1979
15088 3116
15090 120
18915 4615
15095 4935
15096 3116
15126 4207
15128 4935
15145 4225
15148 3160
15171 4346
19366 10191
15174 4935
22954 3011
49860 32075
15300 771
15303 4935
15239 4738
15240 4935
15249 2872
20666 11553
15259 2283
15273 6328
15272 120
15278 892
15336 4615
15349 6857
15356 6872
15358 6873
15360 6598
15368 1802
15369 4935
15371 5001
15342 6633
26892 13274
26977 120
15345 120
15352 4935
15393 120
17291 8341
23319 12802
15379 876
15403 120
15425 5001
15432 6437
15449 1261
15451 4935
15471 1569
15470 4935
16583 6940
15490 4346
52941 26786
52943 8451
15505 4346
15506 6924
15526 6445
15512 4207
15519 1261
15541 892
15545 4225
15547 1261
16575 2283
29046 12641
15560 106
15562 2830
15559 3116
15565 4346
15568 120
16723 4090
21098 11861
22685 12051
16588 4935
16589 2283
17235 4225
17256 8417
32376 20965
16634 4935
16638 771
16660 4122
16641 4622
16644 1569
16650 2830
16656 1569
16670 5239
16661 1401
16662 8108
16688 1261
17061 8341
23555 4584
33781 1569
16701 4935
16711 8146
16725 5001
16738 8171
27512 16413
16708 4346
16741 5239
16713 1401
16739 4346
17066 8341
30360 120
16754 4346
16755 4935
16766 4090
16769 6598
16781 4374
16784 771
19244 8341
16775 3116
16790 771
16854 4346
16955 8342
16877 2830
16879 466
16989 4935
16991 4225
16992 8366
16997 8372
16999 4346
17005 4804
17006 466
17011 8389
17035 5162
17055 4935
20987 11777
43081 1979
43104 11883
17098 1979
19268 10239
17090 4935
17100 120
17101 1979
17102 120
17146 1401
17149 771
17175 8438
17179 4346
17186 4089
17498 4089
17193 771
17806 8909
17191 4346
23100 12626
17209 4127
17213 4346
17219 3116
17380 6489
17237 3202
17692 8814
17268 120
17280 2461
17276 4935
20800 4346
17349 771
17353 466
17362 8438
17396 1569
33737 22220
52321 37609
17352 4346
40233 25801
17350 771
17354 120
17371 106
17373 246
21312 11685
17375 4935
17376 466
17377 466
17378 4346
17383 3710
17389 6468
18966 10028
18985 4615
17421 8438
17422 4346
17432 876
17433 4086
17454 4346
17461 106
17511 1401
17513 3116
19075 1569
20660 11544
17524 3116
17527 8438
28230 17119
17567 120
17568 8341
17570 466
17571 2957
17600 4475
17605 3353
17626 4935
17627 466
17720 1633
23980 12563
17790 4803
17835 8925
17789 4346
17834 8925
18972 1632
18973 4615
17829 3116
17830 4615
17836 8929
18850 6328
18851 3257
18852 4225
18883 1979
21081 11861
18953 8858
18955 8925
18981 8935
18987 10045
19005 8935
19016 3603
23133 12654
18997 9957
18998 10056
19007 10068
19020 470
19026 8820
19037 2283
19048 4225
21139 11921
39378 26186
48022 33251
19056 10100
33960 22449
19082 2280
19083 4615
19101 4935
19106 8820
19116 120
19128 771
19132 10141
19135 8341
19102 4935
38619 25505
19143 3710
19144 1823
19174 4935
19182 8341
19197 9957
19199 4935
19217 8820
36319 4615
19230 4346
19231 4935
19259 8341
19260 4935
19284 876
19286 8438
19292 3085
19297 10250
19303 5179
19310 4715
19312 4346
19313 8341
19321 2872
19329 4346
19335 386
19353 120
20560 6940
19330 4615
19345 2283
19360 4225
27347 9985
19361 8341
19363 4346
19365 10301
19378 10311
19379 10315
19393 6489
19394 8341
19397 4615
19415 10332
19416 3866
19417 3353
19418 466
19424 8820
19439 4346
45392 31027
19443 4346
19444 1401
20457 8341
20490 11397
20491 11398
20521 3353
20552 8303
20546 4935
23019 8412
20601 4935
20602 4225
20605 8341
20608 4781
20609 4346
20613 1469
20625 11499
20689 4346
20695 1569
20686 5001
20688 4968
20703 8341
20705 3353
20710 4346
35568 23708
20732 771
20742 187
20740 3353
20741 2283
20743 8935
20745 739
20763 6598
20758 3353
20761 4346
22968 1817
20771 4346
20776 2283
20812 3116
20813 409
20846 4935
20857 11685
20866 1895
20868 6985
20870 6598
20884 3116
20885 4346
20891 4935
20892 771
20900 4935
20902 8820
20903 11720
20904 6500
20905 11706
20912 771
20914 903
20921 4207
20922 2283
20994 4346
20995 4935
21009 5110
21028 3866
21029 4935
21053 6924
21069 771
21089 3353
21095 2283
21101 903
21145 8341
32720 21300
21181 4207
21360 1401
21202 771
21215 4207
21220 4935
21223 771
21240 120
21249 11685
21224 6924
21234 4346
21270 8858
21313 3559
21314 8193
21277 2084
21291 3353
28723 17525
21280 771
21282 4968
21286 120
21290 3116
21520 1172
34005 19407
21311 11685
21319 4225
21373 1895
21374 120
21380 1979
21381 1569
21391 1020
21449 4346
21451 5001
21503 4346
21549 12050
21547 12050
21552 4968
40425 26454
21562 8897
21570 3353
22980 3957
22667 3353
22668 1895
22670 8820
22677 12304
22698 12323
22681 15188
22684 11861
22825 12415
22706 120
22716 11501
22742 12050
22712 4935
22713 771
22731 12280
22734 4935
22744 4127
22765 106
22766 120
22772 771
22775 12375
22778 12379
22779 3808
22781 3353
22790 2283
22793 4346
22802 4346
22810 3116
22816 10141
22843 771
22846 15188
22859 4935
23020 11685
22889 6489
22890 4346
22973 771
22974 3011
23030 3353
23040 120
23046 4935
23050 12585
23059 4545
23060 6489
23061 12595
23119 8563
23124 12645
23127 1401
32991 16537
33016 12387
23169 12353
23182 4968
23261 3116
23268 3353
23263 2917
23267 4935
23311 1823
23313 3353
23315 4790
23317 12036
23333 8341
23334 4225
23336 2283
23337 2395
23380 4935
23381 1401
23379 12353
23382 4935
23387 771
23396 4346
23388 3353
23394 4346
23412 8341
23414 4346
23446 4935
23447 11501
23449 8341
23460 12865
23473 4086
23474 8341
23481 3202
23483 12616
23511 4935
23514 4346
23562 3116
23563 466
23558 771
23559 8341
23570 1979
23571 12972
23579 12999
23586 13005
23667 120
23590 3353
23591 4346
23605 771
23619 4404
23627 4346
23628 3116
23646 10257
23641 892
23642 8341
23645 3353
23656 12036
23658 8341
23680 8820
23681 4086
23683 13058
23693 8820
23694 4346
23699 13062
23700 4346
23701 120
23745 4935
23990 13006
23766 120
23771 2283
47541 27618
23767 3353
23796 2139
23775 4935
30698 120
23813 8341
23815 12110
23818 12979
23822 1599
23832 10300
23833 4622
23835 6889
23862 13162
23842 771
23843 8341
23864 2290
23865 771
23891 4615
23894 120
23901 12387
24080 4624
23917 3353
23925 4615
23985 13251
23988 4346
24028 3116
24029 771
24033 4615
24036 12360
24043 3116
24055 4615
24125 246
24132 12036
24164 4935
24168 10300
24190 13450
24192 12979
24204 12036
24297 527
24298 13544
24217 13450
24225 13493
24256 13499
24260 4935
25383 14616
34621 22981
25321 4935
25348 120
25746 4615
25323 6530
51779 26786
25346 6489
25347 4935
25356 466
25411 12050
32926 19239
25368 3957
25369 3353
25370 8451
25374 13450
25377 14611
25380 14613
25388 14625
25394 4346
25408 4374
25407 6328
25409 4935
53252 3202
25439 4600
25446 13450
25476 13450
25479 771
25483 3116
40110 24858
25565 13404
25566 4615
25569 3353
25635 4935
25667 120
25836 771
25839 14964
25842 4346
28943 17671
25868 4346
26077 12641
25880 771
30310 18972
25908 4346
25913 8451
25920 4935
26733 15602
25918 13359
25919 4935
25923 8820
25927 4346
26016 13499
26037 4624
26094 3353
52449 37688
26112 4346
26123 771
30292 17858
37585 24657
26172 96
26249 12979
26169 120
26186 2283
26183 12036
26185 4615
26199 2283
26200 4346
26201 3353
26277 15273
26282 579
26290 4615
26291 120
26401 14741
26402 13450
26399 120
26417 13359
26409 4390
38565 1396
26414 4390
26416 13359
26424 4615
26440 14741
26430 2957
26431 12705
26480 120
26481 6489
26483 4615
31114 19686
26502 8296
34731 22613
43328 27618
43376 12386
26523 13499
26524 14709
26525 2732
26532 120
26536 13565
26580 15483
33232 21755
26526 8296
26527 771
26599 3353
26601 6489
26652 4935
26663 8236
26654 6489
26665 3353
26703 12280
26720 15595
26723 892
27341 16120
26676 566
26705 11805
26706 15261
26732 15602
26697 8438
26861 8438
26700 2957
26702 12280
26715 4935
26728 4346
26737 4346
43353 29094
26757 4935
26763 120
26766 3353
26818 1979
26866 3116
26814 12036
26815 4346
26829 6489
26832 4346
26833 4935
26841 4346
26842 12036
26844 771
26853 8451
26873 892
26971 15813
26998 4182
34473 22613
26919 3116
26925 11501
33002 15301
26917 4346
26918 3116
26927 4346
26929 2957
26931 771
27046 3116
26946 4935
26947 3353
26950 13145
26953 4346
26955 12705
26959 3353
26980 13450
26986 3647
26982 4346
26985 566
26993 4346
46599 21213
27024 14718
47997 17888
27055 11805
27057 4346
27094 4346
31141 18968
27160 13274
27161 11720
27168 791
27184 6924
38089 13274
27213 14587
27246 2957
37744 24779
27264 1979
27266 12036
27268 16137
27274 3353
27279 1462
27360 16219
27361 4615
50758 120
27365 4207
27367 13158
27383 2283
27385 4346
27386 16259
34801 466
27403 3353
27406 12036
46013 1817
27422 1979
27423 771
27429 15799
27441 1469
27418 4615
27426 16306
27427 1979
27436 13450
27443 16329
27530 771
27532 13158
27589 4346
27590 4935
27608 16501
27610 4615
27727 16537
42563 28587
27646 120
27649 10141
27651 3254
27654 13306
27657 1392
27660 14741
27663 11734
27645 10141
27647 12036
27672 4615
27673 4935
27773 16537
27787 771
27771 16537
43478 26454
27795 1569
27797 11805
27810 13450
27844 10141
27813 11805
27815 3353
27839 771
27841 3559
27900 12036
38060 25049
27927 10257
28646 120
27962 13450
27972 11805
28051 771
28052 16952
28053 4935
28092 4935
28097 1748
28109 17030
28155 13450
28156 12760
28215 4615
28159 466
28183 13450
28234 4615
28235 771
28252 12641
28258 3353
28259 4346
28270 15856
28274 4615
28296 3353
28314 17193
28349 4346
28389 2917
28449 4615
28463 16157
28458 15625
28471 17332
28472 4615
28478 120
28469 16773
28470 4615
29021 13326
28465 8451
28466 17326
28511 13450
28738 17535
28739 4346
28525 3353
35908 23447
28559 1401
28562 4615
28584 771
28588 3353
28581 3353
28582 771
28592 120
28637 4615
28598 4615
28613 4346
28607 4346
28614 3353
28667 4615
28669 120
28707 4346
28709 16878
28710 771
28744 4346
28751 3353
28793 4346
28804 1401
28814 771
28863 17535
28867 120
29043 17636
29053 15023
28839 4090
28847 17601
28850 771
28857 17609
28880 120
29000 15625
29010 771
29017 12641
29069 120
32679 17888
29015 16878
29016 771
29029 15625
29030 17507
29058 5227
29051 17382
29054 12110
29196 2283
29198 1462
30217 18911
30247 4545
30248 4615
30240 12613
30243 13145
30384 4374
30388 4615
30392 16335
30398 19015
30428 16622
30437 3808
30391 771
39689 26446
30394 8820
30396 4615
30405 16933
30409 120
30415 19064
30421 16103
30422 120
30460 3353
30462 16878
30465 16773
30467 12036
30468 3866
30474 17772
30480 3353
30494 19178
30502 5227
30505 251
30520 19209
30517 17186
30524 120
30529 771
30535 3257
30566 17620
30576 11883
30578 6489
30580 17620
30596 19260
30604 6353
30606 17888
33174 3353
30615 16537
30701 15856
30638 4086
30644 16537
30681 16933
30684 2283
30687 3353
30690 120
30696 19334
30699 12036
30719 19347
30716 19334
30718 4615
45746 31422
30742 12036
30752 17888
32588 2283
39339 24858
30845 120
30846 2283
32185 15595
30858 13274
30863 771
30895 17186
30901 11734
30943 120
30953 19526
30955 1802
30964 6607
30967 4138
30979 19562
31011 19594
48897 26252
31048 16878
31050 16951
31053 17620
31056 17888
31099 11883
31102 19318
31105 3254
31124 19696
31132 10141
31136 4086
31118 3559
31125 10141
31129 1401
31130 16878
31131 771
32229 4374
32255 19561
32272 19392
32190 19742
32196 4748
32251 120
32254 19742
32269 2732
32270 120
32274 17718
32275 20874
32288 19246
32292 17888
32299 19392
32302 13359
33741 21394
34478 22813
32387 12036
32393 4615
32403 120
32422 771
32423 120
32479 17193
32445 16878
32447 2957
32453 1401
32458 6489
32463 8820
32486 120
32471 1401
32472 771
32474 17888
32484 15132
32489 120
32496 2283
32499 120
32580 771
46605 26252
32512 15625
34615 22975
32570 4615
32574 5151
32577 6468
32578 21134
32583 21138
32633 466
32641 12815
32648 466
32652 12815
32774 21365
32655 120
32676 19318
32672 1401
35252 23466
32686 1401
32689 120
32698 3353
32707 466
32736 1401
49741 34656
32781 1401
32787 120
32798 17888
32799 466
32801 17193
32803 17193
32888 2510
32806 466
32809 14778
32818 1569
39464 26250
32817 120
32820 8820
32837 120
32930 13326
41531 27618
32844 120
32864 3353
32842 21245
32843 16878
32845 17193
32849 8226
32852 15113
32866 21451
32868 21453
32877 21464
32886 21477
32890 16952
32895 771
32896 8438
32905 21491
32909 21494
32924 10058
32927 19239
32929 1802
32940 8581
32938 4615
32941 16537
32946 1242
32947 771
32949 120
34210 22613
46746 4832
32979 8438
45654 26454
33041 246
33619 19407
33059 14778
33065 3808
33104 16773
33106 4615
33108 771
33120 12353
33123 21466
33143 16773
33171 4615
33219 16878
33220 2283
33704 19407
33733 22212
33246 8753
33247 466
33248 17083
33249 21773
33279 8820
33285 771
33409 17888
33411 15132
33420 6489
33424 19318
33467 13158
33468 8451
33484 4615
33489 22028
33490 22024
33494 4182
33541 3011
33542 1396
33546 3353
33555 13274
33554 6489
33566 3353
33582 15897
33615 771
33621 11674
33614 17620
33616 15132
33623 120
33632 22122
33651 19699
33678 4682
33693 22166
33626 13158
33746 18968
33683 19407
33706 4615
33709 12036
33710 19407
33715 2283
33722 4615
33747 16773
33748 771
33791 1979
33810 13359
33876 1401
33879 21330
33910 1401
33917 3164
33933 2461
33943 4225
33950 22040
33939 19407
33945 3353
34021 21912
34022 19407
34033 1401
34038 120
34072 19407
34086 187
34080 1401
34090 15901
39136 24858
47373 27618
34144 21851
34145 120
34161 22605
34165 8935
34177 3353
34179 8820
34198 1979
34206 3353
34235 19407
34555 120
34245 19407
34246 6489
34250 4615
34274 13518
34278 3647
34298 8451
34293 21981
34294 21467
34331 21981
34339 19392
34347 332
34370 4615
34380 15132
34378 6489
34379 13499
34628 18968
46882 16782
34420 16237
34422 771
34433 120
34436 3254
34482 4127
34494 22855
34531 1569
34532 120
34539 15856
34548 959
34550 19246
34557 120
34559 3353
38928 25801
34575 4086
34581 120
34601 18968
34614 4615
34619 15901
34633 4225
34737 23025
34659 120
34672 12815
34813 466
34819 19407
34937 120
49434 27618
34890 15901
34891 16951
34916 8820
34930 16951
34936 3353
34943 19392
34926 2957
34935 23187
34938 23188
34939 22039
34934 120
34940 771
35034 22944
38612 25491
34987 23192
34994 4086
35084 8103
35089 16951
35146 1979
35167 120
35187 771
35188 120
35189 1569
35203 8820
35249 14778
35257 23473
35277 23489
35295 23499
35339 8451
35352 4086
35355 13499
35377 14775
35393 1979
35394 16951
35401 23591
35507 19407
35511 16951
35527 12036
35528 19407
35547 10141
35576 23712
35640 16237
35643 771
35660 23776
35689 3871
35647 19407
35648 771
35682 23797
35686 3353
35723 16933
35725 6327
35726 5092
35755 1802
35770 6489
35772 23797
35781 23912
35782 22813
35795 3683
35848 12110
35871 21849
35885 1979
35887 3353
35947 12036
43678 25553
35985 12036
41699 4374
36115 19407
36116 3353
36134 4481
36148 771
36130 4615
36133 24209
36165 15301
41320 27618
46374 26252
46377 17888
36167 12760
49017 18968
36168 19407
36169 22613
36205 5179
36213 19407
37897 120
37900 24858
36247 3011
37479 1396
36252 3011
39671 26426
36250 24303
36253 771
36257 2848
36265 16549
36267 24316
36268 17888
36270 669
36273 24322
36277 24324
36284 120
36303 8351
36308 19318
36358 23620
48623 32551
36338 16951
36356 4790
36343 16237
36351 21330
36353 4615
37413 12979
37433 19392
37415 19407
37422 3011
37418 19407
37431 10300
37432 120
37423 19407
37425 5117
37427 4615
37464 24528
37443 771
37446 4225
37492 15620
37514 120
37534 3353
39785 26500
37553 2957
37559 120
37592 18968
37596 16355
40999 26454
42967 2283
37664 120
37666 15625
37726 1401
37752 120
37771 2283
37772 120
37776 4615
37782 24801
37784 19407
37830 1979
37833 21849
37859 3353
37871 6489
37873 24900
37874 24902
37895 8820
37935 10027
37943 120
37883 1401
37884 24858
37910 24930
38408 13326
37922 19407
38528 25411
37917 4277
37924 3011
37936 12030
37934 24858
37937 4374
37959 24858
37967 3871
38034 1401
38037 16951
38044 6489
38076 16714
38054 6489
38057 1396
38058 16714
38154 15620
39409 120
38157 3011
39941 26500
38159 24858
38166 17687
38169 15450
38233 15766
38172 25049
38173 19392
38181 120
38196 3353
38189 17507
38190 24858
38192 771
38222 24858
38246 1420
38248 21849
38270 771
38288 23890
38242 3353
38243 9943
38309 2957
38932 25801
38301 24858
38307 25241
38311 17451
38324 25257
38326 24858
38332 120
38345 6489
38420 4937
38352 16951
38359 24858
38396 12760
38397 24523
38403 19407
38404 120
43948 3683
38419 24858
38421 25344
38422 120
38439 25358
38489 21849
45529 26786
38525 24858
38526 24901
38538 24858
38555 3521
38598 771
38599 4615
38605 24858
38607 771
38666 1979
38667 120
38681 386
38684 25567
38730 4615
38731 25295
38741 1979
38742 12036
38757 8451
38790 120
38767 1979
48714 26454
38769 24858
38789 120
38819 24858
38858 120
38825 24858
38828 120
38848 19407
38849 4615
38883 17772
38951 10027
38902 18968
38908 4090
38906 15625
38913 17620
38974 23345
46428 32031
38972 22536
38982 11883
38994 24858
39010 25872
38993 25769
39028 12979
39050 11883
39057 120
39061 25931
39066 25935
39067 6961
39053 16951
39054 24858
39129 24858
39172 120
39082 16951
41553 26454
39088 120
39093 25904
39134 16951
39135 26014
39140 26021
39156 26034
39153 24858
39154 120
39198 24858
39259 1401
39215 26084
39216 19407
39217 11883
39224 120
39227 24858
39237 26096
39233 11883
39272 566
39276 24858
39278 120
39320 22024
39302 24858
39305 120
39311 120
39340 1979
39326 24858
39327 11883
39333 12364
39336 24858
39347 6489
39337 11883
39592 21213
39382 24858
39387 79
39397 26174
39400 3353
39412 22660
39407 26174
39437 1401
39408 18968
48488 33563
39508 13229
39513 771
39552 11883
39553 120
39554 21330
39562 8315
39571 11883
39578 120
39570 11883
39583 120
39623 771
39600 19407
39607 26361
39651 120
39652 13359
39653 15620
39655 16555
39657 1569
39662 26415
39669 1802
39693 26448
39668 26373
39670 4804
39692 2283
42444 21849
49844 21213
39726 26472
39727 2957
39731 96
39732 8820
39734 1401
39739 5227
39740 26487
39802 26568
39749 11883
39750 4225
39754 24603
39753 6489
39755 24858
39783 120
39786 25801
39791 1401
39792 24858
39794 120
39812 24858
39813 4615
39832 1401
39839 120
39830 24858
42445 21849
42446 27140
39852 24858
39865 26454
39863 26454
39873 25801
39888 771
39862 120
39872 22536
39882 3559
40046 4615
39876 24858
39877 25801
39880 15620
39881 22536
39911 120
39912 24858
39928 1401
39929 24858
39930 120
39966 26718
39935 120
39938 24858
39964 26709
39950 6489
39962 120
39961 2957
39996 120
40006 24858
40013 120
40069 26174
40070 1401
40073 2510
41633 26454
40114 3957
40115 3353
40118 1979
40120 24804
40121 26852
40124 26859
40125 19204
40134 24858
40141 4615
41942 25614
40225 26500
40236 26948
40248 771
40251 4615
40252 24858
40254 6489
40300 21138
40307 26500
40270 24858
52342 26786
40362 19407
40364 1979
40371 25614
40377 27030
40387 4615
40361 24858
40363 771
40368 120
40402 24858
40408 8820
40592 13326
47874 2283
40422 24858
40424 120
40434 120
40435 11883
40491 16951
40499 3353
40539 27140
40503 24858
40537 27140
40608 120
40613 25801
40611 6489
40614 120
40707 15620
40713 4090
40719 24858
40737 24858
48967 26454
40742 724
40743 15620
40758 16237
40767 27140
40775 2283
40782 4853
40783 5012
40812 6489
40826 3804
42421 22319
40784 3353
40795 24858
40800 27140
40806 27312
42111 27618
40839 11883
40842 24858
40844 8438
40855 21330
40857 1979
40867 26500
46844 32373
40870 120
40874 11883
40989 24858
41002 27432
41004 26454
41005 25801
41061 3353
41201 18968
41203 9985
41082 11883
41103 25801
41133 27140
41138 120
41155 17887
41180 120
42121 8438
41161 120
41162 27140
41225 24858
41230 22868
41245 1979
41258 25801
41250 4615
41251 24858
41262 27605
41284 22868
41275 4390
41277 3011
41316 11883
41317 26786
41472 21523
41473 24858
41623 24858
42062 21849
41655 24858
41672 120
41656 4374
41667 25614
41679 24858
41688 27140
45295 26786
41685 24858
41687 120
41695 26500
41696 4935
41697 17888
41698 8820
41703 6445
41704 8451
41705 26252
41707 4277
41710 26736
41714 8616
41716 27942
41718 17080
41726 1392
41736 27958
41748 27967
41777 22605
41819 3683
41769 4935
41788 17817
41833 26454
41809 25614
41887 120
41852 24858
41853 19495
41854 16951
41855 28054
41863 25028
41892 28088
41858 120
41859 24858
41865 24858
41876 21278
41898 4935
41901 12386
41946 24858
41948 120
41974 26454
41989 28185
41993 18968
41994 13359
44048 11883
47045 32528
50597 33274
42048 120
42094 27140
42080 4935
42081 24858
42084 21849
42099 120
42102 27140
42178 4935
42179 24858
42278 21278
42280 4935
42291 1401
42299 27791
42300 17888
42301 4935
42323 4374
42324 17186
42329 120
42337 4935
42338 2350
42427 26786
42428 4935
42485 771
42486 4935
42492 11674
42498 26786
42502 2283
42504 27618
42512 14778
42572 25614
42575 4615
42588 26786
42589 4935
42600 120
42614 27618
42631 21849
42664 28642
42668 4225
42669 3353
42829 19407
42840 120
42849 16951
42850 4935
42871 25732
42872 16951
42924 27140
42925 8820
42996 12386
42941 15620
42942 4182
42951 13359
42965 26467
42949 28053
42950 4935
42988 16951
42992 28886
43037 4935
43043 4182
43075 2283
43076 24858
43112 12386
43155 27618
43116 24858
43120 4935
43132 21849
43146 26500
43148 27773
43150 26454
43167 771
43168 4935
43188 3353
43191 120
43192 27618
43245 4935
43246 16952
43219 17674
43244 16562
43284 4935
43285 11883
43290 4390
43301 21849
43364 4935
43365 28932
43381 29229
43397 17804
43399 14722
43400 16773
43405 771
43412 26786
43434 2283
43439 13359
43454 21849
43456 29094
43476 8438
43596 25801
43504 16951
43507 27618
43512 29262
43513 27140
43556 3710
43557 1401
43558 28932
43573 26500
43578 19318
43597 8820
43615 25614
43604 29262
43629 29398
43662 120
43676 3353
43689 26736
43667 26786
43685 8820
43687 25614
43739 3353
43846 26454
43766 3164
43772 26454
43945 29094
43946 4935
43930 26786
43939 1817
43968 26786
43969 16951
43971 12386
44067 4935
44068 26454
44126 26454
44129 25801
44147 11883
44148 26454
44154 2433
44156 24603
44151 1817
45883 2283
44161 29800
44162 4225
44164 3353
45220 16562
45221 4935
45232 4615
45237 11883
45239 25614
45324 26454
45336 27618
45369 30994
45387 15180
45388 1979
45389 1350
45396 28600
45399 31041
45402 26454
45468 31124
45424 27618
53281 33565
45471 2732
45472 771
45474 27618
45479 26786
45510 4615
45809 26479
45513 26454
45544 31124
45539 26786
45540 26454
45613 4935
45614 31285
45615 31289
45619 31292
45768 11883
45789 31448
45771 26454
45772 24858
45849 2350
45852 3353
45854 25614
45894 11883
45905 31542
45912 11883
45913 1401
45918 21849
45920 31552
45943 31565
45921 120
45984 28559
54827 18968
45929 11883
45931 31561
45964 3353
45966 4615
46079 31460
46087 4615
46129 26786
46135 27140
46155 11883
46158 4935
46170 24178
46194 26459
46207 3011
46162 26454
46163 4935
46164 1445
46167 14911
46171 24603
46176 13359
46195 21849
46198 184
46201 26454
46260 17544
46261 26454
46301 17888
46302 4935
46355 3202
46358 771
46394 26454
46395 11883
46397 25732
46406 32015
46419 32024
46408 21213
46409 3957
46423 26454
46427 32029
46442 6889
46489 32092
46425 21213
46426 1401
46433 32039
46435 22181
46439 13359
46440 32015
46451 26454
46496 3683
46498 22828
46513 21849
46545 15625
46458 26500
46464 4127
46465 13203
46470 12036
46533 27618
46559 24858
46543 11883
46544 8611
46546 26454
46555 4615
46595 24512
46549 26467
46553 22046
46554 25797
46556 10058
46562 32015
46583 1401
46584 21962
46611 2283
46625 26454
46680 26454
46682 18968
46715 25797
46721 27140
46755 28932
46756 4935
46766 4935
46782 27618
46835 2283
46836 32369
46841 26516
46856 32134
46862 32389
46870 12805
46876 26686
46855 23991
46857 23839
46860 12036
46903 16237
46904 4615
46946 28932
46948 2283
46996 31460
47001 17620
47005 4615
47012 2283
47015 21138
47021 21849
47032 29094
47038 32522
47054 32531
47056 26454
47058 771
47074 12579
47084 4090
47085 12036
47086 32567
47089 4182
47090 3957
47109 26786
47110 32580
47111 2283
47112 771
47119 4615
47121 4086
47127 27140
47128 4935
47138 32615
47162 31561
47164 29720
47166 26454
47167 32635
47170 4615
47171 4182
47190 27618
47193 27427
47194 8820
47205 26786
47210 31460
47214 27618
47240 26454
47241 31548
47242 26786
47251 771
47252 21089
47260 27140
47266 26786
47282 2283
47291 3353
47306 17193
47299 2957
47300 27618
47301 1823
47408 26454
47420 5162
47411 4615
47419 32819
47430 27618
47461 25411
47463 26786
47446 18968
47448 1401
47466 22536
47471 19407
47500 31561
51913 120
47509 24858
47510 27618
47522 771
47523 16878
47528 24367
47535 32903
47589 25797
47594 21849
49708 26454
47637 26454
47640 32015
47651 18968
47660 33007
47724 26174
47733 13040
47734 18968
47736 28234
47738 33062
47728 8438
47730 4935
47777 4615
47788 27618
47794 27618
47798 26786
47817 26786
47842 8412
47826 19407
47827 10095
47838 2283
47839 4374
47845 26786
47908 19407
47909 26454
47892 771
47920 26786
47921 24858
47922 3353
47938 26786
47959 6445
48016 29094
47916 27140
47931 2283
47963 33217
47966 4615
47986 16933
47994 3353
48055 24858
48058 771
48196 2283
48197 27618
48220 3945
48226 4494
48252 24310
48329 13175
48334 28092
49693 34605
48311 33089
48322 13326
48230 33393
48231 25732
48240 24858
48245 2283
48247 26454
48251 21524
48257 33410
48259 26467
48262 33415
48268 19545
48269 29094
48272 33429
48283 27140
48287 10027
48294 26479
48318 5162
48331 15450
48370 16952
48372 24858
48377 21849
48381 25028
48387 4374
48388 2957
48390 1401
48391 26786
48414 28932
48416 3871
48523 25028
48525 31682
48524 3353
48528 21523
48533 21524
48546 21849
48554 17686
48536 26786
48537 771
48601 27140
48602 14722
48698 1401
48700 26786
48719 16951
48721 24858
48761 33089
48762 24858
48772 33423
48779 13039
48788 13327
48790 24858
49608 34492
48816 33855
48817 26454
48819 4935
48820 4225
48859 2283
48860 26174
48864 15856
48957 33962
48866 2283
48867 876
48870 26454
48896 13326
48911 24902
48918 33933
48890 2283
48892 16951
48894 27618
48915 33930
48899 24858
48901 26786
48924 18968
48930 8820
48951 33089
48960 2283
48966 771
48968 1401
48981 33089
49009 22536
49013 15901
49067 19407
49077 26252
50520 36090
49074 2283
49075 24858
49113 24858
49114 26786
49153 27140
49154 26786
49166 22536
49169 15856
49170 26454
49212 6489
49213 27140
49214 27618
49231 771
49298 4615
49244 12012
49245 24858
49247 2283
49251 876
49252 33089
49253 34097
49265 120
49275 1420
49336 8451
49337 1823
49347 25411
49353 28932
49379 18963
49382 27140
49384 18968
49387 34288
49388 26454
49390 26786
49421 26133
49386 1823
49396 26786
49402 21213
49407 34311
49411 34318
49429 33842
49428 33611
49432 18968
49440 26252
49465 34371
49469 34380
49446 26786
49451 25028
49498 27618
49499 26454
49522 19407
49526 34428
49528 25411
49533 34439
49548 26883
49566 24858
49570 26510
49648 27618
49651 4935
49652 26571
49679 6647
49691 26786
49738 15620
49739 18968
49740 21213
49745 34663
49748 24310
49749 17601
49752 34670
49753 26786
49762 33625
49842 26786
49754 4374
49756 26786
49802 3353
49803 24858
49889 31460
49890 26786
49897 27618
49898 27140
49902 34782
50104 27618
50150 25411
50206 771
50218 8350
50216 2283
50223 771
50234 4935
50236 27618
50252 2957
50255 17601
50271 19423
50272 26500
50276 876
50280 3353
50297 29505
50277 27618
50278 26786
50371 4615
50373 3353
50379 25411
50447 8193
50448 4935
50454 19519
50456 8139
50504 771
50507 3353
50508 17888
50511 16562
50550 26454
50551 2283
50650 4086
50655 13359
50652 16878
50653 31460
50668 36270
50698 13326
50724 27618
50725 120
50726 26786
50747 33274
50748 16878
50806 24858
50813 16878
50882 23447
50883 771
50884 4225
50886 26786
50902 12036
50908 1242
50912 36448
50917 21849
50914 2732
50928 26454
50957 14722
50960 24858
50965 14999
50975 13327
51025 26786
51026 21849
51205 4935
51206 26467
51224 3353
51226 26454
51233 771
51235 26786
51247 19407
51248 3353
51254 26786
51282 27140
51289 22729
51281 771
51288 26454
51327 26786
51332 120
51367 26454
51404 27618
54400 38548
51400 3011
51402 2848
51403 26786
51434 26454
51437 2361
51438 33405
51439 26252
51441 36932
51442 36933
51444 13039
51453 27618
51454 32015
51467 31806
51499 26786
51507 26252
51509 26454
51522 15901
51532 2283
51537 6489
51557 1401
51566 4374
51569 771
51572 6489
51576 16952
51595 21524
51598 28672
51623 26786
51633 26454
51725 16237
51728 11883
51731 25560
51808 24858
51814 2135
51849 3353
51850 27508
51857 11883
51956 32206
51887 26454
51888 26786
52159 9985
51959 11883
51975 26454
51984 24858
51985 19407
52098 11883
53776 38607
52116 26454
52117 11883
52120 26786
52207 27140
52208 26454
52214 24858
52217 27618
52253 24858
52254 26454
52268 3011
52269 771
52336 26454
52337 24858
52353 16951
52363 27618
52392 1823
52400 27668
52450 24858
52454 17888
52476 27618
52452 11883
52456 27618
52458 2283
52459 11883
52489 15901
52462 26454
52463 24858
52473 3353
52491 26786
52483 1420
52493 24858
52519 4374
52520 4086
52522 24858
52563 27618
52582 26786
52578 21330
52579 26454
52626 26454
52630 771
52638 11883
52641 26454
52643 32092
52646 21849
52648 771
52649 34097
52673 26454
52674 24858
52675 26786
52684 3353
52689 15856
52690 26454
52685 26786
52686 96
52688 25557
52692 33148
52693 33148
52717 25244
52702 3011
52704 25801
52705 11883
52706 32092
52740 771
52743 33423
52742 771
52747 33855
52753 37945
52756 3353
52762 12036
52763 26786
52764 32092
52768 21849
52778 11883
52779 12036
52781 8104
52788 25411
52789 4086
52794 6489
54435 32737
54452 36215
52910 28850
52931 24512
52919 26500
52932 12036
52924 771
52929 24858
52982 771
52998 26786
53013 38123
53029 1979
53030 8820
53032 26786
53033 33855
53147 11883
53151 26786
53217 18968
53338 20927
53218 16951
53225 26786
53239 21524
53243 4374
53306 37897
53319 25411
53349 1979
53350 31460
53381 26454
53382 25801
53384 26786
53389 27618
53430 1754
53431 36136
53432 4935
53444 1860
53446 19392
53457 27140
53460 26786
53439 4935
53440 26786
53449 8820
53450 25732
53574 27140
53578 25801
53581 6489
53591 2283
53595 1979
53596 14778
53618 27140
53625 771
53640 12387
53651 21849
53680 2283
53756 2283
53761 26454
53799 16952
53800 26786
53870 21849
53876 4935
53884 26786
53886 25411
53909 24858
53919 19392
53948 1823
53949 25614
53952 32092
53957 26454
53960 14722
53964 1773
54012 26454
54013 24858
54051 2283
54064 38825
54084 38649
54086 2283
54100 4374
54106 12036
54108 1401
54117 26454
54120 8438
54122 771
54123 3202
54131 26454
54134 28185
54146 26786
54128 26786
54132 4935
54162 4935
54163 26786
54166 26454
54170 3011
54180 38607
54183 19407
54208 26454
54209 1401
54219 24439
54224 38607
54226 16237
54227 21849
54231 10300
54232 33405
54236 34552
54263 34033
54288 16237
54296 26252
54316 21946
54255 16770
54256 4374
54257 38607
54274 26786
54275 26786
54291 17684
54329 2283
54331 26786
54354 38607
54357 26786
54367 2283
54368 4935
54369 26786
54378 24858
54387 26454
54388 14778
54389 4615
54424 3011
54440 26786
54472 26786
54483 39186
54535 26454
54544 29806
54547 21888
54548 2283
54551 10058
54555 21523
54560 26086
54564 39261
54565 17804
54567 4724
54575 39268
54581 1754
54585 4968
54570 1823
54584 19495
54626 11883
54627 26454
54632 21849
54638 38607
54639 38309
54649 26786
54689 38825
54695 18968
54698 26454
54808 26786
54809 11883
54839 3011
54840 2283
54845 6327
54957 19407
54964 22119
54980 771
54983 16237
54986 34359
54994 26786
55002 22252
55017 12805
54991 26454
54993 38607
55129 2283
55131 27618
55134 14952
55214 26454
55216 2283
55284 14722
55285 4935
55286 29094
55288 26454
55289 16237
55291 3683
55294 15901
55303 23683
55353 24858
55354 26786
55391 12036
55392 1823
55413 14778
55417 21743
55448 4935
55454 31722
55463 41040
55466 25411
55483 24363
55521 14722
55527 27618
