Q_ID Answer_ID Score .....
2 8 4 9 20 79 49 3292 16 16616 5
4 238 14 15081 9
12 356 16 45195 15
23 31 41 146 13 1310 12 10359 7
25 30 16 32 10
26 50 11 69 44
27 34 10 39 5 42 89 130 13 138 12 423 12 6142 9 12411 7
37 260 19 1945 13
45 181 12 1128 14
63 74 26 148 46 150 8 1706 14 2503 58 10861 4 11120 9
64 67 7 70 42 392 19 646 16 12456 7 12543 4
68 105 10 142 7 147 5
71 83 67 86 132 106 44 109 19 113 10 125 19 135 10 391 30 871 18 1595 17 1896 6 2621 7 10358 4 11607 12 12317 15 12412 9 12695 6 14244 8 14377 4 14395 9 15005 9 17791 9 18888 22 28788 5
76 87 22 1776 6
78 80 8 84 9 115 7
90 99 20 1450 8 14975 7
91 100 26 188 7 254 14
92 256 7 528 32 17014 5
94 98 63 187 7 1082 4 2208 14
95 788 11 11294 8
101 103 11 111 5 237 9
112 132 21 140 5 180 16
120 162 17 583 7
122 220 19 53362 5
134 156 14 163 51
143 358 15 23287 6
145 153 11 37890 8
151 185 4 4329 4
152 847 17 851 14
168 173 22 19003 8
169 329 4 394 37 1513 5
174 176 7 182 17 25425 7
193 194 7 209 7
214 216 4 228 30 246 41 1089 9
215 223 72 226 23 772 15 19294 6 33721 9
219 224 13 5638 11 5696 9
221 225 5 236 4 10462 5
229 411 8 416 4 483 14 1378 6
230 233 10 242 14
235 239 16 501 47 2080 10
240 241 6 253 13
243 244 48 2380 8
245 257 9 1708 11 9901 13
259 295 51 1538 12 2753 12 8999 11
261 439 24 1724 14 6215 9
274 277 18 296 8 803 6
279 297 10 304 11 582 4 762 5
285 307 13 310 4 1176 11 27276 5
323 331 10 341 8 9743 5 9797 19
332 336 37 5775 8 16731 7
338 345 9 441 8 5811 4
350 352 23 354 7
365 367 9 2236 4
369 371 15 8053 7
374 382 36 385 11 387 21 924 9 1597 8
375 383 6 544 30
390 393 10 5714 4
403 406 14 420 21 5717 4
404 421 6 424 10
415 418 26 426 10 431 13
433 474 16 556 10
435 453 29 40641 9
436 440 9 11436 6
446 448 18 451 18 476 6
458 462 15 473 6
459 466 8 9891 7
460 463 8 464 17 523 5 534 6 802 11 10519 4
461 465 7 467 17
477 478 15 486 10
480 488 19 489 85
490 496 20 500 50 1557 26 1598 8 10378 18
491 494 8 511 7 512 15
497 498 5 499 7 517 41 539 7 1436 5
502 527 7 11011 9 20569 4
510 514 8 516 6
513 515 9 575 28
522 532 49 536 7 665 30 1438 9 14915 12 22776 9 22784 7 22804 11 22834 8 33083 7 34168 4
524 638 8 42902 5
525 526 29 530 15 3231 15 32202 5
531 558 5 629 17 1303 4
535 637 6 23906 4
540 890 6 1054 19
543 545 28 573 33
549 554 23 574 7
553 557 7 608 49 621 12
563 566 6 569 4
587 589 6 35406 7
590 591 15 598 8 603 6 2467 5 10349 8
593 595 10 596 50
602 605 12 606 22
622 623 16 628 15
640 643 5 645 14
651 682 18 1622 43
663 716 30 7707 9 22985 7
673 675 16 676 22 16607 5
678 711 10 23800 4
686 701 30 3116 17 7442 15
704 738 33 6249 7 12369 6
706 710 21 718 5 15235 11
717 729 7 736 7 1972 5
731 735 10 9627 9
747 748 18 752 6 782 13 1247 8 24173 4
750 753 4 39501 6
754 780 14 865 17 1470 8
763 764 17 19185 8
787 790 9 797 5 1673 8 23111 8
789 791 7 792 21 14687 30
805 806 12 807 16 12753 30
808 809 12 33014 6
812 820 6 28972 4
813 814 33 816 7 823 11
819 821 11 822 8
824 856 5 17507 11 35076 5
825 830 30 2316 7
831 836 7 837 9
838 839 14 840 33 841 10 1220 7
842 843 11 845 18 852 8 854 9 1039 7 1099 7 1115 7
844 850 16 18931 4
863 864 9 2744 6
868 869 17 870 7 874 6
882 975 20 2418 4 2419 7 2433 36 3175 4 27306 4
888 891 6 2387 4
892 895 14 5646 12
899 902 12 932 4 3262 26 34921 4
907 909 18 11836 4
951 953 17 956 11 963 5
954 980 6 5809 6
964 966 7 967 12 10465 6 28934 4
970 979 46 985 16 1023 10 7639 7
982 983 22 7879 7
984 988 10 1019 24
987 995 5 1002 8 1018 13
991 994 19 998 34 999 6 1153 10 1157 9 38426 6
1000 1442 25 54143 6
1007 1144 4 1152 4
1017 1319 20 1322 13 9219 9 10530 17
1030 1034 11 1035 26 1121 49 1122 21 1124 7 1165 28
1031 1033 28 1078 8 5859 4
1038 1042 23 1051 17
1070 1084 8 1723 5
1085 1086 10 1092 5
1087 1088 27 1091 5 3279 5
1110 1140 7 1146 26
1141 1147 11 3092 6
1150 1151 16 1159 16 2076 7 9941 25
1163 1164 8 1166 4 1177 5
1186 1187 11 12748 5
1191 1192 8 1193 16
1199 1577 9 1580 21 7742 9 7750 12
1207 1211 8 1444 9
1213 1237 13 1300 15
1222 1224 4 1226 4
1256 1258 10 1260 12 1261 36 1267 10
1257 1269 9 2293 10
1273 1277 9 1283 8 1285 4 17625 5
1296 1297 40 1331 29 5682 8
1299 1304 23 50485 12
1323 1332 8 1334 36 1775 5 5550 17 7578 6
1345 1347 21 1348 11 15093 7 25556 7
1353 1355 14 1452 8
1356 1360 18 1823 20 28721 8
1359 1376 4 1407 6
1382 1409 10 1430 10 21049 4 21071 4
1416 1424 17 1431 5 1443 8 12752 6
1419 1423 12 1446 14 5937 6 39021 8
1460 1471 16 2498 7
1466 1627 9 24295 9
1476 1477 80 1550 22 11503 6
1478 1510 12 1512 5 16850 5 16855 9
1499 1504 7 1509 9
1500 1501 22 1946 13 5812 6 5815 34 5816 10 30861 4
1514 1518 13 1519 10
1529 1530 7 1532 7 1626 9 1709 6
1539 1541 4 1542 6 1797 5
1547 1549 12 1551 4
1552 1562 16 1582 11
1553 1554 7 1658 4
1584 1587 16 1610 12
1646 1647 4 1648 4 1663 16
1660 1662 8 2728 5 8949 5
1690 2175 15 2183 9 2531 4
1700 1702 5 1755 6
1707 1710 13 1725 23
1711 1714 7 1721 17
1716 1719 11 2328 10
1722 1777 16 11513 6 11514 6
1737 1739 6 1746 5 5979 5
1740 1742 43 25313 5
1754 1757 9 1761 12
1756 1874 10 23801 4
1758 1760 31 3119 27 20679 7
1759 1770 6 1771 4
1798 1830 29 3084 4 9172 10
1799 1801 34 1804 7 2112 7 2320 4
1835 1836 11 1842 24 7934 4 7954 7 14210 4 14226 6
1851 1853 38 1854 5 5803 30 15434 8
1869 1870 16 1871 15 1880 6 1883 5 2422 12
1877 1882 12 20595 7
1890 2043 11 35453 5
1910 2599 9 54616 4
1924 1930 8 1941 5 2477 9
1932 1938 7 2205 26
1958 1962 7 9535 4 10138 4
1967 1971 16 49831 6
1977 1980 17 2055 9 2061 7 2063 7
1983 1985 9 2264 8 2265 4
2009 2010 10 2011 5
2014 2015 8 2019 97 3274 26 11885 5 26278 8
2024 2032 13 2035 13
2026 2031 10 2088 8 5950 4
2027 2028 13 2029 4 3306 23 11256 5
2042 2044 4 2051 11
2056 2057 39 2059 20 2079 20 2346 8 2365 13 12717 13 12746 5 14434 8 23209 6
2062 2071 30 38653 8
2064 2085 5 14937 4
2067 2092 6 17678 7
2069 2075 9 17126 5
2083 2099 12 2570 5 3210 7
2086 2097 10 2111 10 21066 5
2101 2104 7 2108 27
2114 2115 23 8143 5
2133 2134 45 2171 4 2198 5 2813 20
2145 2147 4 2148 6
2161 2163 8 3079 5
2185 2186 9 2323 5
2188 2189 9 17740 6
2201 2202 6 2203 6
2215 2219 7 2224 12 10683 4
2234 2235 20 4482 4
2243 2244 18 2248 10 3019 6
2255 2256 6 2258 8
2260 2261 17 2262 8
2263 2266 30 2269 20 2303 9 7401 12 10859 5
2275 2278 9 2284 4 47767 4
2281 2283 33 2289 14 5935 4 26119 5
2312 2720 28 19131 6
2318 9598 5 9602 7
2339 2340 9 2342 12 2347 11 2352 17 27150 4
2401 2402 9 2403 30
2405 2408 37 22785 25 23678 14
2421 2424 10 2471 19 22852 5
2456 2457 4 2462 4 2464 10 2472 8
2460 2463 17 2465 4 2479 12
2533 2535 15 2538 27 2542 8 2547 7 11605 4
2548 2549 25 2551 10 28838 5 28854 4
2554 2562 7 5847 5
2556 2561 9 2656 4
2564 2565 41 2566 59 2567 5 2572 11 2573 29 2576 31 2586 44 2587 14 17002 8 17004 18
2574 2579 10 43554 9
2575 2580 33 2583 6 11553 23
2605 2607 5 2610 11 2619 10
2635 2636 17 2637 35 20650 4
2671 2673 19 2674 13 45286 8
2677 2679 26 10301 5
2683 2684 4 2687 5 5970 5 5976 6 6120 5
2686 2689 67 10827 89 12985 26 24182 11
2692 2695 8 2718 12
2726 2727 20 10048 11
2737 2739 11 2740 5 8321 5
2759 2770 12 54039 6
2762 2763 9 2765 18 2767 4 2772 4
2810 2824 15 2826 22
2817 2835 12 3308 5
2822 7726 5 9632 10
2836 2838 26 2843 8 2854 4
2839 5549 4 33703 6
2840 2842 6 2844 8
2863 2866 20 2874 11
2872 2875 5 2888 4
2880 2881 31 2896 14 2919 4
2887 2893 6 2895 13 17319 5
2993 2999 12 12782 6
3013 3014 5 3016 20 3017 5
3056 3059 14 3101 16
3060 3069 5 3071 5
3080 3081 6 3082 12
3085 3088 6 5947 7
3093 3095 34 3096 8 5845 10
3102 3103 21 3112 11
3110 3182 20 11467 14
3146 3162 7 7820 15
3170 3171 28 15305 16 33992 5
3187 3189 19 3191 9 3192 8 7868 12 7871 14 14348 8 14406 5 26849 6 34395 5
3205 3212 6 51364 9
3230 3233 6 3235 23
3242 3243 12 3252 10 10707 4
4320 4322 19 4327 4 34374 4
4324 4325 9 4326 7 4347 9
4337 4338 23 33356 10
4342 4343 6 4344 21 19382 4
4364 4389 12 7747 11
4368 4370 4 4379 19
4374 4454 5 4460 15
4377 4380 7 4386 10 7992 7
4381 4463 20 5586 11 10441 13 34541 4
4418 4425 61 8144 14 11825 7 11931 5 12081 15 17458 5 40369 7
4423 4430 23 4441 6
4487 4505 24 5529 22 6075 6 30766 7
5522 5523 33 34608 5
5536 5537 20 5538 7
5554 5555 13 21510 7
5570 5573 10 5587 6
5575 5581 5 5582 13
5592 5595 4 5596 8
5597 5598 4 5599 70 5911 39 8167 9 9614 16 11118 25 12148 10 12156 17 19105 8 23199 7 34020 4
5620 5625 27 8221 11
5624 5632 4 5658 5 17459 6
5648 5660 9 5662 8 5663 9
5672 5673 30 10920 14
5729 5733 17 11515 18 20974 4
5747 5748 18 5749 11 5750 11 14531 5
5765 5768 12 5778 4 5792 7
5773 5779 37 14966 24
5788 5795 7 5806 25
5837 5838 17 5839 6
5862 5863 13 5867 14 30202 9
5865 5866 20 5869 6
5878 21012 8 28320 9
5883 8241 13 11059 6 19023 16
5913 5916 7 5917 9
5925 5931 19 6137 13
5934 5938 7 5939 14
5943 5944 8 5953 4
5992 6143 16 8987 30
5999 6005 6 6081 14
6047 6048 14 6049 8 6050 5 28505 9 28507 11
6066 6067 15 7338 7
6074 6079 16 7659 8 12650 8 12652 20
6101 6113 6 6114 4 6122 14
6106 6107 7 6255 14
6116 6117 20 6136 23 9840 24 9841 9
6128 6146 6 54300 5
6130 6132 11 6133 15
6154 6165 4 6166 13
6179 6181 5 6188 7 6195 4
6180 6183 4 47321 4
6182 6185 15 6186 31 6214 8 8269 6
6224 6225 18 6248 11 10615 14
6229 6232 7 23408 6
6240 6241 8 7905 12
6245 6246 9 8597 4
6250 6251 4 6252 9 6253 9
6256 6257 5 6258 5
6259 6261 8 10550 7
6265 7267 45 7276 8 10029 4
6266 7307 15 7310 19
7282 7284 5 7287 15
7308 7309 7 7311 8
7345 7349 62 7359 20
7360 7364 7 7365 4 7366 20
7375 7376 9 7384 5
7391 7394 30 7451 4
7399 10033 26 24073 7
7403 7404 21 9579 8 15527 12
7412 7421 8 36258 4
7459 7460 27 7466 38 8118 24 10529 11 12941 7
7484 7486 38 7488 9 7493 12
7518 7520 6 7529 10
7522 7523 16 12918 6
7524 7528 9 7544 8
7525 7526 11 7533 4
7559 7564 6 7568 4 7572 5
7601 7602 5 7619 7
7630 7631 23 7669 10
7634 7637 24 7646 34 20455 9 25542 5
7641 7642 4 7643 4 7658 5
7771 7774 8 7804 6
7812 7815 14 7816 15 7817 8 7818 4 7819 5 16980 4 40512 4
7838 7867 10 17043 6
7851 7858 7 7886 7
7853 7854 5 7857 12
7859 7860 5 7863 5 7878 7 9021 4
7887 7888 37 12745 19 14702 4
7891 7892 9 7893 6 7894 4
7907 7908 7 7925 4
7961 7962 8 7963 8
7969 7970 6 7971 29 7972 9
7975 7977 7 25421 7
7999 8005 23 8950 4 30379 4 30380 13
8017 8020 4 12884 10 23283 10
8019 8021 15 8025 16 8273 6 8637 8
8022 8023 18 8689 5 9737 10 11540 7
8054 8055 5 8056 8
8058 8060 10 33811 7
8083 8085 16 8086 7
8084 8132 15 8135 6
8090 8091 12 10896 11 10897 6
8095 8097 12 54068 5
8122 8123 6 38829 5
8126 8142 15 25535 5
8131 8133 46 8134 8 11606 6
8161 8163 8 8164 4
8170 8174 16 8198 8 26655 6 26657 13 27254 5
8175 8176 5 8179 7
8187 8188 8 8190 4
8202 8205 9 8217 5
8226 8229 20 32746 6
8234 8236 13 30281 12
8244 8247 20 8248 4
8249 8272 5 9597 10 23756 4
8251 8258 12 8261 4
8264 8265 4 8266 17 8373 6
8285 8286 22 8298 9 43466 4
8295 8297 8 8307 5
8311 8312 8 9710 17 11577 5
8331 8332 7 8349 4
8355 8356 22 8358 47 40656 4
8389 8398 15 8405 19 10776 5
8409 8410 6 8414 6 8441 15
8506 9324 8 11242 25 12431 6
8512 8546 11 20616 4 32217 4 37867 4
8557 8559 10 8560 6 8563 24 8566 9 14396 14
8561 8562 13 9306 13 9327 7
8623 8626 13 8644 10
8680 10882 12 15085 12
8683 8684 21 10039 7
8704 8708 15 8709 38
8741 8746 7 9187 4
8753 8762 6 8764 9 9506 5
8759 8765 4 8766 4
8768 8769 16 8770 10
8794 8796 28 8797 40 10064 21 10344 10
8860 8865 17 8895 11
8870 8871 15 8872 8 21327 25
8880 9683 14 19227 6
8885 8890 14 8901 16 9511 5
8894 8896 11 8912 4
8955 8956 8 8964 6
8966 8988 21 14625 8
9012 9014 6 9018 7 9024 5 9029 6
9017 9023 11 9026 34 9033 24 9122 9
9044 16834 8 16847 5 16918 17
9059 9503 10 9509 28 15480 7
9060 9094 23 9097 4
9102 9105 7 9107 11
9108 9109 15 24293 4
9159 9170 6 35306 4
9165 10366 11 10416 30
9177 9185 15 9186 34 15494 10
9221 9222 14 9225 5 10249 13 28644 11
9233 9237 13 12666 12
9234 9253 22 9274 6
9247 9249 6 9252 14 9258 95 9261 21 9271 11 9272 37
9264 9273 24 9547 9 9567 9
9301 9318 22 9682 12
9309 9317 5 9329 10
9424 9438 13 12781 6
9429 9430 12 10095 7
9436 9472 6 9474 12
9457 9458 11 9490 4 32366 4
9463 9466 11 9467 7
9480 9507 17 15180 8
9517 9519 8 9522 10
9639 9640 9 9674 27 39191 7
9644 9646 13 9670 33
9697 9729 6 9754 4
9698 9700 17 9704 19 9705 11
9760 9762 9 9807 5
9761 9763 16 9764 15 9766 15
9769 9770 13 9773 60 9833 25 10015 24 10097 10 10241 17 10785 5 16983 5
9777 9778 18 9836 18
9785 9787 18 9788 10 9820 5
9802 9805 24 9813 5 16815 6 22936 8 24032 6
9808 9809 12 9814 84 9879 6 53648 4
9811 9812 15 9824 5 9830 6
9847 9855 12 9869 4
9850 9854 33 15405 4 15414 25
9909 9911 11 9952 15 14230 9
9929 9930 10 9939 22 21171 9
9966 9967 12 9996 4
10055 10060 33 10063 17
10074 10075 9 10078 4
10087 10093 12 11368 6
10210 10214 4 10215 12
10275 10294 16 12246 6 48639 20
10284 10286 22 12083 5
10310 10312 40 26192 12
10316 10317 26 28689 16 39809 4
10319 10369 14 10488 4
10330 10336 32 10342 11 11940 5 13101 5
10331 10335 5 10395 42
10409 10410 11 10450 21 33297 4 42738 5
10411 10413 10 35983 5
10447 10449 6 10451 4
10458 10459 5 10460 5
10475 10476 13 10482 13 10841 8
10478 10480 11 10481 25 11134 5
10492 10495 6 10515 16
10572 10588 27 10597 26 10623 11
10610 10613 13 10614 15 21184 4
10632 12405 11 15156 8
10699 10700 18 49576 6
10739 11304 12 24098 4
10749 10757 6 10758 8
10760 10765 9 10768 5
10849 10851 18 10862 15
10852 10855 5 10856 11
10866 10867 18 10887 4
10868 10872 8 14130 4
10914 10923 15 10935 11 19139 7
10929 10977 6 11006 12
10932 11345 4 12182 13
10933 10936 24 10938 60 10939 47 10940 4 11099 6 11729 20 11744 10 11747 5 15472 12 19241 6 19248 19 23659 5 23821 60 24071 6
10958 10959 10 10965 5
10984 10987 21 12439 31
10994 11695 5 17165 4
11000 11005 6 17082 4
11017 11019 15 11021 9
11033 11039 7 11085 4
11044 11045 5 11071 7 11072 15
11053 11057 10 11073 7
11062 11063 24 11113 7 38716 5
11143 11159 9 11160 15
11179 11180 15 11181 13
11214 11216 22 11967 5
11286 11288 15 11289 29 15013 6 27248 7
11307 11308 21 12755 30 16574 4
11327 11328 15 11330 10 23128 5
11343 11347 10 11349 17
11415 11419 8 11421 6
11428 11430 4 11433 18 11462 11 39475 10
11437 11438 26 11440 17 14489 4
11452 11455 7 11492 8
11651 11664 5 11674 4
11652 11655 5 11660 10
11679 11752 15 19255 11
11700 11709 7 11720 39 11721 6 40413 4
11740 11742 6 11743 15
11787 11793 8 11803 4
11805 11810 9 11813 14 11815 28 11874 5
11829 11838 7 14728 4
11842 11848 4 11867 11
11845 11849 34 11857 8 11873 6 26013 5
11859 11860 14 16932 4
11863 11864 4 11865 15 11868 11 11888 5
11883 11884 8 11886 12 11903 8 11906 6
11942 11944 6 11950 4
11991 11993 7 11994 21 11999 14 12004 4
12025 12027 16 12028 5
12030 12031 15 12032 7
12035 12038 13 12075 9 14490 5 14496 4
12039 12040 5 18962 4
12048 12119 7 27674 4 27697 5 39325 10
12052 12056 12 14346 6
12059 12060 43 12063 8 12120 6 36368 13
12064 12066 12 12073 36 12084 27 25770 6 32567 5
12089 12090 9 12091 8 12094 43 12095 20 12104 6 12117 68
12102 12103 7 12114 10
12122 12125 10 12506 4
12127 12129 26 54661 5
12159 12160 24 12161 10 12170 5 12187 15 12193 4 12249 5 26093 7
12221 12244 6 12268 6
12228 12229 18 43991 18 54344 13
12254 12255 4 12258 10
12273 12275 13 12292 16
12297 12298 24 20835 22
12305 12306 42 12309 34 12312 4
12370 12373 7 12451 4
12377 12380 4 12382 14 12398 10 17388 4
12383 12387 10 12395 5
12448 12449 39 12459 5
12460 12461 11 12464 9
12480 12482 4 12494 6
12509 12512 18 12515 5
12516 12517 6 12618 5 12620 8
12551 12562 5 12570 4
12554 12555 14 12582 17 17552 8 21148 6
12564 12565 6 12566 18 12572 7
12605 12608 7 12619 6
12606 12627 10 12656 5
12607 12610 5 12612 10 12675 13
12680 12682 4 12704 7
12706 12707 4 12829 6
12735 12736 10 12737 11
12816 12817 4 12824 5 12832 13
12834 14839 4 14855 4
12855 12856 4 12863 8
12872 12873 71 12879 18 12885 9
12892 12893 48 12895 12 12897 32 12930 5
12901 12903 21 12904 4 32814 7
12963 12964 28 12966 41 39024 5
12991 12995 20 12996 8
13028 13029 35 13051 6
13039 14486 16 14513 6 14538 5
13059 13060 8 13069 10
13061 13062 8 13063 15 13074 6
13083 13086 4 13098 7 14283 7
14131 14132 5 14134 4
14139 14140 16 14141 5
14171 14177 14 31013 5
14212 14213 8 14214 14
14254 14255 67 14257 12 14301 7
14303 14304 7 14306 14
14305 14307 9 14308 40 14313 6 22886 5
14339 14340 7 14341 4 14342 11 14344 6 14357 7 14359 27 14416 14
14343 14347 11 14349 7
14374 14381 42 14382 5
14402 14403 4 14404 18 14405 10
14412 14420 7 14426 6 26994 9
14476 14478 28 14479 17
14492 14493 11 14494 5
14497 14498 19 14499 6
14501 14504 5 14506 7
14527 14530 8 15006 8
14539 14540 8 14541 28 14543 6
14546 14548 7 14552 4
14553 14555 7 14558 4
14579 14581 13 14585 6 17607 14
14608 14611 35 14615 17
14643 14646 7 14650 4
14667 14668 4 14684 4
14691 14692 5 14694 49 14696 39
14706 14708 11 14831 6
14742 14744 4 14745 16 14747 6
14755 14756 5 14757 15
14858 14861 6 14862 9
14888 14889 4 14898 4
14911 14912 14 14921 28
14953 15132 5 17658 5
14992 14996 18 15001 4
15011 15017 12 15019 4 15021 9 15026 4
15016 15018 21 15025 13
15023 15024 15 15059 4 15074 28
15041 15044 8 15047 4
15064 15066 28 28725 13
15086 15087 21 15088 8 15090 11 18915 7
15094 15095 5 15096 6
15125 15126 9 15128 13
15144 15145 6 15148 6
15167 15171 5 19366 4
15237 15239 8 15240 34 15249 11 20666 9
15258 15259 16 15273 12
15271 15272 11 15278 37
15334 15336 139 15349 6 15356 17 15358 24 15360 5 15368 12 15369 13 15371 7
15341 15342 21 26892 9 26977 4
15343 15345 5 15352 13
15364 15393 11 17291 9 23319 5
15374 15379 5 15403 8
15447 15449 58 15451 17 15471 6
15469 15470 17 16583 7
15489 15490 25 52941 8 52943 6
15504 15505 13 15506 14 15526 6
15508 15512 22 15519 10
15521 15541 11 15545 4
15543 15547 12 16575 8 29046 4
15550 15560 7 15562 12
15554 15559 40 15565 14 15568 4 16723 9 21098 13 22685 7
16587 16588 28 16589 8
16614 17235 19 17256 17 32376 4
16631 16634 26 16638 12 16660 7
16639 16641 8 16644 7 16650 9
16643 16656 11 16670 9
16659 16661 14 16662 9 16688 5
16694 17061 44 23555 29 33781 4
16699 16701 104 16711 25 16725 5 16738 5 27512 5
16706 16708 8 16741 6
16712 16713 11 16739 4
16742 17066 17 30360 5
16753 16754 25 16755 53 16766 13 16769 4 16781 10
16774 16775 6 16790 10
16849 16854 11 16955 9
16865 16877 15 16879 6
16988 16989 43 16991 27 16992 12 16997 4 16999 19 17005 6 17006 5 17011 4 17035 6
17053 17055 22 20987 4
17059 43081 8 43104 4
17083 17098 12 19268 6
17099 17101 9 17102 6
17143 17146 4 17149 4
17183 17186 13 17498 7
17187 17193 9 17806 6
17190 17191 7 23100 10
17207 17209 15 17213 5
17217 17219 5 17380 6
17230 17237 9 17692 7
17272 17276 35 20800 9
17321 17349 19 17353 28 17362 8 17396 18 33737 25 52321 6
17339 17352 8 40233 4
17340 17350 17 17354 20
17361 17371 9 17373 9 21312 11
17374 17375 27 17376 4 17377 5 17378 21 17383 6 17389 5
17418 18966 13 18985 6
17419 17421 48 17422 27
17429 17432 7 17433 13
17451 17454 4 17461 7
17508 17511 7 17513 7 19075 5 20660 9
17523 17524 25 17527 30 28230 6
17554 17567 5 17568 7
17598 17600 14 17605 11
17624 17626 13 17627 4
17704 17720 28 23980 32
17788 17789 10 17834 6 18972 4 18973 23
17825 17829 21 17830 15 17836 7
18849 18850 8 18851 14 18852 4
18877 18883 10 21081 8
18952 18953 10 18955 4
18979 18981 9 18987 4
18993 19005 26 19016 7 23133 8
18996 18997 56 18998 9 19007 25 19020 5
19024 19026 5 19037 4
19046 19048 16 21139 10 39378 6 48022 4
19055 19056 11 33960 4
19077 19082 17 19083 17
19098 19101 44 19106 32 19116 10 19128 4 19132 13 19135 27
19100 19102 14 38619 6
19141 19143 4 19144 4
19196 19197 7 19199 12
19215 19217 15 36319 17
19229 19230 9 19231 21
19256 19259 18 19260 25
19283 19284 22 19286 49 19292 8 19297 10 19303 16 19310 6 19312 7
19308 19313 12 19321 12
19326 19330 45 19345 4
19358 19360 6 27347 12
19359 19361 30 19363 10 19365 4 19378 5 19379 8
19392 19393 7 19394 18 19397 7 19415 6
19413 19416 32 19417 15 19418 6 19424 8
19442 19443 8 19444 4
20520 20521 12 20552 4
20544 20546 48 23019 4
20600 20601 9 20602 4
20603 20605 120 20608 9 20609 13 20613 40 20625 7
20684 20689 13 20695 8
20685 20686 4 20688 6
20702 20703 21 20705 30 20710 4 35568 4
20729 20732 12 20742 4
20735 20740 9 20741 9 20743 6 20745 26 20763 4
20769 20771 11 20776 14
20809 20812 5 20813 20
20844 20846 29 20857 9
20862 20866 12 20868 7 20870 4
20878 20884 9 20885 5
20889 20891 24 20892 5
20898 20900 9 20902 6 20903 6 20904 6 20905 4
20908 20912 4 20914 5 20921 8 20922 5
20992 20994 7 20995 76 21009 14
21023 21028 11 21029 13
21052 21053 17 21069 7
21088 21089 23 21095 13 21101 4
21141 21145 18 32720 4
21179 21181 19 21360 4
21201 21202 10 21215 5
21217 21220 33 21223 7 21240 23 21249 4
21218 21224 5 21234 5
21266 21270 12 21313 5 21314 12
21275 21277 11 21291 7 28723 4
21276 21280 14 21282 11
21281 21286 5 21290 19 21520 6 34005 9
21304 21311 16 21319 5
21372 21373 6 21374 7
21376 21380 6 21381 4 21391 16
21447 21449 6 21451 8
21502 21503 17 21549 6
21540 21547 25 21552 17 40425 11
21561 21562 11 21570 4 22980 6
22664 22667 8 22668 6 22670 36 22677 16 22698 4
22680 22681 8 22684 10 22825 6
22705 22706 4 22716 6 22742 4
22711 22712 10 22713 7
22727 22731 6 22734 26 22744 14
22763 22765 6 22766 8
22770 22772 23 22775 12 22778 20 22779 14 22781 8
22788 22790 9 22793 7
22801 22802 5 22810 6 22816 9
22841 22843 13 22846 17
22845 22859 37 23020 5
22888 22889 4 22890 6
22971 22973 27 22974 8
23026 23030 37 23040 12
23045 23046 18 23050 15
23052 23059 14 23060 23 23061 5
23118 23119 16 23124 6
23126 23127 9 32991 5 33016 4
23166 23169 10 23182 10
23260 23261 11 23268 8
23309 23311 13 23313 47 23315 4 23317 10
23331 23333 11 23334 17 23336 8 23337 6
23359 23380 22 23381 11
23368 23379 6 23382 15
23385 23387 11 23396 18
23410 23412 13 23414 7
23445 23446 21 23447 9 23449 14 23460 4
23470 23473 12 23474 14
23480 23481 6 23483 11
23554 23562 7 23563 16
23557 23558 10 23559 20
23567 23570 4 23571 8
23576 23579 5 23586 5 23667 5
23588 23590 11 23591 7 23605 7
23616 23619 47 23627 25 23628 12 23646 16
23640 23641 12 23642 4 23645 17
23651 23656 4 23658 7
23679 23680 23 23681 20 23683 7
23687 23693 12 23694 10
23698 23699 14 23700 9 23701 27
23760 23766 8 23771 5 47541 10
23763 23767 4 23796 4
23774 23775 17 30698 4
23840 23842 23 23843 24
23860 23864 4 23865 4
23889 23891 28 23894 25 23901 9 24080 4
23983 23985 16 23988 10
24027 24028 6 24029 6 24033 57 24036 6
24031 24043 6 24055 16
24124 24125 8 24132 5
24162 24164 39 24168 9
24203 24204 7 24297 6 24298 10
24210 24217 7 24225 10
25317 25383 9 34621 5
25319 25321 54 25348 7 25746 5
25320 25323 15 51779 6
25343 25346 5 25347 37
25366 25368 21 25369 29 25370 10
25373 25374 10 25377 7 25380 42 25388 15
25393 25394 45 25408 16
25397 25407 8 25409 17 53252 5
25437 25439 4 25446 6
25481 25483 7 40110 14
25564 25565 21 25566 26 25569 9
25630 25635 87 25667 8
25835 25836 25 25839 6 25842 8 28943 4
25861 25868 19 26077 5
25862 25880 10 30310 4
25906 25908 5 25913 16
25916 25920 15 26733 4
25917 25918 5 25919 15
25921 25923 30 25927 19
26014 26016 9 26037 7
26090 26094 8 52449 10
26110 26112 10 26123 17 30292 6 37585 4
26125 26172 7 26249 6
26168 26169 8 26186 4
26180 26183 5 26185 14
26197 26199 4 26200 20 26201 13
26265 26277 9 26282 4
26280 26290 33 26291 5
26390 26401 9 26402 24
26396 26399 8 26417 5
26403 26409 18 38565 5
26413 26414 5 26416 5
26421 26424 4 26440 6
26426 26430 9 26431 6
26479 26480 6 26481 10 26483 83 31114 4
26498 26502 7 34731 4
26506 43328 7 43376 4
26520 26523 57 26524 23 26525 5 26532 7 26536 14 26580 6 33232 6
26521 26526 10 26527 4
26597 26599 8 26601 16
26650 26652 17 26663 4
26653 26654 18 26665 9
26660 26703 4 26720 6 26723 9 27341 4
26675 26676 8 26705 16 26706 6 26732 6
26695 26697 10 26861 18
26699 26700 24 26702 4
26713 26715 32 26728 13
26736 26737 12 43353 9
26756 26757 54 26763 6 26766 5
26813 26814 21 26815 14
26828 26829 21 26832 7 26833 18
26838 26841 22 26842 14 26844 36 26853 17 26873 12 26971 14 26998 9 34473 7
26912 26919 10 26925 8 33002 5
26916 26917 29 26918 19
26930 26931 14 27046 5
26945 26946 38 26947 17 26950 10
26952 26953 8 26955 19 26959 4
26978 26980 7 26986 10
26981 26982 7 26985 11
26991 26993 7 46599 4
27023 27024 5 47997 9
27054 27055 11 27057 6
27091 27094 9 31141 8
27159 27160 52 27161 26 27168 4
27163 27184 10 38089 4
27211 27213 11 27246 14 37744 4
27263 27264 65 27266 20 27268 18
27269 27274 6 27279 19
27358 27360 6 27361 35 50758 4
27364 27365 16 27367 12
27382 27383 14 27385 32 27386 22 34801 7
27401 27403 5 27406 13 46013 6
27414 27422 5 27423 18 27429 4 27441 4
27416 27418 95 27426 4 27427 25 27436 5 27443 17
27519 27530 5 27532 10
27583 27589 4 27590 4
27606 27608 7 27610 24
27619 27727 4 42563 5
27641 27646 35 27649 54 27651 13 27654 9 27657 14 27660 6 27663 8
27644 27645 6 27647 13
27670 27672 5 27673 9
27767 27773 11 27787 13
27790 27795 6 27797 8
27806 27810 7 27844 8
27838 27839 12 27841 8
27899 27900 8 38060 4
27923 27927 8 28646 7
27959 27962 4 27972 9
28050 28051 27 28052 32 28053 46
28089 28092 32 28097 15 28109 9
28152 28155 4 28156 6 28215 14
28233 28234 6 28235 18 28252 6
28269 28270 4 28274 6
28288 28296 5 28314 7
28445 28449 43 28463 7
28462 28469 22 28470 13 29021 4
28464 28465 5 28466 19
28479 28511 4 28738 4 28739 4
28521 28525 8 35908 4
28558 28559 4 28562 20
28579 28584 7 28588 4
28580 28581 34 28582 14
28589 28592 5 28637 8
28596 28598 13 28613 5
28604 28607 31 28614 10
28665 28667 12 28669 13
28701 28707 12 28709 14 28710 35
28742 28744 7 28751 5
28787 28793 4 28804 4
28799 28814 5 28863 8 28867 8
28808 29043 10 29053 6
28999 29000 76 29010 26 29017 10 29069 5 32679 4
29011 29015 7 29016 4
29028 29029 13 29030 84 29058 5
29195 29196 38 29198 82 30217 8
30228 30247 45 30248 29
30234 30240 8 30243 9
30383 30384 37 30388 215 30392 13 30398 12 30428 4 30437 4
30387 30391 11 39689 7
30389 30394 8 30396 7
30404 30405 18 30409 5 30415 4
30419 30421 8 30422 4
30459 30460 10 30462 41 30465 15 30467 50 30468 8 30474 4 30480 11 30494 8
30501 30502 88 30505 86 30520 16
30514 30517 35 30524 4 30529 7
30533 30535 17 30566 5
30569 30576 6 30578 9
30571 30580 19 30596 6
30602 30604 6 30606 26 33174 5
30607 30615 5 30701 10
30636 30638 5 30644 5
30680 30681 7 30684 6 30687 7 30690 5
30694 30696 13 30699 13 30719 9
30714 30716 19 30718 4 45746 8
30739 30742 8 30752 4
30782 32588 5 39339 4
30844 30845 5 30846 7 32185 4
30856 30858 9 30863 20
30893 30895 9 30901 4
31040 31048 4 31050 6
31049 31053 6 31056 10
31097 31099 27 31102 46 31105 18 31124 4 31132 32 31136 8
31112 31118 5 31125 8
31128 31129 5 31130 8 31131 13
32186 32229 6 32255 7 32272 5
32248 32251 7 32254 4
32268 32269 27 32270 23 32274 18 32275 13
32285 32288 19 32292 53
32289 32299 6 32302 4
32367 33741 7 34478 9
32444 32445 42 32447 46
32452 32453 5 32458 5
32459 32463 18 32486 12
32470 32471 13 32472 10 32474 26
32480 32484 9 32489 6
32495 32496 9 32499 7
32510 32580 7 46605 5
32511 32512 29 34615 4
32569 32570 121 32574 7 32577 43 32578 14 32583 17
32632 32633 26 32641 16
32647 32648 15 32652 6 32774 5
32651 32655 4 32676 8
32668 32672 17 35252 15
32683 32686 8 32689 9
32694 32698 16 32707 8
32703 32736 17 49741 6
32780 32781 6 32787 5
32793 32798 26 32799 10 32801 14 32803 11 32888 5
32805 32806 7 32809 19
32813 32818 7 39464 7
32815 32817 4 32820 8
32832 32837 10 32930 22 41531 5
32839 32844 12 32864 6
32840 32842 6 32843 17 32845 46 32849 12 32852 4 32866 10 32868 8 32877 7 32886 6
32889 32890 29 32895 140 32896 18 32905 32 32909 24 32924 13 32927 21 32929 7 32940 6
32936 32938 13 32941 6
32942 32946 5 32947 9
32948 32949 7 34210 10 46746 5
32977 32979 14 45654 9
33038 33041 9 33619 5
33057 33059 16 33065 31
33103 33104 42 33106 24 33108 7 33120 23 33123 9
33140 33143 51 33171 29
33217 33219 4 33220 31
33222 33704 11 33733 5
33244 33246 17 33247 7 33248 5 33249 23
33276 33279 8 33285 5
33408 33409 11 33411 5
33464 33467 7 33468 4
33481 33484 144 33489 19 33490 10 33494 47
33536 33546 4 33555 6
33548 33554 9 33566 5 33582 5
33597 33615 4 33621 6
33613 33614 7 33616 97 33623 19 33632 4 33651 4 33678 6 33693 5
33624 33626 6 33746 5
33681 33683 18 33706 10
33708 33709 12 33710 15 33715 18 33722 174
33783 33791 9 33810 14
33871 33876 13 33879 7
33909 33910 40 33917 34 33933 11
33937 33943 11 33950 16
33938 33939 4 33945 5
34018 34021 6 34022 14
34026 34033 6 34038 11
34069 34072 4 34086 8
34078 34080 6 34090 4
34106 39136 12 47373 4
34142 34144 11 34145 7
34156 34161 6 34165 8
34171 34177 4 34179 16
34195 34198 11 34206 6
34232 34235 44 34555 6
34243 34245 9 34246 27
34248 34250 9 34274 6
34276 34278 7 34298 5
34292 34293 21 34294 25
34330 34331 65 34339 32 34347 11
34367 34370 17 34380 5
34369 34378 7 34379 4
34371 34628 4 46882 4
34418 34420 43 34422 11 34433 22 34436 4
34480 34482 16 34494 9
34513 34531 11 34532 13 34539 4
34547 34548 6 34550 6
34552 34557 4 34559 9 38928 7
34574 34575 30 34581 5
34597 34601 32 34614 17
34618 34619 5 34633 10 34737 5
34657 34659 8 34672 6
34809 34813 6 34819 8
34877 34937 17 49434 5
34889 34890 9 34891 7
34922 34936 9 34943 9
34933 34934 10 34940 11
34962 35034 6 38612 4
34985 34987 11 34994 9
35081 35084 8 35089 5
35123 35146 16 35167 8
35185 35187 18 35188 21 35189 8 35203 14
35275 35277 47 35295 6
35337 35339 24 35352 26 35355 16 35377 5
35392 35393 20 35394 8 35401 5
35525 35527 11 35528 7
35545 35547 9 35576 11
35638 35640 22 35643 123 35660 4 35689 5
35645 35647 20 35648 18
35681 35682 29 35686 20
35720 35723 89 35725 31 35726 165 35755 33
35769 35770 27 35772 30 35781 5 35782 13 35795 4
35824 35848 9 35871 4
35945 35947 4 43678 5
36113 36115 11 36116 4
36123 36134 10 36148 9
36126 36130 20 36133 5 36165 7
36144 41320 8 46374 10 46377 12
36164 36167 8 49017 4
36166 36168 25 36169 10 36205 4
36212 36213 31 37897 5 37900 10
36221 36247 4 37479 9
36246 36252 5 39671 4
36248 36250 20 36253 76 36257 11 36265 8 36267 8 36268 13 36270 5 36273 33 36277 7 36284 12 36303 6 36308 41
36332 36358 5 48623 4
36336 36338 29 36356 6
36342 36343 5 36351 7 36353 44
37404 37413 6 37433 6
37414 37415 15 37422 5
37416 37418 9 37431 9 37432 5
37440 37443 5 37446 10
37491 37492 18 37514 5
37529 37534 5 39785 4
37551 37553 5 37559 6
37591 37592 35 37596 7
37656 40999 14 42967 6
37663 37664 37 37666 27
37725 37726 6 37752 9
37769 37771 106 37772 11 37776 54 37782 5 37784 34
37829 37830 20 37833 8 37859 5
37869 37871 33 37873 23 37874 11
37881 37895 8 37935 5 37943 5
37882 37883 13 37884 41 37910 5 38408 5
37916 37917 8 37924 16 37936 5
37933 37934 5 37937 6
37957 37959 51 37967 6
38033 38034 8 38037 8
38043 38044 6 38076 6
38050 38054 5 38057 19 38058 16
38151 38154 12 39409 5
38155 38157 8 39941 6
38158 38159 44 38166 17 38169 13 38233 4
38167 38172 11 38173 6
38178 38181 4 38196 6
38187 38189 15 38190 74 38192 32
38221 38222 80 38246 31 38248 9 38270 4 38288 4
38240 38242 4 38243 22
38262 38309 6 38932 4
38297 38301 38 38307 5
38310 38311 8 38324 4
38347 38352 11 38359 7
38395 38396 4 38397 28
38418 38419 33 38421 7 38422 12 38439 4
38488 38489 8 45529 4
38536 38538 8 38555 6
38597 38598 18 38599 25
38604 38605 9 38607 18
38664 38666 6 38667 4
38679 38681 30 38684 12
38727 38730 7 38731 4
38738 38741 40 38742 5 38757 4 38790 4
38764 38767 17 48714 8
38768 38769 6 38789 4
38814 38819 18 38858 9
38823 38825 7 38828 18
38846 38848 9 38849 79
38881 38883 8 38951 5
38901 38902 11 38908 5
38903 38906 9 38913 6
38943 38974 11 46428 4
38970 38972 7 38982 19
38989 38994 59 39010 10
38990 38993 11 39028 10
39052 39053 15 39054 9
39060 39129 4 39172 5
39062 39082 11 41553 14
39087 39088 33 39093 30
39131 39134 7 39135 5 39140 33 39156 8
39151 39153 6 39154 9
39197 39198 33 39259 6
39213 39215 10 39216 35
39214 39217 15 39224 5
39226 39227 17 39237 7
39232 39233 8 39272 4
39275 39276 61 39278 20 39320 7
39301 39302 4 39305 5
39308 39311 11 39340 5
39324 39326 40 39327 8 39333 32
39334 39336 9 39347 16
39335 39337 5 39592 6
39381 39382 45 39387 23
39396 39397 9 39400 5 39412 13
39405 39407 10 39437 5
39406 39408 7 48488 5
39502 39508 6 39513 7
39549 39552 23 39553 9 39554 12 39562 9
39568 39571 8 39578 12
39569 39570 8 39583 4 39623 8
39599 39600 73 39607 14
39650 39651 10 39652 62 39653 27 39655 8 39657 92 39662 20 39669 8 39693 13
39664 39668 8 39670 11
39690 39692 26 42444 5 49844 5
39748 39749 11 39750 13 39754 4
39752 39753 8 39755 26
39774 39783 6 39786 7
39790 39791 37 39792 6 39794 12
39811 39812 4 39813 22
39828 39832 22 39839 11
39829 39830 24 42445 4 42446 6
39846 39852 9 39865 7
39850 39863 10 39873 11 39888 10
39861 39862 32 39872 8 39882 20 40046 4
39875 39876 7 39877 6
39879 39880 7 39881 39
39910 39911 4 39912 32
39927 39928 94 39929 24 39930 11 39966 10
39934 39935 60 39938 98 39964 11
39949 39950 31 39962 12
39960 39961 7 39996 6
40005 40006 18 40013 5
40058 40069 8 40070 5
40071 40073 13 41633 4
40113 40114 15 40115 4 40118 20 40120 5 40121 6 40124 4 40125 11
40133 40134 8 40141 9 41942 4
40223 40225 31 40236 4
40247 40248 7 40251 4
40249 40252 5 40254 9
40268 40300 6 40307 35
40269 40270 60 52342 7
40359 40362 28 40364 23 40371 13 40377 15 40387 6
40360 40361 5 40363 15 40368 6
40421 40422 34 40424 10
40432 40434 8 40435 7
40489 40491 19 40499 4 40539 6
40501 40503 96 40537 29
40591 40608 4 40613 6
40609 40611 51 40614 11
40706 40707 34 40713 15 40719 37
40727 40737 5 48967 5
40733 40742 16 40743 36
40757 40758 6 40767 23
40770 40775 18 40782 6 40783 7 40812 12 40826 5 42421 4
40779 40784 11 40795 15
40790 40800 14 40806 5 42111 7
40838 40839 6 40842 17 40844 35
40852 40855 16 40857 16 40867 23 46844 4
40869 40870 12 40874 27
40988 40989 19 41002 7
41001 41004 22 41005 30
41054 41061 9 41201 5 41203 5
41079 41082 6 41103 4
41132 41133 15 41138 6 41155 4
41157 41180 12 42121 5
41159 41161 11 41162 5
41223 41225 51 41230 30
41243 41245 6 41258 5
41249 41250 178 41251 19 41262 16 41284 137
41274 41275 16 41277 7
41312 41316 15 41317 27
41471 41472 6 41473 6
41607 41623 13 42062 5
41652 41655 22 41672 5
41653 41656 32 41667 4
41677 41679 6 41688 4 45295 5
41684 41685 21 41687 80
41694 41695 70 41696 224 41697 23 41698 92 41703 23 41704 45 41705 21 41707 21 41710 14 41714 17 41716 12 41718 9 41726 10 41736 4 41748 24 41777 13 41819 5
41767 41769 26 41788 7 41833 7
41807 41809 6 41887 9
41847 41852 44 41853 28 41854 40 41855 18 41863 19 41892 4
41857 41858 7 41859 7
41864 41865 19 41876 7
41896 41898 8 41901 4
41945 41946 13 41948 4
41973 41974 56 41989 5
41985 41993 9 41994 12 44048 9 47045 4 50597 5
42047 42048 9 42094 4
42078 42080 36 42081 9 42084 4 42099 5 42102 5
42176 42178 160 42179 67
42277 42278 8 42280 14 42291 6
42297 42299 30 42300 8 42301 47
42322 42323 61 42324 5 42329 15
42335 42337 16 42338 6
42423 42427 33 42428 11
42484 42485 9 42486 69 42492 8 42498 9
42494 42502 24 42504 6 42512 10
42586 42588 14 42589 14
42593 42600 6 42614 11 42631 5
42663 42664 31 42668 13 42669 11
42828 42829 45 42840 12
42848 42849 25 42850 95
42870 42871 5 42872 6
42923 42924 7 42925 22 42996 8
42938 42941 36 42942 13
42947 42951 24 42965 5
42948 42949 26 42950 54
42985 42988 17 42992 8
43036 43037 24 43043 14
43074 43075 4 43076 36
43111 43112 4 43155 4
43113 43116 16 43120 58 43132 4
43145 43146 64 43148 52 43150 38
43166 43167 12 43168 29
43181 43188 5 43191 5 43192 11
43217 43219 9 43244 12
43281 43284 30 43285 5 43290 11 43301 6
43363 43364 56 43365 11 43381 15 43397 6 43399 5 43400 4
43404 43405 7 43412 10
43433 43434 54 43439 11 43454 14 43456 37
43471 43476 6 43596 5
43511 43512 7 43513 5
43553 43556 14 43557 11 43558 5
43572 43573 27 43578 15
43602 43604 29 43629 6
43661 43662 46 43676 5 43689 7
43665 43667 7 43685 7 43687 7
43731 43739 25 43846 12
43758 43766 20 43772 34
43926 43945 4 43946 7
43928 43930 8 43939 4
43967 43968 16 43969 5 43971 11
44063 44067 21 44068 33
44125 44126 14 44129 5
44141 44147 25 44148 41 44154 7 44156 16
44150 44151 5 45883 7
44160 44161 10 44162 4 44164 4
45218 45220 5 45221 5
45231 45232 83 45237 139 45239 24
45367 45369 46 45387 5
45386 45388 97 45389 20 45396 5 45399 7 45402 40 45468 5
45422 45424 7 53281 6
45470 45471 57 45472 56
45473 45474 18 45479 4
45494 45510 9 45809 8
45511 45513 18 45544 5
45535 45539 9 45540 7
45612 45613 90 45614 9 45615 6 45619 7
45767 45768 40 45789 9
45770 45771 35 45772 28
45848 45849 9 45852 7 45854 17
45893 45894 6 45905 11
45919 45921 5 45984 8 54827 4
45928 45929 21 45931 6
45960 45964 5 45966 8
46078 46079 4 46087 11
46128 46129 8 46135 5
46154 46155 26 46158 74 46170 28 46194 11 46207 5
46161 46162 6 46163 143 46164 72 46167 25 46171 47 46176 21 46195 11
46179 46198 4 46201 4
46250 46260 8 46261 15
46295 46301 5 46302 28
46354 46355 4 46358 12
46393 46394 27 46395 11 46397 7 46406 19 46419 4
46407 46408 10 46409 4
46422 46423 64 46427 25 46442 10 46489 4
46424 46425 52 46426 19 46433 11 46435 39 46439 16 46440 34 46451 19 46496 4 46498 16 46513 5 46545 6
46455 46458 125 46464 74 46465 36 46470 16
46526 46533 30 46559 7
46542 46543 99 46544 10 46546 98 46555 25 46595 28
46548 46549 22 46553 50 46554 11 46556 13 46562 13 46583 6 46584 5
46610 46611 5 46625 12
46660 46680 5 46682 4
46713 46715 9 46721 4
46754 46755 6 46756 28
46764 46766 68 46782 7
46833 46835 122 46836 21 46841 7 46856 33 46862 30 46870 68 46876 7
46854 46855 20 46857 18 46860 6
46900 46903 18 46904 56
46995 46996 7 47001 23 47005 10
47010 47012 35 47015 16 47021 7 47032 10 47038 13
47057 47058 64 47074 6
47079 47084 27 47085 35 47086 5 47089 20 47090 6 47109 8
47104 47110 10 47111 18 47112 16 47119 130 47121 6
47125 47127 19 47128 67 47138 5
47161 47162 65 47164 21 47166 47 47167 33 47170 18 47171 10
47187 47190 4 47193 5 47194 9
47204 47205 49 47210 27 47214 5
47238 47240 51 47241 4 47242 39 47251 11 47252 8
47257 47260 9 47266 7
47280 47282 5 47291 6 47306 4
47298 47299 12 47300 8 47301 4
47410 47411 34 47419 21 47430 4
47438 47461 7 47463 4
47445 47446 11 47448 4
47464 47466 4 47471 10
47496 47500 8 51913 4
47504 47509 7 47510 4
47521 47522 35 47523 7 47528 14 47535 4
47588 47589 18 47594 23 49708 4
47650 47651 9 47660 9
47723 47724 28 47733 22 47734 6 47736 13 47738 15
47774 47777 8 47788 4
47815 47817 9 47842 5
47823 47826 13 47827 8
47836 47838 10 47839 17 47845 6
47851 47908 4 47909 15
47889 47892 22 47920 4 47921 6
47907 47922 6 47938 15 47959 6 48016 6
47912 47916 4 47931 10
47955 47963 6 47966 7
47985 47986 75 47994 15
48054 48055 30 48058 17
48194 48196 20 48197 10
48216 48220 93 48226 15 48252 17 48329 7 48334 4 49693 5
48225 48311 4 48322 7
48227 48230 24 48231 8 48240 19
48242 48245 55 48247 51 48251 16 48257 8 48259 19 48262 43 48268 13 48269 37 48272 10 48283 4 48287 11 48294 4 48318 4 48331 10
48369 48370 5 48372 39 48377 6 48381 10
48386 48387 5 48388 30
48389 48390 6 48391 35
48411 48414 58 48416 10
48515 48523 4 48525 5
48518 48524 46 48528 98 48533 8 48546 15 48554 26
48535 48536 25 48537 10
48585 48601 9 48602 5
48697 48698 7 48700 4
48717 48719 6 48721 14
48755 48761 8 48762 10
48771 48772 36 48779 35 48788 7
48789 48790 10 49608 5
48812 48816 6 48817 8 48819 5 48820 4
48857 48859 32 48860 12 48864 11 48957 4
48862 48866 28 48867 15 48870 125 48896 13 48911 4 48918 7
48889 48890 35 48892 32 48894 19 48915 8
48893 48899 10 48901 5
48922 48924 5 48930 7
48949 48951 6 48960 6
48963 48966 5 48968 13 48981 11
49008 49009 4 49013 6
49063 49067 13 49077 12 50520 4
49073 49074 24 49075 22
49112 49113 25 49114 38
49152 49153 47 49154 26
49211 49212 6 49213 10 49214 5
49226 49231 10 49298 5
49243 49244 7 49245 158 49247 44 49251 11 49252 31 49253 5
49263 49265 12 49275 7
49335 49336 7 49337 6
49381 49382 90 49384 19 49387 48 49388 70 49390 44 49421 6
49401 49402 26 49407 70 49411 73 49429 5
49427 49428 4 49432 4 49440 4 49465 10 49469 4
49442 49446 24 49451 9
49494 49498 7 49499 10
49521 49522 171 49526 84 49528 51 49533 16 49548 4
49564 49566 16 49570 9
49646 49648 89 49651 288 49652 34 49679 4 49691 7
49736 49738 43 49739 61 49740 11 49745 31 49748 8 49749 15 49752 21 49753 16 49762 5 49842 4
49751 49754 28 49756 6
49800 49802 4 49803 10
49888 49889 4 49890 11
49894 49897 47 49898 10 49902 12
50093 50104 8 50150 4
50204 50206 27 50218 12
50215 50216 38 50223 12
50231 50234 7 50236 5
50249 50252 112 50255 21 50271 37
50270 50272 47 50276 17 50280 8 50297 4
50275 50277 6 50278 23
50369 50371 10 50373 4 50379 10
50446 50447 9 50448 100 50454 47 50456 31
50503 50504 54 50507 16 50508 19 50511 57
50549 50550 4 50551 4
50644 50650 11 50655 10
50649 50652 29 50653 52 50668 6 50698 11
50723 50724 29 50725 8 50726 5
50746 50747 4 50748 8
50803 50806 4 50813 5
50881 50882 15 50883 9 50884 11 50886 4
50901 50902 34 50908 7 50912 6 50917 4
50913 50914 4 50928 5
50955 50957 7 50960 40 50965 13 50975 4
51024 51025 16 51026 6
51203 51205 97 51206 23
51223 51224 5 51226 8
51230 51233 57 51235 13
51246 51247 24 51248 10 51254 6
51279 51282 6 51289 15
51280 51281 4 51288 23
51366 51367 37 51404 6 54400 4
51398 51400 17 51402 49 51403 14
51432 51434 124 51437 75 51438 61 51439 38 51441 32 51442 26 51444 18 51453 12 51454 12 51467 8
51496 51499 30 51507 20 51509 6 51522 8
51531 51532 4 51537 8
51556 51557 5 51566 7 51569 4
51620 51623 29 51633 16
51723 51725 34 51728 53 51731 17
51807 51808 31 51814 27
51848 51849 11 51850 91
51855 51857 6 51956 4
51877 51887 9 51888 10 52159 6
51958 51959 37 51975 19
52113 52116 8 52117 4 52120 5
52206 52207 7 52208 12
52212 52214 15 52217 6
52252 52253 13 52254 21
52262 52268 11 52269 22
52334 52336 11 52337 6
52349 52353 4 52363 5
52391 52392 16 52400 12
52448 52450 25 52454 18 52476 5
52451 52452 64 52456 60
52455 52458 7 52459 4 52489 4
52461 52462 16 52463 19
52471 52473 58 52491 9
52477 52483 4 52493 8
52521 52522 146 52563 4 52582 4
52539 52578 4 52579 16
52637 52638 22 52641 17 52643 6 52646 13
52647 52648 10 52649 4
52680 52684 6 52689 8 52690 14
52682 52685 4 52686 89 52688 10 52692 61 52693 48 52717 24
52694 52702 13 52704 6 52705 11 52706 4
52741 52742 70 52747 22 52753 9
52754 52756 29 52762 12 52763 7 52764 8 52768 16
52777 52778 11 52779 9 52781 8 52788 34 52789 6 52794 43
52791 54435 14 54452 4
52908 52910 24 52931 25
52916 52919 52 52932 5
52922 52924 12 52929 20
52978 52982 49 52998 11 53013 9
53024 53029 19 53030 12 53032 21 53033 8
53146 53147 23 53151 24
53199 53217 10 53338 6
53215 53218 4 53225 10
53235 53239 5 53243 5
53298 53306 4 53319 5
53343 53349 12 53350 6
53375 53381 13 53382 6 53384 4 53389 5
53428 53430 10 53431 20 53432 67 53444 37
53429 53446 10 53457 4 53460 4
53438 53439 31 53440 7
53447 53449 71 53450 29
53573 53574 58 53578 9 53581 28 53591 4
53588 53595 10 53596 6
53617 53618 9 53625 22 53640 6
53649 53651 6 53680 7
53694 53756 7 53761 13
53797 53799 10 53800 28
53867 53870 6 53876 16
53883 53884 21 53886 20
53908 53909 33 53919 11
54050 54051 69 54064 35
54083 54084 17 54086 37
54096 54100 89 54106 29 54108 10 54117 9 54120 4
54121 54122 45 54123 5 54131 12 54134 5 54146 4
54127 54128 10 54132 83
54160 54162 27 54163 33 54166 13 54170 24
54175 54180 7 54183 6
54198 54208 7 54209 4
54217 54219 25 54224 10 54226 8 54227 53 54231 5 54232 39 54236 21 54263 4
54228 54288 9 54296 4 54316 5
54254 54255 7 54256 82 54257 18 54274 16
54273 54275 23 54291 7
54350 54354 7 54357 8
54365 54367 15 54368 46 54369 14
54385 54388 13 54389 14
54415 54424 4 54440 8
54471 54472 44 54483 8
54533 54535 42 54544 31
54568 54570 49 54584 67
54619 54626 62 54627 54 54632 4
54635 54638 4 54639 16 54649 5
54678 54689 4 54695 4 54698 4
54807 54808 25 54809 13
54838 54839 12 54840 22 54845 6
54956 54957 60 54964 12
54976 54980 46 54983 8 54986 97 54994 21 55002 7 55017 4
54990 54991 68 54993 11
55213 55214 73 55216 21
55283 55284 11 55285 54 55286 13 55288 11 55289 28 55291 6 55294 7 55303 6
55350 55353 16 55354 7
55390 55391 4 55392 7 55413 4
55410 55417 8 55448 10
55452 55454 46 55463 18 55466 14 55483 6
55505 55521 8 55527 5
8877 8883 14 30995 4
20757 20758 5 20761 4 22968 12
12800 12827 14 12909 29 14536 23
17559 17570 5 17571 14
52097 52098 30 53776 5
49383 49386 16 49396 13
39046 39050 89 39057 9 39061 13 39066 6 39067 4
2004 2006 15 2008 9
11755 11757 14 11767 25
407 409 15 414 22 42591 6
14901 14903 4 14907 5 14910 4
10267 10274 12 11693 9 35867 8
19437 19439 7 45392 4
3 10 5 11 11
96 131 15 136 5 204 8 5559 5
19319 19329 12 19335 23 19353 4 20560 5
349 355 47 370 78 14414 13
47726 47728 7 47730 44
32188 32190 5 32196 10
52625 52626 40 52630 26
2545 2546 15 11128 6
12768 12770 19 12771 13 12774 38 12785 10
16771 16784 24 19244 7
35506 35507 18 35511 50
12009 12010 25 28339 7
28456 28458 66 28471 11 28472 21 28478 14
10983 11174 12 11177 5
858 861 11 8195 13
5676 5678 7 5680 14 8059 15 10902 4
47791 47794 17 47798 8
45323 45324 47 45336 15
17241 17268 4 17280 4
47636 47637 45 47640 24
34911 34916 4 34930 5
2543 2544 12 12277 4 15213 6 15251 5
24253 24256 7 24260 20
12968 12970 8 12980 8
55127 55129 55 55131 15 55134 11
39723 39726 4 39727 13 39731 107 39732 92 39734 17 39739 7 39740 17 39802 7
7409 7413 7 17760 9
3188 3190 13 3194 4
23740 23745 14 23990 7
7372 7373 18 17051 10 35815 9
12521 12522 13 12525 16 12527 5 12533 29 32273 4
9561 9563 70 9570 73 9603 15 9696 15 9851 32 10631 24 18949 9 20659 4 23759 10 49876 5
1520 1521 14 1522 12
2489 2490 10 2494 13
123 141 9 7558 14 14922 5
49342 49347 8 49353 75 49379 10
10420 10421 4 10422 22
1976 1982 5 1984 5
23510 23511 19 23514 5
33745 33747 15 33748 6
30942 30943 94 30953 9 30955 85 30964 27 30967 11 30979 30 31011 6 48897 4
23916 23917 14 23925 50
5868 5870 6 5896 4
6038 6039 13 6040 11
7937 7938 24 7940 8
33530 33541 4 33542 4
12173 12195 11 12343 6 34533 6
2590 2593 27 2601 7
14120 14126 4 14128 10
32421 32422 15 32423 6 32479 4
52517 52519 43 52520 41
14325 14327 14 14332 74 14333 32 14350 78 14380 11 14399 4 14401 4 20670 12
43593 43597 7 43615 5
52739 52740 13 52743 14
15172 15174 12 22954 5 49860 4
10633 10634 26 10640 12 10643 9 21124 8
7901 7902 5 9190 15
732 733 6 734 22 1333 39
28158 28159 20 28183 8
1653 2279 14 9585 5
160 164 9 165 29 166 5
10688 10689 11 10727 13
28255 28258 19 28259 12
492 495 5 529 4
3217 3218 7 3228 10 3232 9
23262 23263 4 23267 11
17084 17090 20 17100 5
9288 9289 12 53179 8
23386 23388 6 23394 7
37905 37922 4 38528 4
49164 49166 5 49169 12 49170 21
360 362 7 363 5 368 32 1250 21 9138 8
43215 43245 9 43246 5
7439 7444 11 23120 6
12677 12678 18 12679 10 12687 17 12688 15
43502 43504 44 43507 11
13093 13094 4 14317 6
53947 53948 27 53949 19 53952 12 53957 37 53960 7 53964 5
8814 8818 4 8819 7 8824 5 8827 11
2345 2348 13 2349 6 5577 14
38402 38403 10 38404 9 43948 4
45911 45912 46 45913 28 45918 8 45920 4 45943 5
46943 46946 14 46948 10
26802 26818 11 26866 12
32383 32387 23 32393 4 32403 7
46 53 8 56 24 114 9
14145 14147 8 14148 4
17787 17790 13 17835 4
2094 2098 9 2135 11
34925 34926 48 34935 13 34938 15 34939 9
8339 8340 45 8344 30 8346 14 8350 12 9011 10 9039 14 23351 5
47052 47054 7 47056 23
14997 15000 9 15004 4 37715 6
38524 38525 5 38526 6
19172 19174 12 19182 9
186 493 4 12547 8
52672 52673 5 52674 12 52675 4
38325 38326 31 38332 7 38345 14 38420 5
27769 27771 4 43478 11
1960 1961 18 1970 4
29049 29051 4 29054 4
1060 1075 25 42020 7
54546 54547 39 54548 69 54551 27 54555 8 54560 11 54564 4 54565 6 54567 13 54575 4 54581 5 54585 8
793 794 9 19364 4
25475 25476 13 25479 7
24185 24190 4 24192 20
2755 2757 67 2771 24
51983 51984 52 51985 14
8166 8168 10 8169 6
503 504 8 505 20 1672 6
35884 35885 10 35887 5
35248 35249 35 35257 7
23812 23813 23 23815 5 23818 20 23822 11 23832 33 23833 13 23835 8 23862 4
12944 12945 9 12946 12 40031 4
47405 47408 105 47420 21
42547 42572 5 42575 8
25355 25356 14 25411 9 32926 5
10206 10207 6 23837 14
15419 15425 6 15432 9
37420 37423 27 37425 107 37427 16 37464 6
28347 28349 66 28389 7
11429 11432 36 47237 15
8034 8047 5 14867 6
8393 8435 18 8519 11 41374 8
54377 54378 4 54387 5
33412 33420 16 33424 21
26926 26927 7 26929 16
51326 51327 37 51332 4
14 19 36 20 14 117 6
2100 2106 14 5526 4
15236 15300 4 15303 6
51571 51572 70 51576 32 51595 6 51598 10
4336 4339 74 4341 22 4355 34 9153 24 10474 5 11783 12
54328 54329 7 54331 42
12256 12257 4 12259 8
2785 2786 6 2787 20
40398 40402 8 40408 10 40592 5 47874 4
248 255 22 24023 6
28836 28839 34 28847 23 28850 48 28857 14 28880 5
20456 20457 35 20490 5 20491 6
3064 3067 8 3099 44 9003 14 9008 12
11010 11022 5 11024 5
14865 14868 45 14870 23 14872 16 14873 4
4410 4411 42 4414 9 4417 8
3280 3282 7 3283 5
17172 17175 4 17179 5
696 739 5 42776 8
14468 14469 27 14475 13
9885 9888 4 9926 6
2609 2611 9 2616 5
298 299 10 43548 4 43550 8
1579 1581 30 1594 15 1695 19 15265 11 26590 4
27807 27813 5 27815 9
9156 9158 9 19282 12
54011 54012 10 54013 5
35979 35985 13 41699 7
