teamID questionID questionID ...
0 0
1 6
2 3
3 33
4 1626
5 65
6 51
7 13
8 1541
9 14
10 1
11 589 635 796 818 1607
12 855
13 808
14 1274
15 601 731 757 1255 1627 1671
16 741
17 649
18 862
19 647
20 688
21 679
22 1483 1236
23 1499
24 1635 708
25 1258
26 599 776
27 1231
28 1230
29 623
30 596
31 674 707 853 882 1579
32 719
33 662
34 626
35 1235
36 1250
37 718
38 1317 1407
39 780
40 1683
41 591
42 1595
43 639
44 654
45 663
46 728 764
47 702
48 732
49 703
50 768
51 1569
52 804
53 823
54 1225
55 847
56 1613
57 896
58 1220
59 1425
60 1259
61 1289
62 71
63 635 589
64 2 203
65 74 67
66 116
67 30
68 114
69 78
70 162
71 163
72 99
73 1040 301
74 44
75 73
76 251
77 979 767
78 1031
79 1267
80 208
81 830 962 1554 1636
82 794
83 943
84 1568 308
85 1673
86 210
87 632
88 19
89 69
90 39
91 1575
92 25
93 26
94 411
95 29 618 657 686
96 636
97 909 834
98 125
99 41
100 75
101 1186 1135
102 60
103 72
104 1389
105 1168 1116
106 1170
107 103
108 146
109 109
110 841
111 121
112 123
113 1681
114 149
115 135
116 152
117 164
118 746
119 1206
120 1559
121 256
122 270
123 434 455
124 384
125 836
126 1153
127 292
128 1140 666
129 462
130 984
131 416 748
132 378
133 1207 1229
134 1037
135 1240
136 756
137 560
138 1158 1189
139 968
140 1080
141 977 959
142 885
143 978
144 1581
145 952
146 1035
147 1165
148 1130
149 1294
150 1300
151 1547 1430
152 1079 1313 1414 1489 1521
153 1442
154 1444
155 1305
156 1501
157 1291 1163
158 1637
159 1558 1395
160 1431
161 1202 1275
162 1164
163 1480
164 1655
165 1314
166 1227
167 1287
168 1560
169 1307
170 1330
171 1433
172 1520
173 1511
174 1669
175 1601
176 4
177 67 74
178 57
179 87
180 40
181 56
182 66
183 457
184 404
185 86
186 1644
187 147
188 1606
189 1682
190 495
191 517
192 478
193 5
194 16
195 22
196 9
197 94
198 24
199 98
200 61
201 1691
202 31
203 110
204 177
205 43
206 115
207 52
208 55
209 95
210 102
211 113
212 117
213 171
214 788
215 490
216 7
217 198
218 89
219 64
220 17
221 105
222 101
223 106 1544
224 1604
225 70
226 8
227 35
228 36
229 131
230 132
231 80
232 54
233 77
234 90
235 91
236 1687
237 97
238 100
239 143
240 211
241 367
242 1598
243 504
244 483
245 494 503 507 522
246 118 437
247 1555
248 92
249 471
250 486
251 468
252 516
253 1596
254 1689
255 524
256 38
257 127
258 46
259 254
260 161
261 1255 601
262 1237
263 301 677 1040 1640
264 1045
265 193
266 1590
267 1430 1547
268 206
269 1574 1690
270 907 908
271 1413
272 1562
273 916
274 675
275 242
276 258
277 232
278 1260 1366 1427
279 1349
280 1472
281 310
282 216 784 797 1550
283 891
284 1109 1179 1387
285 470
286 201
287 526
288 262 302 366 405 500 667
289 1380
290 1340
291 1519
292 724
293 1471 1110
294 778
295 272
296 1497
297 200
298 375 370
299 365
300 223
301 1074
302 377 659 861
303 229
304 303 299
305 304
306 180
307 190
308 610
309 1629
310 1670
311 221
312 452
313 266
314 238
315 1548
316 426
317 257 1284
318 268
319 275 274
320 376
321 278
322 283
323 284
324 288
325 296
326 298
327 328
328 393
329 1572
330 1614
331 374
332 388
333 469
334 435
335 745
336 475
337 1662
338 528
339 740
340 766 1448
341 669
342 733
343 763
344 760
345 819
346 821
347 881
348 895
349 925
350 963
351 999
352 1323
353 1594
354 1465
355 1461
356 1405
357 279
358 1690 1574
359 245
360 767 979 1097
361 1256
362 1269 1426
363 908 907
364 725
365 737
366 971
367 1456
368 1350
369 1296 1582
370 997
371 929
372 1196 1401
373 1603 911
374 787
375 1529
376 846 848
377 1039
378 874
379 754
380 900
381 795
382 492
383 1016
384 717
385 1466
386 878
387 827
388 1203
389 1462
390 905
391 1076
392 1100
393 1365
394 1440
395 10
396 11
397 1612
398 63
399 62
400 1650
401 58
402 59
403 156
404 12
405 18
406 68
407 47
408 76
409 1507
410 962 830
411 1082
412 467
413 1313 1079
414 1359
415 503 494
416 460 512 1406
417 1332
418 465
419 1674
420 459
421 1454
422 565 1675
423 942 1251 1383
424 761 726
425 832
426 877
427 1435
428 519
429 1375
430 545
431 472
432 1155
433 1347
434 473 484
435 564
436 1261
437 487
438 521
439 921
440 535
441 479
442 510 513
443 1355
444 1238
445 1565
446 466
447 480
448 497
449 511
450 529
451 566
452 631
453 1376
454 1322
455 1374
456 1195
457 1318
458 1494
459 634
460 554
461 15
462 502
463 165
464 308 1568
465 195
466 419
467 1608
468 1584
469 463
470 297
471 181
472 454
473 168
474 1036
475 385 397
476 622
477 1531
478 1657
479 442
480 1599
481 966
482 967
483 975
484 294
485 515
486 248
487 437 118
488 287
489 789
490 420
491 364
492 382
493 643
494 1620
495 239
496 1676
497 1556
498 624
499 50
500 48
501 27
502 1542
503 49
504 53
505 21
506 34
507 45
508 20
509 85
510 218
511 1678
512 23
513 829
514 1236 1239 1483 1498
515 1668
516 1288 1437
517 1366 1260
518 1463
519 1516 1212
520 1424 1107
521 1272
522 1345
523 1298 1331 1385
524 1268
525 1434
526 1273
527 1492 1335
528 1394
529 1329
530 1505
531 1510
532 1087
533 137
534 119
535 111
536 170
537 107
538 124
539 140
540 306
541 141
542 333
543 28
544 353
545 108
546 154
547 1642
548 253
549 428
550 410
551 436
552 708 1635
553 657 29
554 723
555 1653
556 779
557 713
558 653
559 775
560 710
561 720
562 1680
563 738
564 155
565 1573
566 949
567 32
568 887
569 834 909 912
570 799
571 898
572 1411
573 711
574 1280
575 1210
576 910
577 1344
578 633
579 982
580 839
581 880
582 901
583 1024
584 965
585 996
586 1020
587 1060
588 1113
589 1286
590 1334
591 326 441 476
592 438
593 499
594 1029
595 331
596 347
597 342 350
598 371
599 1583
600 443
601 357
602 1570
603 358
604 1597
605 413
606 651
607 889
608 976
609 37
610 1537
611 96
612 199
613 314
614 289
615 93
616 129
617 159
618 759
619 42
620 678
621 645
622 474
623 261
624 363
625 368
626 514
627 450
628 453
629 440
630 944
631 870
632 1299
633 1135 1150 1186 1200
634 1151
635 1149
636 1534
637 1443
638 1513
639 1276
640 1460
641 1212 1474 1516
642 1622
643 1137
644 1198
645 933
646 1156
647 1453
648 1143
649 1204
650 948
651 1467
652 1290
653 1293
654 1295
655 1311
656 1441
657 1532
658 548
659 451
660 81
661 273
662 167
663 246
664 138 176
665 172
666 136
667 311
668 205
669 1605
670 83
671 433 543 970 973 1010 1081 1161
672 302 262
673 293
674 585
675 341
676 960
677 1675 565
678 562
679 1362 1368
680 906
681 1012
682 950
683 1159
684 1169
685 1086
686 656 716 915
687 958
688 559 576
689 1564
690 684
691 355
692 1436
693 362
694 1006
695 536
696 498
697 584
698 652
699 771
700 1090
701 969
702 972
703 1005
704 464
705 552
706 243
707 509
708 501
709 550
710 112
711 309
712 850
713 1056
714 1412
715 1034
716 1038
717 1457
718 281
719 280
720 919
721 990
722 957
723 946
724 1416
725 79
726 84
727 82
728 1027
729 1051
730 1320
731 1438
732 1194
733 1503
734 1070
735 267
736 88
737 1301
738 130
739 186
740 214
741 215
742 184
743 187
744 166
745 182
746 189
747 421
748 1264
749 704
750 332
751 323
752 351
753 1253
754 1116 1117 1118 1128 1132 1139 1168 1173 1185 1215 1218 1223 1226
755 1638
756 1138
757 1163 1192 1291 1447 1449 1455 1665 1695
758 1110 1354 1471
759 1184
760 1182 1377 1384 1523
761 1160
762 1177
763 1141
764 1133
765 1099
766 1419
767 1142 1157 1180
768 1493
769 1214
770 1162
771 1088
772 1648
773 1452
774 1188
775 1217
776 1013 1310 1339 1446
777 1458
778 1166
779 1089
780 1677
781 1095
782 1102
783 1106
784 1634
785 1108
786 1125
787 1136
788 1144
789 1201
790 1208
791 1222
792 1224
793 1372
794 1397
795 1439
796 1588
797 174
798 290
799 1684
800 1600
801 185
802 338
803 395
804 608
805 707 674
806 593
807 658
808 734
809 557 614
810 1661
811 828
812 911 914 1603 1609
813 726 761
814 619
815 640
816 721
817 683
818 716 656
819 865
820 913
821 820
822 1543
823 570
824 860 730
825 762
826 813
827 822
828 317
829 1667
830 751
831 641
832 866
833 1617
834 572
835 1549
836 676
837 597
838 629
839 750
840 655
841 660
842 670
843 690
844 1540
845 858
846 863
847 854
848 869
849 104
850 1032
851 781
852 1415
853 937
854 810
855 1171 1190
856 848 846
857 998
858 714
859 1157 1142
860 1092
861 765
862 857
863 1386
864 1666
865 1025
866 1672
867 1055
868 1084
869 1091
870 445
871 637
872 349
873 418
874 1631
875 312
876 682
877 241
878 219 1528
879 226
880 709
881 412
882 259
883 271
884 547 360
885 335
886 354
887 427
888 401
889 120
890 1304
891 673
892 782
893 122
894 305
895 372
896 955
897 1482
898 295
899 139
900 128
901 126
902 430
903 340
904 285
905 1112
906 370 375
907 389 394
908 1649
909 391
910 390
911 133
912 142
913 134
914 145
915 151
916 153
917 150
918 313
919 1221
920 1656
921 144
922 148
923 424
924 446
925 1193
926 160
927 202
928 556
929 157
930 158
931 576 559
932 1589
933 628
934 699
935 571
936 648
937 712
938 1007
939 811
940 1176
941 520
942 659 377
943 801
944 773
945 783
946 802
947 691
948 816
949 730 860
950 646
951 607
952 672
953 586
954 594
955 685
956 859
957 558
958 611
959 612
960 621
961 727
962 231
963 220 228
964 173
965 233
966 196
967 222
968 197
969 1692
970 178
971 169
972 209
973 213
974 240
975 429
976 299 303
977 286
978 337
979 573
980 541
981 320
982 402
983 307
984 344
985 316
986 324
987 493
988 1552
989 1688
990 250
991 175
992 291
993 230
994 179
995 1647
996 234
997 183
998 191
999 188
1000 276
1001 192
1002 194
1003 359
1004 491
1005 325
1006 461
1007 269
1008 204
1009 252
1010 986
1011 379
1012 582
1013 803
1014 408
1015 425
1016 537
1017 580
1018 774
1019 561
1020 1533
1021 1694
1022 423
1023 508
1024 422
1025 1618
1026 356
1027 527
1028 1512
1029 1451
1030 555
1031 567
1032 668
1033 1491
1034 1488
1035 1107 1424
1036 1578
1037 207
1038 224
1039 212
1040 217
1041 1535
1042 1400
1043 924
1044 1591
1045 1216
1046 1361
1047 1496
1048 1234
1049 951
1050 225
1051 605
1052 282
1053 227
1054 1545
1055 985
1056 681 1686
1057 851
1058 1262
1059 235
1060 1292
1061 439
1062 236
1063 449
1064 237
1065 249
1066 244
1067 406
1068 264
1069 255
1070 477
1071 1277
1072 1580
1073 989
1074 988
1075 902
1076 315
1077 247
1078 485
1079 1577
1080 661
1081 481
1082 1539
1083 482
1084 346
1085 321
1086 336
1087 579
1088 575
1089 953
1090 1422
1091 1284 257
1092 352
1093 260
1094 263
1095 455 434
1096 1664
1097 265
1098 1018 1242
1099 1064
1100 1621
1101 1348
1102 1052
1103 1008 1058
1104 1428
1105 1002 1119
1106 1011
1107 1019
1108 1183
1109 1063
1110 1072
1111 1073
1112 1382
1113 1551
1114 991
1115 1660
1116 1610
1117 1152
1118 1346
1119 1396
1120 1518
1121 387
1122 277
1123 274 275 1685
1124 1585
1125 824
1126 1247
1127 373
1128 1592
1129 518
1130 540
1131 549
1132 300
1133 329
1134 369
1135 361
1136 330
1137 339
1138 392
1139 381
1140 1663
1141 383
1142 689
1143 1619
1144 397 385
1145 386
1146 1567
1147 360 398 547
1148 327
1149 396
1150 415
1151 1047
1152 1390
1153 903
1154 318
1155 319
1156 322
1157 1279
1158 604
1159 666 1044 1111 1140
1160 489
1161 1115
1162 879
1163 1017 1651
1164 513 510
1165 620
1166 749
1167 458
1168 664
1169 581
1170 506 1624
1171 625
1172 1083
1173 1004
1174 615
1175 693
1176 530
1177 1530
1178 1209
1179 603
1180 665
1181 1473
1182 1114
1183 873
1184 785
1185 1048
1186 1486
1187 1282
1188 1479
1189 444
1190 409
1191 432
1192 334
1193 343
1194 345
1195 348
1196 380
1197 748 416
1198 574
1199 1615
1200 729
1201 456
1202 1303
1203 974
1204 994
1205 630
1206 588
1207 403
1208 399
1209 400
1210 544
1211 1326
1212 1205
1213 1445
1214 1487
1215 1351
1216 1331 1298
1217 1367
1218 1485
1219 1245
1220 1391
1221 1197
1222 1429
1223 407
1224 448
1225 798
1226 414
1227 1077 1172
1228 1633
1229 1333
1230 1101
1231 852
1232 840
1233 1408
1234 1630
1235 417
1236 752
1237 431
1238 447
1239 1398
1240 1417
1241 1395 1558
1242 1285 1410 1557
1243 1310 1013
1244 1403
1245 843 1252
1246 1061
1247 1404
1248 1283
1249 1328
1250 1270
1251 1522
1252 1423
1253 1527
1254 736
1255 871
1256 742
1257 1658
1258 539
1259 1587
1260 505
1261 551
1262 569
1263 1308
1264 1306
1265 1392
1266 488
1267 1602
1268 496
1269 592
1270 538
1271 533
1272 523
1273 525
1274 932
1275 1536
1276 598
1277 534
1278 531
1279 595
1280 532
1281 542
1282 1645
1283 904
1284 890
1285 1646
1286 806
1287 812
1288 894
1289 864
1290 897
1291 837
1292 838
1293 1211
1294 546
1295 553
1296 600
1297 563
1298 1571
1299 638
1300 644
1301 616
1302 617
1303 627
1304 606 739
1305 642
1306 876
1307 568
1308 671
1309 577
1310 1028
1311 578
1312 613
1313 1654
1314 583
1315 587
1316 590
1317 1628
1318 930
1319 602
1320 814
1321 609
1322 692
1323 1538
1324 918
1325 1553
1326 920
1327 1122
1328 964
1329 1448 766
1330 1517
1331 1509
1332 1065 1586
1333 1432
1334 1464
1335 1066
1336 1094
1337 722
1338 1659
1339 1324
1340 1679
1341 650
1342 747
1343 680
1344 687
1345 743
1346 694
1347 696
1348 695
1349 705
1350 697
1351 959 977
1352 993
1353 698
1354 706 926
1355 792 825
1356 791
1357 1593
1358 1561
1359 1085
1360 1484
1361 700
1362 701
1363 886
1364 1050
1365 735
1366 715
1367 744
1368 753
1369 755
1370 758
1371 849
1372 922
1373 769
1374 770
1375 1639
1376 888
1377 884
1378 936
1379 777
1380 772
1381 790
1382 831
1383 1625
1384 805
1385 1057
1386 856
1387 1524
1388 1696
1389 1049
1390 1003
1391 941
1392 892
1393 1421
1394 786
1395 893
1396 793
1397 1071
1398 800
1399 1563
1400 826
1401 844
1402 807
1403 809
1404 815
1405 817
1406 833
1407 835
1408 845
1409 842
1410 1252 843
1411 1693
1412 868
1413 1271
1414 1021
1415 867
1416 1033
1417 1336
1418 1228
1419 1121
1420 1378
1421 1026
1422 1078
1423 1147
1424 1342
1425 1475
1426 872
1427 875
1428 995
1429 1001
1430 883
1431 1096
1432 981
1433 1490
1434 1360
1435 1062
1436 1105
1437 899
1438 1420
1439 917
1440 1098
1441 1641
1442 923
1443 927
1444 1353
1445 938
1446 1054
1447 928
1448 1120
1449 931
1450 945
1451 947
1452 934
1453 1000
1454 935
1455 940
1456 939
1457 1243
1458 1129
1459 1187
1460 1476
1461 1104 1127 1369
1462 1450 1616
1463 1069
1464 1131
1465 1249
1466 1546
1467 954
1468 956
1469 961
1470 1181
1471 1175
1472 1508
1473 987
1474 1652
1475 980
1476 983
1477 992
1478 1459
1479 1199
1480 1009
1481 1014
1482 1015
1483 1023
1484 1022
1485 1030
1486 1041
1487 1042
1488 1043
1489 1046
1490 1053
1491 1059
1492 1067
1493 1068
1494 1075 1093
1495 1246
1496 1191
1497 1399
1498 1167
1499 1219
1500 1409
1501 1309
1502 1265
1503 1470
1504 1178
1505 1254
1506 1335 1492
1507 1576
1508 1103
1509 1123
1510 1124
1511 1381
1512 1337
1513 1611
1514 1126
1515 1134
1516 1145
1517 1146 1174
1518 1343
1519 1148
1520 1154
1521 1566
1522 1213
1523 1364
1524 1232
1525 1418
1526 1233
1527 1241
1528 1244
1529 1312
1530 1248
1531 1257
1532 1316
1533 1623
1534 1363
1535 1263
1536 1266
1537 1278
1538 1281
1539 1338
1540 1327
1541 1402
1542 1297
1543 1321
1544 1302
1545 1341
1546 1315
1547 1319
1548 1632
1549 1325
1550 1352
1551 1356
1552 1379
1553 1370
1554 1357
1555 1358
1556 1477
1557 1371
1558 1373
1559 1388
1560 1393
1561 1506
1562 1500
1563 1514
1564 1468
1565 1469
1566 1478
1567 1481
1568 1515
1569 1495
1570 1502
1571 1504
1572 1643
1573 1525
1574 1526
