teamID expertID expertID ...
0 6399 6400 6401 6402 6403
1 6399 6400 6417 6418 6407 6419 6420 6421
2 6399 6407 6412 6413
3 6399 6411 6470 6485
4 6399 6426 6427
5 6399 6515
6 6401 6405
7 6401 6429
8 6404 6399
9 6404 6405 6411
10 6405 6406
11 6406 6407
12 6406 6407 6432
13 6406 6407 6486
14 6406 6408
15 6406 6429
16 6406 6429 6407 7024
17 6406 6429 6932
18 6406 6432 7143
19 6406 6446
20 6406 6462
21 6406 6462 6462 6555 6548 7025
22 6406 6473
23 6406 6473 6408 6991
24 6406 6480
25 6406 6499 6923 6648
26 6406 6510
27 6406 6550
28 6406 6550 6648 6407 6825
29 6406 6552
30 6406 6553
31 6406 6555
32 6406 6608
33 6406 6608 7013 7014 6555 6822 6462 7015 7016
34 6406 6619
35 6406 6681
36 6406 6735
37 6406 6796
38 6406 6855
39 6406 6867 6480 6777
40 6406 6947 6958 6619
41 6406 6971 6972
42 6406 6991 6992
43 6406 7000
44 6406 7009 6998 7010 7011
45 6406 7017
46 6406 7024
47 6406 7039 6407 6429 7045 6480
48 6406 7039 7065 7066 7067
49 6406 7046
50 6406 7082
51 6406 7099
52 6406 7101
53 6406 7121
54 6406 7130
55 6406 7135
56 6406 7163
57 6406 7164 7165
58 6406 7372 6408
59 6406 7384
60 6406 7389 7390 7391 6862 6694
61 6406 7404 7405 7406
62 6407 6401 6401
63 6407 6406
64 6407 6408
65 6407 6411
66 6407 6416 6565 6566 6405 6567 6568
67 6407 6418 6481
68 6407 6419
69 6407 6419 6530 6531
70 6407 6419 6610 6611
71 6407 6419 6612 6560
72 6407 6424 6552
73 6407 6429
74 6407 6429 6488
75 6407 6429 6520
76 6407 6429 6702
77 6407 6432
78 6407 6432 6964
79 6407 6432 7366
80 6407 6443
81 6407 6446
82 6407 6446 6855
83 6407 6446 7136
84 6407 6462
85 6407 6462 6405 6733 6426 6734
86 6407 6462 6662 6663
87 6407 6463
88 6407 6464
89 6407 6469
90 6407 6469 6429
91 6407 6474 6475
92 6407 6476
93 6407 6477
94 6407 6478 6821 6429 6451
95 6407 6480
96 6407 6480 6999
97 6407 6486
98 6407 6490 6442
99 6407 6492
100 6407 6497
101 6407 6499
102 6407 6514
103 6407 6519 6439 6509 6462
104 6407 6529
105 6407 6550
106 6407 6550 7348
107 6407 6556 6557
108 6407 6560
109 6407 6561
110 6407 6562 6486 7128
111 6407 6573
112 6407 6576 6530 6577
113 6407 6578 6722 6496
114 6407 6586
115 6407 6589 6496 6517
116 6407 6599 6504 6600
117 6407 6613 6510 6614
118 6407 6619 7073 6716
119 6407 6678
120 6407 6682
121 6407 6708
122 6407 6708 6718
123 6407 6714
124 6407 6721
125 6407 6725
126 6407 6725 7290 7339 6488 7340 6880 7341
127 6407 6736
128 6407 6771
129 6407 6772 6840 6555 6861
130 6407 6787 7237
131 6407 6798
132 6407 6801 6802 6803
133 6407 6825
134 6407 6855
135 6407 6855 6648
136 6407 6867 6837
137 6407 6944
138 6407 6964
139 6407 6987
140 6407 6989
141 6407 7039
142 6407 7045 7158 7159 7160 7126 7161
143 6407 7170 6855
144 6407 7199 6880 7200 7201 7202 7203 7204
145 6407 7208
146 6407 7219
147 6407 7319 6482 6486
148 6407 7325
149 6407 7411 7146
150 6408 6406 7416 7417 7346 6725 6648
151 6408 6429
152 6408 6446
153 6408 6473 7050
154 6408 6499 6473
155 6408 6499 7383 7419 7420
156 6408 6510
157 6408 6550
158 6408 6550 6473
159 6408 6855
160 6408 6855 7512
161 6408 6964
162 6408 6964 6429
163 6408 6964 6473 6855
164 6408 7016
165 6408 7146
166 6408 7378
167 6408 7401
168 6408 7419
169 6408 7421 7102 7422
170 6408 7449 6473 6429 7450
171 6408 7513 7514 7204 7515 7516 7476 6855 7419 7517
172 6408 7523
173 6408 7547
174 6409 6410 6411
175 6409 6411 6418
176 6410 6414
177 6411 6407
178 6411 6407 6510
179 6411 6424 6407 6539 6540
180 6411 6470
181 6411 6488
182 6411 6490 6424 6516 6478 6517
183 6411 6510
184 6411 6510 6823
185 6411 6538
186 6411 6559
187 6411 6588
188 6413 6406
189 6413 6510
190 6413 6517
191 6413 6517 6480
192 6413 6872
193 6415 6416
194 6415 6459 6460
195 6416 6471
196 6417 6407 6428 6429 6430 6431 6432
197 6418 6401 6547
198 6418 6407
199 6418 6407 6406
200 6418 6408
201 6418 6408 6499
202 6418 6411 6482
203 6418 6426 6419
204 6418 6441
205 6418 6462 6495 6496
206 6418 6478 6407 6523
207 6418 6506
208 6418 6509
209 6418 6548
210 6418 6550
211 6418 6564
212 6418 6569
213 6418 6625
214 6421 6555 6619 7096
215 6421 6882
216 6422 6423
217 6422 6648
218 6424 6401
219 6424 6407
220 6424 6407 6461
221 6424 6407 6521 6446
222 6424 6411 6554 6504 6555
223 6424 6418 6503
224 6424 6419
225 6424 6419 6518 6443 6429
226 6424 6425
227 6424 6430 6488
228 6424 6433 6426
229 6424 6439 6583
230 6424 6478 6407 6462 6584 6585
231 6424 6480
232 6424 6483 6401 6508 6443
233 6424 6529
234 6424 6542
235 6424 6543
236 6424 6550
237 6424 6551 6482
238 6424 6553
239 6424 6594
240 6424 6621
241 6424 6721 6510 6407 6429 6794 6795
242 6426 6418 6504
243 6426 6421
244 6426 6429
245 6426 6446
246 6426 6463
247 6426 6510
248 6426 6544
249 6426 6569
250 6426 6642 6432
251 6426 6714 6865
252 6426 6770 6900
253 6426 6771 6407 6413
254 6426 6838
255 6426 6891
256 6427 6410
257 6428 6407 6429 6579
258 6428 6419 6471 6497
259 6428 6429 6705 6549 6478
260 6428 6478
261 6429 6406
262 6429 6406 7245 6473
263 6429 6407
264 6429 6407 6488 7039
265 6429 6407 6641 6552
266 6429 6407 6803
267 6429 6408
268 6429 6424
269 6429 6430
270 6429 6432
271 6429 6432 6802 6768
272 6429 6446 6691 6555
273 6429 6455 6407
274 6429 6462 6678 6488 7022 7023
275 6429 6462 6689
276 6429 6463 6407
277 6429 6463 6407 6677 6446
278 6429 6473
279 6429 6473 6550
280 6429 6473 7532
281 6429 6478 6462 6548
282 6429 6480
283 6429 6482
284 6429 6486
285 6429 6488
286 6429 6490
287 6429 6505 6569 6905
288 6429 6510
289 6429 6510 7466
290 6429 6531 7452 7453
291 6429 6538 7555 6473 7556 7436
292 6429 6542
293 6429 6550
294 6429 6555
295 6429 6569 6541
296 6429 6572 6408 7378 6473
297 6429 6578 6552
298 6429 6581
299 6429 6581 6575
300 6429 6594
301 6429 6608
302 6429 6619
303 6429 6621 6569
304 6429 6622
305 6429 6622 6748 6749 6750 6432 6751 6619 6752 6526 6488
306 6429 6631 6495
307 6429 6638 6446
308 6429 6643
309 6429 6652
310 6429 6670
311 6429 6672 6428 6638
312 6429 6682
313 6429 6683
314 6429 6684
315 6429 6692
316 6429 6708
317 6429 6709
318 6429 6717
319 6429 6721
320 6429 6721 6407
321 6429 6723
322 6429 6729
323 6429 6731
324 6429 6735
325 6429 6743
326 6429 6745
327 6429 6748 6549
328 6429 6749
329 6429 6771 6851 6469 6852 6407 6853 6678 6854 6855
330 6429 6788
331 6429 6800
332 6429 6813
333 6429 6821
334 6429 6842
335 6429 6863
336 6429 6868
337 6429 6901
338 6429 6908
339 6429 6948
340 6429 6991
341 6429 7019
342 6429 7068 6948 6446
343 6429 7077
344 6429 7080 7081 6957 6432
345 6429 7118 6555 7119
346 6429 7120
347 6429 7151
348 6429 7163 6406
349 6429 7184
350 6429 7204
351 6429 7245
352 6429 7442
353 6429 7475
354 6429 7479 7528
355 6429 7484
356 6429 7504
357 6430 6413
358 6430 6429
359 6430 6695
360 6432 6407
361 6432 6407 6855
362 6432 6408
363 6432 6429
364 6432 6446 7033 6622 6997
365 6432 6446 7068
366 6432 6462
367 6432 6473
368 6432 6473 7001 7140
369 6432 6486
370 6432 6498
371 6432 6531 6694 7091 7055 7188 6432 7189
372 6432 6550
373 6432 6555
374 6432 6555 6429
375 6432 6555 6693
376 6432 6562
377 6432 6577
378 6432 6736
379 6432 6798 7039 7075 7076
380 6432 6803
381 6432 6806
382 6432 6884
383 6432 7039
384 6432 7059
385 6432 7091 6473 7422 6648
386 6432 7091 6693
387 6432 7122
388 6432 7146 7050
389 6432 7167 6408
390 6432 7172
391 6432 7291
392 6432 7305
393 6432 7365 7468 6648 7474
394 6432 7521
395 6433 6434 6419 6407 6435 6421
396 6436 6407 6428
397 6436 6424 6439 6504 6505
398 6436 6427 6419
399 6436 6446
400 6436 6469 6521
401 6436 6511
402 6436 6513 6490
403 6436 6603
404 6437 6438 6439 6440 6441 6418 6407 6419 6442 6443 6444 6445 6413 6446 6447 6421 6448 6449 6450 6451 6452 6453 6454 6455
405 6437 6459 6462 6463
406 6439 6407
407 6439 6407 6462 6498
408 6439 6522 6497 6523 6475 6524 6525 6526 6463 6527 6528
409 6446 6406 6473
410 6446 6407
411 6446 6407 6486 7293 6716
412 6446 6407 6619
413 6446 6408
414 6446 6408 7468 7469 7384 7470 7471 7140 7472 6825 7296 7403 7016 7302
415 6446 6426
416 6446 6429
417 6446 6432 6803
418 6446 6462
419 6446 6473
420 6446 6495 6857 6858 6849 6859 6860 6605
421 6446 6499 6528
422 6446 6510
423 6446 6550
424 6446 6555
425 6446 6555 6432
426 6446 6555 7152 6462
427 6446 6562
428 6446 6569
429 6446 6569 6408 7170 7295 7481
430 6446 6588 6643 6927 6928
431 6446 6619
432 6446 6648 6878
433 6446 6667 6473
434 6446 6704
435 6446 6708 6770
436 6446 6725 6648 7140
437 6446 6732
438 6446 6732 6902
439 6446 6736 7179
440 6446 6749 6917 6407
441 6446 6761 6873 6874
442 6446 6771
443 6446 6855
444 6446 6855 7224
445 6446 6855 7557
446 6446 6863 6864
447 6446 6875
448 6446 6887
449 6446 6897 6592
450 6446 6909 6903 6482
451 6446 6948 6949 6950
452 6446 6982
453 6446 7205 6855 7482
454 6446 7218 6648 7140 7440
455 6446 7333 7167 7480
456 6446 7355 7356 6562 7357 7358
457 6446 7432 7433 7434 7435 7436 7437
458 6446 7538
459 6452 6498 6407
460 6456 6407
461 6456 6457 6458
462 6456 6833 6462 6411 6432 6890 6891 6720 6892 6893 6863 6824 6894 6895
463 6457 6615
464 6462 6407
465 6462 6407 6488 6646
466 6462 6429
467 6462 6473
468 6462 6488
469 6462 6493 6407 6862
470 6462 6510 6488 6744
471 6462 6521
472 6462 6578
473 6462 6618 6619 6620
474 6462 6716
475 6462 6749
476 6462 6771 6675
477 6462 6833
478 6462 6837 7112
479 6462 6847 6493 6462 6407 6771
480 6462 6922
481 6462 7219
482 6462 7219 7220
483 6462 7224
484 6463 6407 6737 6738
485 6463 6407 6898 6899
486 6463 6408
487 6463 6426
488 6463 6429 6529
489 6463 6480 6432
490 6463 6510
491 6463 6545 6792 6793
492 6463 6581
493 6463 6608
494 6463 6621 6670
495 6463 6685 6686
496 6463 6687
497 6463 6708 6407 6754
498 6463 6989
499 6465 6405 6488
500 6465 6428 6500 6501
501 6465 6462
502 6465 6466 6467 6468
503 6465 6488 6502
504 6465 6507
505 6466 6407 6470
506 6469 6416 6419 6486 6487
507 6469 6428 6478
508 6469 6440 6419
509 6469 6537
510 6469 6631 6555
511 6470 6480
512 6472 6473
513 6472 7100
514 6473 6406
515 6473 6407
516 6473 6408
517 6473 6429
518 6473 6472 7525 7526 7526 7527
519 6473 6499
520 6473 6648
521 6473 6693
522 6473 6796
523 6473 6825
524 6473 7039 6592
525 6473 7204 6408 6528
526 6473 7205 7130
527 6473 7298
528 6473 7375
529 6473 7413 6855
530 6473 7545
531 6473 7546
532 6477 6991 7299
533 6478 6407 6591
534 6478 6411 6426
535 6478 6419
536 6478 6423 6488 6622 6623 6624
537 6478 6424 6560
538 6478 6429
539 6478 6462
540 6478 6462 6432
541 6478 6462 6593
542 6478 6463
543 6478 6479
544 6478 6505 6786
545 6478 6510
546 6478 6589 6523 6480
547 6478 6592
548 6478 6704
549 6478 6771
550 6478 6828 6829 6830
551 6478 6843
552 6480 6406
553 6480 6407
554 6480 6432 6555 7062
555 6480 6525 7100 6764 7101 7006 7102 7103
556 6480 6555
557 6480 6555 7051 7052 7053
558 6480 6560 6488
559 6480 6608 6446 6496
560 6480 6732
561 6480 6791 6555 7060 7061
562 6480 7057 7058
563 6480 7070
564 6481 6407 6602
565 6481 6411
566 6482 7045
567 6483 6484
568 6486 6406
569 6486 6407
570 6486 6407 7088 6448
571 6486 6429 6561
572 6486 6432 7298
573 6486 6446
574 6486 6499 6592
575 6486 6550 7364 7363
576 6486 6555
577 6486 6855
578 6486 6994 6995 6996 6997 6880 6406 6998
579 6486 7087
580 6486 7126
581 6486 7154 6771 6922 7155
582 6486 7168
583 6486 7214
584 6486 7216 7025 7217 7218
585 6486 7243 7244 6735
586 6486 7254
587 6486 7278 7142
588 6486 7316
589 6486 7403
590 6486 7451 6855
591 6488 6407
592 6488 6407 6555
593 6488 6407 6619
594 6488 6407 7167
595 6488 6528
596 6488 6549
597 6488 6569
598 6488 6581 6675 6496
599 6488 6622
600 6488 6622 6493
601 6488 6642
602 6488 6782 6783
603 6488 6791
604 6488 6799
605 6488 6832
606 6488 7007
607 6488 7138
608 6488 7225
609 6489 6490 6419 6491
610 6489 6490 6512
611 6490 6404 6549
612 6490 6446
613 6490 6510
614 6490 6510 6480
615 6490 6545 6546
616 6490 6582
617 6490 6586
618 6493 6407
619 6493 6429 6494
620 6493 6642 7024
621 6493 6704
622 6493 6771 6870
623 6495 6462
624 6495 6493
625 6495 6796
626 6495 6868
627 6496 6578
628 6496 6682 6856
629 6496 6846
630 6498 6429
631 6498 7065 6636
632 6499 6406 7414 7415 6991
633 6499 6407
634 6499 6407 6429
635 6499 6407 7249 7337
636 6499 6407 7322 7323 7324
637 6499 6408
638 6499 6408 6648
639 6499 6408 7394 7346
640 6499 6408 7422 6648
641 6499 6473
642 6499 6510 6648 7409 7410
643 6499 6523
644 6499 6550 6678
645 6499 6562
646 6499 6608 7346
647 6499 6855
648 6499 6878
649 6499 6964
650 6499 6987 7158 7206 7045 6559
651 6499 7091 6502 7298 6559 6562
652 6499 7407
653 6499 7408
654 6499 7412
655 6499 7427 6408 6486 7428
656 6499 7522
657 6499 7523
658 6505 6421
659 6505 6463
660 6506 6533
661 6506 6720
662 6508 6407 6617
663 6508 6426
664 6508 6428
665 6508 6428 6544 6407
666 6508 6478 6574 6478 6462 6590
667 6508 6478 6591
668 6508 6655 6656
669 6508 6730 6463
670 6509 6426
671 6510 6407
672 6510 6429
673 6510 6429 6407
674 6510 6429 6569
675 6510 6429 6705
676 6510 6429 6802
677 6510 6446
678 6510 6462
679 6510 6473
680 6510 6486
681 6510 6528
682 6510 6531 6429
683 6510 6550 6407
684 6510 6550 6407 7347
685 6510 6550 7297 7170
686 6510 6555
687 6510 6562
688 6510 6608
689 6510 6619
690 6510 6619 6488 7027
691 6510 6638 6789 6704 6790
692 6510 6667 6429
693 6510 6749
694 6510 6860 6682
695 6510 6868
696 6510 6888
697 6510 6956
698 6510 7008 6947
699 6510 7087 7088
700 6510 7205
701 6510 7221
702 6510 7222
703 6510 7249
704 6515 6462 6488
705 6515 6711 6938
706 6516 6574 6428 6569 6690
707 6517 6510 6771
708 6517 6889
709 6517 6934 6735 6482 6413 6464 6935
710 6519 6562 6563
711 6523 6755 6756
712 6523 7138 7139 7121
713 6525 6648
714 6526 6406 7507 6685
715 6528 6608 7260
716 6528 7205
717 6529 6550
718 6530 6429 6725
719 6530 6724
720 6531 6429
721 6531 6446
722 6531 6833
723 6531 7205
724 6531 7413 7508 7170
725 6532 6407 6462
726 6532 6535 6536
727 6534 6426
728 6538 6429 6407 7158
729 6538 6429 7273 6971
730 6538 6486
731 6538 6499 7519
732 6538 6825
733 6538 7204 7543
734 6538 7249 6486
735 6539 6696
736 6541 6401
737 6541 6408
738 6543 6439
739 6544 6407 6510
740 6544 6462
741 6544 6480
742 6544 6552
743 6544 6561
744 6544 6616
745 6544 6632
746 6544 6637
747 6544 6687 6836 6540
748 6548 6510 7389
749 6548 6643
750 6549 6462
751 6549 6765
752 6549 6784
753 6550 6406 6648
754 6550 6407
755 6550 6407 6562 7309
756 6550 6407 7244
757 6550 6408
758 6550 6429
759 6550 6429 6407
760 6550 6473
761 6550 6486
762 6550 6486 6592
763 6550 6499 7331
764 6550 6510
765 6550 6529 6648 6429 7304
766 6550 6531
767 6550 6562
768 6550 6577
769 6550 6648
770 6550 6648 6825
771 6550 6667
772 6550 6716
773 6550 6802 6855
774 6550 6825
775 6550 6825 6473
776 6550 6855
777 6550 6855 6473
778 6550 6964
779 6550 6971
780 6550 7039 7170 6446
781 6550 7301 7302 7303
782 6550 7306
783 6550 7311 6407 7312
784 6550 7313
785 6550 7314
786 6550 7320
787 6550 7330
788 6550 7332
789 6550 7361
790 6550 7363
791 6550 7373 7205 7374 7375 7376
792 6550 7377
793 6550 7478
794 6550 7497
795 6550 7520
796 6552 6407
797 6552 6424
798 6552 6462
799 6552 6510 6463
800 6552 6629
801 6552 6634 6426
802 6552 6777
803 6552 6816
804 6552 6982
805 6555 6406
806 6555 6406 6973 6837
807 6555 6406 7002 6997 6667
808 6555 6406 7069
809 6555 6407
810 6555 6413
811 6555 6429 7123 7124
812 6555 6432
813 6555 6446
814 6555 6462
815 6555 6473 6752
816 6555 6488
817 6555 6493
818 6555 6510
819 6555 6523
820 6555 6531 6429
821 6555 6561
822 6555 6578 6407 7000
823 6555 6608 6948
824 6555 6619
825 6555 6619 7045
826 6555 6667
827 6555 6752
828 6555 6759
829 6555 6833
830 6555 6837
831 6555 6864 7001
832 6555 6878
833 6555 6906
834 6555 6956
835 6555 6957 6719 6510
836 6555 6964
837 6555 6977 6406
838 6555 6990
839 6555 6998
840 6555 7007
841 6555 7012
842 6555 7020
843 6555 7030 6761 6486
844 6555 7056
845 6555 7091 6429 6752 6463 7141 6735 6787
846 6555 7127 6432
847 6555 7140
848 6555 7146
849 6558 6555
850 6559 6407
851 6559 6480
852 6559 6725
853 6559 7087
854 6562 6406
855 6562 6407
856 6562 6432
857 6562 6432 6845
858 6562 6480 6486 7054
859 6562 6550
860 6562 6553 7300
861 6562 6555
862 6562 6555 6406
863 6562 6825 6855
864 6562 6987
865 6562 7108
866 6562 7163 7468 7518
867 6562 7274 7276 7213 6614
868 6562 7294 7295
869 6562 7300
870 6568 6496
871 6569 6407
872 6569 6407 6749
873 6569 6510 6831
874 6569 6530 6407 6818 6496 6462 6824
875 6569 6555
876 6569 6559
877 6569 6621 6462 6463
878 6569 6671
879 6569 6674
880 6569 6678 7047 7048 6503 7049 6555
881 6569 6681 6831
882 6569 6711
883 6569 6719
884 6569 6749
885 6569 6774
886 6569 6787
887 6569 6821
888 6569 6821 6748
889 6570 6463 6429 6430 6571 6572
890 6572 6429
891 6572 7021
892 6572 7092
893 6574 6575
894 6574 6753
895 6575 6555 6797
896 6577 6725
897 6577 6825 6473
898 6578 6407 6739 6740 6741 6432 6742
899 6578 6429
900 6578 6478 6580 6581
901 6578 6488
902 6578 6510 6462 6839
903 6578 6581
904 6578 6647 6732
905 6578 7315
906 6581 6429
907 6581 6462
908 6581 6642
909 6581 6748
910 6581 6749 6814
911 6586 6587
912 6588 6424
913 6588 6462
914 6588 6595 6596
915 6588 6598
916 6588 6601
917 6589 6552
918 6591 6429
919 6592 6407
920 6592 6486
921 6595 6426 6429 6446
922 6597 6439 6407 6581
923 6597 6480
924 6597 6719
925 6597 7290
926 6599 6429 6609
927 6599 6649 6650
928 6599 6681 6940
929 6604 6504 6429 6605 6606
930 6607 6508 6608 6561
931 6608 6510
932 6608 6555
933 6608 6911
934 6608 6950 7040 7041
935 6608 6955
936 6608 7004 7005
937 6608 7050
938 6608 7250
939 6616 6432 6752
940 6616 6432 6771 7349 7350 7351 7352
941 6619 6426 6530 6550
942 6619 6429
943 6619 6429 6486 7105
944 6619 6432
945 6619 6462
946 6619 6486
947 6619 6486 7031
948 6619 6550
949 6619 6555
950 6619 6555 6407 7002 6881 7003
951 6619 6555 6562
952 6619 6562
953 6619 6586 6967
954 6619 6642 6406 6975 6555 6407 6503
955 6619 6678 7028
956 6619 6867 7142
957 6619 6941 6942 6943
958 6619 6948 6406
959 6619 6983
960 6619 6988
961 6619 7063
962 6621 6405
963 6621 6407
964 6621 6424 6429
965 6621 6429 6408
966 6621 6429 6462 6407 6647
967 6621 6474
968 6621 6486
969 6621 6519 6429 6510 6627
970 6621 6523 6628
971 6621 6552
972 6621 6661 6488
973 6621 6667
974 6621 6687 6688
975 6622 6405 6838 6505
976 6622 6429
977 6622 6429 6648
978 6622 6429 6776
979 6622 6446
980 6622 6480
981 6622 6549
982 6622 6575 6822
983 6622 6670 6575
984 6622 6749 6779
985 6622 6758
986 6622 6766
987 6622 6885
988 6622 6920
989 6622 6979
990 6626 6405 6429
991 6626 6462
992 6626 6578
993 6626 6621
994 6628 6630 6510
995 6630 6710
996 6631 6407 6510 6678
997 6633 6508
998 6635 6407
999 6635 6636
1000 6638 6705
1001 6639 6640 6496
1002 6642 6443 6407 6643 6644 6645
1003 6642 6463
1004 6642 6473
1005 6642 6488 6478 6767 6768
1006 6642 6493 6681
1007 6642 6647 6508
1008 6642 6652 6653 6654
1009 6642 6703 6408
1010 6642 6716
1011 6642 6804 6805
1012 6642 6965
1013 6642 7091
1014 6643 6407 6748
1015 6643 6429 6771
1016 6643 6429 6918 6919
1017 6643 6429 6964
1018 6643 6432 7090 7091
1019 6643 6446
1020 6643 6473
1021 6643 6486
1022 6643 6488 6837
1023 6643 6510
1024 6643 6568
1025 6643 6592 7422 6408 6862 6972
1026 6643 6749 6748
1027 6643 6906
1028 6643 7373
1029 6643 7524
1030 6645 6480
1031 6645 6542 6951
1032 6645 6645
1033 6648 6406
1034 6648 6446
1035 6648 6473
1036 6651 6506
1037 6651 6658 6530 6659 6660
1038 6652 6405
1039 6652 6429 6539 6664 6428 6560 6555 6665 6666
1040 6652 6668 6669
1041 6657 6506
1042 6667 6473
1043 6667 6486 7181 7182 7183 6957
1044 6667 6559
1045 6667 6592
1046 6667 6833
1047 6667 7091 6510 6408 6678
1048 6667 7192 6407
1049 6667 7207 6577
1050 6673 6486
1051 6673 6510
1052 6675 6407 6429 6488 6726 6727 6451 6562 6728
1053 6675 6621 6676
1054 6678 6406
1055 6678 6408
1056 6678 6555
1057 6678 6678
1058 6678 6964
1059 6679 6680
1060 6681 6432 6592
1061 6681 6505 6844 6845
1062 6681 6682
1063 6682 6407 6850
1064 6683 6516 6405 6569 6510
1065 6684 6407 6701
1066 6684 6429 6693 6694
1067 6684 6429 6825
1068 6687 6429 6407
1069 6687 6706 6707 6555
1070 6687 6719 6871
1071 6693 6446
1072 6694 6429
1073 6694 6486
1074 6694 6486 6429 7089 7238
1075 6694 6486 7170
1076 6695 6575 6757
1077 6696 6430 6569 6697 6698 6429 6407 6699 6692 6700
1078 6704 6407 6879
1079 6704 6429
1080 6704 6462
1081 6704 6510 6876 6877
1082 6704 6868 6869
1083 6704 6878
1084 6705 6523
1085 6705 6721
1086 6705 6748 6523 6775
1087 6708 6555 6802
1088 6708 6947
1089 6709 6407 7209 7210
1090 6709 6408
1091 6709 6429
1092 6709 6785
1093 6712 6429 6424 6569
1094 6713 6714
1095 6714 6407
1096 6714 6488 6550
1097 6715 6716
1098 6716 6407
1099 6716 6407 6550
1100 6716 6407 6614
1101 6716 6408
1102 6716 6429
1103 6716 6432
1104 6716 6432 6473
1105 6716 6486
1106 6716 6542
1107 6716 6562
1108 6716 6771 6592 7354 6486
1109 6716 6787 6503
1110 6716 6991
1111 6716 7101 6407
1112 6716 7204 6603
1113 6716 7205
1114 6716 7239
1115 6716 7288 6486 7289
1116 6716 7298
1117 6716 7338
1118 6716 7458
1119 6716 7494 7298 7495 7496
1120 6716 7554
1121 6720 6812
1122 6721 6405 6695
1123 6721 6429
1124 6721 6478
1125 6725 6406
1126 6725 7384
1127 6726 6597 6798
1128 6727 6510 6407 6833 6957 6880 6974 6798
1129 6732 6429
1130 6732 6588 6478 6616
1131 6732 6933
1132 6746 6747
1133 6748 6424
1134 6748 6429
1135 6748 6462 6474
1136 6748 6462 6771 6772
1137 6748 6510
1138 6748 6647 6725 6815 6486
1139 6748 6807 6808 6809
1140 6748 6810
1141 6748 6811
1142 6748 6894
1143 6749 6411 6681 6488
1144 6749 6462
1145 6749 6488 6426
1146 6749 6562
1147 6749 6569
1148 6749 6581 6769 6770
1149 6749 6817
1150 6749 6834
1151 6752 6559 7108 6871
1152 6752 6643
1153 6752 7171
1154 6760 6446 6480
1155 6761 6762
1156 6763 6764
1157 6768 6406
1158 6771 6406 6407
1159 6771 6407
1160 6771 6407 6881
1161 6771 6408
1162 6771 6429 7153 7060
1163 6771 6432
1164 6771 6446
1165 6771 6462 6957 6569
1166 6771 6488 6430
1167 6771 6493 6407
1168 6771 6499
1169 6771 6555
1170 6771 6619
1171 6771 6619 6407 6486
1172 6771 6648 6432
1173 6771 6725
1174 6771 6804
1175 6771 6881
1176 6771 6910
1177 6771 6958 6503
1178 6771 6964
1179 6771 6981
1180 6771 7018
1181 6771 7039 6473 7479
1182 6771 7091 6752 6407
1183 6771 7091 7149
1184 6771 7093
1185 6771 7205 7271
1186 6771 7224
1187 6771 7398 7399 7400 6408 7401
1188 6771 7413
1189 6772 6407
1190 6772 6426 6421
1191 6772 6771 6841
1192 6773 6748 6506
1193 6778 6670
1194 6780 6554
1195 6781 6407
1196 6789 6749 6806 6446
1197 6798 6407
1198 6798 6555 6948
1199 6798 6608 6486 6954
1200 6798 7064 6997
1201 6799 6682 6575
1202 6802 6406
1203 6802 6462 6803 6803 7223
1204 6802 7214
1205 6804 6406 6732 6993
1206 6804 6969
1207 6818 6761
1208 6818 6819 6805
1209 6820 6510
1210 6821 6925 6926 6787
1211 6825 6406 7445
1212 6825 6407 7362
1213 6825 6408
1214 6825 6429 7088
1215 6825 6446
1216 6825 6473
1217 6825 6862
1218 6825 6964 6562 6446
1219 6825 7039 7130
1220 6825 7146 7486 6408 6473 7487
1221 6825 7359 6855
1222 6825 7511
1223 6826 6748 6827
1224 6831 6681
1225 6832 6429
1226 6833 6406
1227 6833 6407
1228 6833 6429 6987
1229 6833 6855 6643
1230 6833 6964
1231 6833 7079
1232 6833 7127
1233 6833 7175 7505
1234 6833 7261 7262 7263
1235 6835 6681
1236 6837 6863 6408
1237 6840 6620 6718
1238 6848 6849
1239 6855 6406 7498 7499 6473
1240 6855 6407 6473
1241 6855 6408
1242 6855 6473
1243 6855 6550
1244 6855 6825 7503
1245 6855 7130
1246 6855 7204 6802
1247 6855 7298
1248 6855 7402
1249 6855 7448 7039
1250 6860 6408
1251 6862 6406 7140 6408 6538 6614 6528 7558
1252 6862 6550 7510 7477
1253 6862 6855
1254 6864 6429
1255 6864 6498
1256 6864 6555
1257 6866 6867
1258 6868 6446
1259 6868 6555 6936
1260 6868 6896
1261 6868 6937
1262 6868 6953
1263 6878 6510 7423 7424 6725 7419 6408 6614 7425 6648 6989
1264 6878 6616
1265 6878 7488 7489 7490
1266 6880 6429 6407
1267 6883 6732
1268 6886 6622
1269 6890 6406
1270 6890 6429
1271 6890 6718
1272 6891 6407
1273 6903 6904
1274 6906 7193
1275 6907 6432
1276 6907 6555 6978
1277 6911 6588 6916 6446
1278 6911 6912
1279 6911 6976
1280 6913 6914 6482 6915
1281 6921 6922 6923 6924
1282 6922 6429
1283 6922 6455 6555
1284 6922 7045
1285 6922 7100
1286 6922 7107
1287 6922 7113 7114 7115
1288 6922 7138
1289 6922 7144
1290 6922 7166 6486
1291 6923 6553
1292 6923 6725
1293 6923 6991
1294 6929 6429 6930 6505 6931 6932
1295 6939 6510
1296 6939 6555
1297 6941 6510
1298 6945 6946 6488 6947 6725
1299 6947 6406 6488
1300 6947 6446 6561
1301 6947 6619
1302 6947 6986
1303 6948 6406
1304 6948 6510
1305 6948 6947
1306 6948 7151
1307 6952 6732
1308 6955 6555
1309 6955 6959 6960
1310 6955 7258
1311 6958 6833 6961 6962
1312 6958 6948 6429
1313 6958 6963 6462
1314 6966 6691 6619
1315 6968 6608
1316 6970 6406
1317 6976 7030
1318 6979 7190 7191
1319 6980 6406
1320 6982 6406 6572
1321 6982 6517
1322 6982 6906 6608
1323 6984 6608 6985
1324 6989 6429 6561 6407 6802
1325 6989 7169 6486 6407
1326 6989 7177 6979
1327 6989 7193
1328 6989 7215
1329 6991 6429
1330 6991 6446 7275
1331 6991 6473
1332 6991 6553
1333 6991 6691 6473
1334 6991 6964 6499 7422
1335 6991 7279
1336 6991 7291
1337 6998 6863
1338 6998 6985
1339 7002 7091 7443 6735 6616 6473
1340 7002 7175 6429 7176 6407
1341 7006 6488 6704
1342 7024 6608
1343 7026 6486
1344 7029 6432
1345 7032 6482 6526
1346 7032 7030
1347 7033 6956 7035
1348 7033 7034
1349 7036 6406
1350 7036 7037 7038 6595
1351 7039 6407
1352 7039 6429
1353 7039 6446
1354 7039 6486
1355 7039 6555
1356 7039 6559 7097
1357 7039 6592
1358 7039 7205
1359 7039 7296 6407
1360 7039 7383
1361 7042 7043
1362 7044 6486
1363 7045 7091
1364 7045 7272
1365 7055 6406
1366 7055 6432 6462 7039
1367 7071 6432 7072
1368 7074 6432 6616
1369 7077 6881 7078
1370 7079 6406 6955
1371 7079 7136 6463 7137
1372 7083 6486
1373 7083 6562 7084
1374 7085 7086
1375 7087 6408
1376 7087 6429
1377 7087 7157
1378 7087 7167
1379 7089 6406
1380 7089 6863
1381 7091 6480
1382 7091 6486
1383 7091 6486 6407
1384 7091 6494 7106
1385 7091 6512
1386 7091 6555
1387 7091 6643 7224
1388 7091 6667
1389 7091 6716
1390 7091 6716 6446 6486
1391 7091 6802
1392 7091 7162
1393 7091 7236 7509 6648
1394 7094 7095 6407
1395 7096 6407
1396 7098 6555 6407
1397 7100 6577
1398 7104 6555
1399 7108 6406
1400 7108 6448
1401 7108 7131 6709 6407 7132 7133 7134
1402 7109 7110
1403 7111 6473
1404 7116 6922
1405 7117 6486 6432
1406 7125 6552
1407 7126 6922
1408 7129 6429
1409 7129 6787
1410 7130 6855
1411 7138 6432
1412 7138 6555
1413 7140 6406
1414 7144 6752
1415 7145 6802
1416 7146 6486
1417 7146 6510
1418 7146 6725 6499 7379 7380
1419 7146 7002
1420 7146 7039
1421 7146 7257
1422 7146 7292
1423 7146 7335
1424 7146 7454
1425 7146 7533
1426 7147 6833 7148
1427 7150 6486 6407
1428 7151 6752
1429 7151 7146
1430 7156 6486
1431 7162 6577
1432 7163 6429 6678 7233 7234 6587 7112 6880 7235
1433 7163 6473
1434 7163 6550 6648 7375
1435 7166 7146
1436 7166 7310
1437 7167 6486
1438 7172 6429 6608 6473
1439 7173 7174
1440 7177 6550 6429
1441 7178 6525
1442 7180 7143
1443 7185 6407 7186
1444 7185 6432
1445 7185 6446 6432 6407
1446 7185 7275 6861 6880
1447 7187 6407
1448 7188 7296
1449 7192 6407 6429
1450 7192 7161
1451 7193 6802
1452 7193 7194
1453 7193 7214 6407 7246 7247 6719 7248
1454 7195 6802 6432
1455 7196 6486 7198
1456 7196 7091 7197
1457 7205 6406
1458 7205 6408
1459 7205 6432 6825
1460 7205 6473
1461 7205 6550
1462 7205 6855
1463 7205 7090
1464 7205 7326 7327 7328
1465 7205 7386
1466 7208 6905
1467 7211 6802
1468 7212 7213
1469 7214 6407
1470 7218 7291
1471 7223 6408
1472 7224 6486
1473 7224 6957
1474 7224 7268
1475 7226 6531 6803 7227 7228 7229 7230 7231 7232
1476 7236 6429
1477 7240 6462 7241 7242
1478 7249 6408
1479 7249 6771 7291 7360
1480 7251 6716
1481 7252 6407
1482 7253 7033
1483 7255 6577 6478
1484 7255 7256
1485 7259 7211
1486 7264 7265
1487 7266 6559
1488 7267 7205
1489 7269 7270
1490 7274 6432
1491 7277 6429
1492 7280 6429 6691 7281 7282 6802 6613 7283 7284 6407 7285 6987
1493 7286 7287
1494 7290 6407
1495 7290 6735
1496 7290 7002 6550
1497 7290 7146 6878 7500 7462 7175 7501 6473 7502 6473
1498 7290 7319
1499 7291 6406 6802 7039 7001 6752 7204 6477 7366 7367 7368 7369 7160 7370 7371 7253 6614
1500 7291 6569 6432 7506
1501 7291 6955 7426 7091
1502 7291 6987
1503 7291 7091
1504 7291 7353
1505 7291 7387 6408
1506 7298 6473
1507 7298 7389 7485
1508 7307 7308
1509 7317 7318
1510 7319 6499
1511 7319 6528
1512 7319 6716
1513 7319 7167 6408
1514 7321 7100
1515 7329 6716
1516 7333 6432 7334
1517 7333 6510
1518 7333 7455 7146 7456 7457
1519 7336 6429
1520 7342 6822
1521 7343 6833 6472 7039 6510 6979 7344 7345
1522 7365 6550
1523 7375 7473
1524 7377 6406 6510
1525 7380 6531
1526 7381 6802 6406
1527 7382 6608 6432
1528 7383 7205
1529 7384 7429 7430 6587 7419 6510 7431
1530 7385 6406
1531 7388 6768
1532 7389 6406
1533 7389 6446
1534 7389 6971
1535 7392 6825
1536 7392 7393
1537 7395 6608 6432
1538 7396 7397
1539 7412 6407
1540 7412 7446 6408 7447 6486 6735
1541 7413 6473
1542 7413 6486
1543 7413 7193 6486
1544 7418 6408
1545 7430 6648 6408
1546 7430 6825
1547 7438 7439 7091
1548 7441 6408
1549 7444 6446 6429 6486 6559
1550 7459 6486
1551 7460 7461 7462 7463 7464 7465
1552 7466 6446
1553 7466 6550
1554 7466 7170
1555 7467 7383 6550
1556 7468 6667
1557 7475 7476 7477
1558 7479 6408 6406 6608
1559 7483 6550 6446 6569 7466 7484
1560 7491 7146 7204 7492 7493
1561 7523 6473
1562 7523 6716
1563 7523 7553 6473
1564 7529 7530
1565 7531 7428
1566 7534 7298
1567 7535 7536 6406 7537
1568 7538 7146 6408
1569 7539 6446
1570 7540 7523 6538 6648 7101 7514 7541 7542
1571 7544 6667 7523 6473
1572 7548 6446 6587 7365 7549 7550 7391 7551 7552 7535 6863
1573 7559 6406
1574 7560 7561 7298 7562
