0 9 47 9 9 7 170 9 47 87 
1 9 9 456 6 9 79 9 9 9 170 33 9 47 9 8 9 
2 87 33 9 30 9 170 9 87 87 6 87 479 720 9 1153 
3 170 9 87 565 702 116 7 9 6 170 87 885 9 
4 9 30 9 9 47 6 9 170 6 9 9 9 47 
5 9 33 6 8 244 47 9 30 6 47 6 6 9 9 
6 9 135 1153 47 170 30 9 9 9 9 9 6 9 6 
7 47 87 79 9 9 33 6 6 9 
8 1153 9 1058 9 170 9 929 9 170 6 6 70 30 9 33 9 
9 33 87 30 30 9 132 30 9 9 6 9 
10 30 9 8 6 1153 170 9 71 87 9 87 33 
11 74 9 9 9 30 9 9 9 6 9 89 9 9 
12 30 30 9 6 9 156 170 8 929 87 116 
13 87 9 87 87 6 6 9 30 87 9 47 124 9 
14 47 9 9 243 7 30 9 47 9 170 9 170 170 6 6 9 
15 63 1153 170 336 87 702 148 9 9 9 9 9 9 179 9 
16 156 30 9 9 9 87 9 170 720 479 8 9 9 1153 
17 9 9 9 9 30 6 249 9 87 9 9 9 9 170 1153 
18 30 809 9 30 9 9 9 132 151 
19 30 1153 33 30 9 9 30 87 9 9 1153 9 
20 79 399 9 47 160 170 30 6 929 6 9 6 47 47 
21 558 9 1153 33 47 481 6 87 30 6 87 47 9 
22 30 33 30 132 30 30 9 9 30 1153 459 620 9 30 6 170 
23 87 9 30 9 9 87 30 295 70 367 170 
24 87 170 87 9 9 9 9 6 6 9 9 481 9 
25 8 87 87 79 6 87 8 47 9 132 9 6 87 580 9 
26 9 30 244 9 9 1153 170 170 170 170 9 87 6 47 
27 9 714 9 249 9 6 30 9 47 30 170 162 459 220 33 6 9 
28 94 9 170 9 1153 9 87 8 244 9 243 9 30 9 6 9 
29 8 33 9 7 47 135 9 87 170 87 9 47 6 404 
30 87 9 47 8 929 9 6 9 
31 30 9 9 1153 116 47 9 30 87 87 33 9 9 9 87 89 
32 9 111 8 9 423 9 244 244 6 9 9 9 170 
33 9 30 9 30 74 170 30 929 132 63 6 9 87 6 
34 170 549 1153 6 47 63 116 9 47 
35 8 9 33 481 9 33 9 87 30 9 47 87 6 6 
36 9 9 9 9 33 9 87 6 220 6 295 
37 9 156 1153 9 9 9 87 9 6 702 87 87 163 9 9 9 9 
38 87 6 63 20 87 9 6 87 9 9 6 
39 47 9 1153 9 9 9 9 47 6 6 87 6 47 8 9 9 47 9 
40 63 63 63 9 87 9 79 6 8 9 87 127 63 9 6 
41 132 6 9 47 9 929 9 9 675 87 30 47 6 30 9 
42 163 8 87 295 30 6 47 170 6 70 170 87 8 30 87 
43 9 9 692 9 9 546 6 33 307 170 47 
44 87 353 170 9 87 9 9 74 295 295 9 47 
45 47 170 9 9 9 47 
46 30 87 9 850 9 170 9 6 9 8 310 33 
47 87 30 9 9 6 30 885 244 9 87 9 6 70 9 6 
48 9 87 349 30 170 30 47 9 1086 156 
49 9 9 1153 9 30 47 9 170 87 87 9 33 223 6 47 132 8 
50 30 9 9 30 9 87 47 116 124 9 87 929 
51 9 9 30 30 456 9 9 6 30 9 9 9 47 
52 9 170 9 9 9 47 132 6 9 9 6 1153 
53 87 9 132 9 9 170 47 9 974 30 254 1153 9 
54 9 9 63 87 9 87 87 9 690 30 399 
55 6 87 709 9 30 6 47 6 8 295 9 30 702 33 6 
56 87 6 30 481 6 481 30 9 170 116 8 33 
57 9 9 9 33 9 9 9 30 9 170 9 6 960 30 
58 30 9 625 9 47 6 170 9 87 349 9 81 9 9 
59 537 537 9 9 33 87 9 47 30 6 9 163 33 
60 9 9 132 456 6 9 9 7 9 372 170 1153 
61 966 9 9 8 9 9 6 9 8 9 9 196 
62 87 8 87 30 244 9 9 87 9 9 6 47 87 47 9 132 
63 87 8 8 47 87 8 9 47 87 9 87 9 9 
64 8 30 30 1153 6 9 9 929 598 9 170 87 9 87 30 9 170 
65 87 30 47 9 9 6 9 9 87 132 33 87 9 
66 74 9 9 63 9 170 249 170 9 87 9 
67 481 392 30 170 8 87 33 30 30 132 79 243 8 170 30 
68 9 7 456 30 295 87 9 9 87 8 47 87 30 8 8 170 
69 87 9 9 87 9 170 929 30 47 244 9 6 9 9 9 87 
70 6 30 170 9 9 178 9 9 9 105 33 6 9 9 
71 8 116 87 9 702 929 9 87 9 163 30 9 9 30 9 
72 9 6 9 9 9 47 151 456 6 9 47 9 170 
73 6 558 47 9 9 6 9 87 6 9 87 
74 9 30 1153 1153 9 9 9 9 87 9 9 9 9 
75 47 9 30 9 1153 456 9 9 170 170 9 9 9 9 
76 79 161 8 87 6 87 9 598 87 156 6 6 6 87 47 
77 9 9 9 30 929 30 87 9 87 30 47 87 132 9 
78 6 33 87 33 78 9 9 47 9 9 87 8 9 1153 8 30 
79 9 1027 9 30 87 9 30 9 47 9 8 94 9 30 7 
80 9 170 9 244 47 170 63 9 9 6 47 6 33 9 
81 9 9 244 6 116 33 9 9 9 9 885 196 
82 9 33 87 132 6 317 87 87 30 6 87 960 132 
83 74 9 9 132 33 9 9 9 87 
84 8 9 481 87 87 37 9 8 295 
85 9 87 33 30 170 9 6 87 9 9 30 170 30 
86 9 87 30 9 9 459 6 9 30 9 33 105 9 9 
87 9 9 9 244 9 6 8 9 9 6 6 30 438 372 87 8 
88 30 47 6 30 7 9 30 9 6 620 33 105 6 9 307 
89 9 9 9 9 9 9 9 47 30 70 87 9 33 9 9 9 367 
90 9 9 9 132 9 9 9 30 1153 372 6 63 9 7 9 9 
91 9 97 9 9 6 9 87 378 6 87 9 9 9 
92 30 9 9 30 64 47 151 481 9 9 87 30 132 132 
93 30 9 1153 105 9 9 163 9 9 87 6 1153 
94 87 9 9 9 30 170 6 87 9 47 9 145 9 
95 87 6 9 9 9 8 9 6 9 170 307 170 
96 33 87 9 9 47 9 8 9 844 63 
97 87 9 9 9 9 9 9 170 8 9 9 87 6 87 9 87 
98 295 9 9 625 9 30 170 1153 9 9 9 124 
99 70 9 6 9 223 9 30 9 87 9 9 9 
100 170 9 87 151 9 33 87 87 170 9 127 33 87 9 9 
101 87 30 30 6 223 6 9 47 33 306 6 
102 9 9 9 9 9 87 9 9 9 6 87 702 9 33 
103 87 87 9 47 9 87 558 6 654 9 170 8 87 
104 9 709 9 9 6 9 8 70 9 6 6 6 9 
105 170 9 87 170 132 47 9 87 1153 9 244 6 9 9 6 9 
106 7 170 9 170 243 54 1153 9 6 9 
107 9 87 47 87 9 30 33 9 33 87 9 1124 
108 87 9 6 132 30 9 8 70 9 1153 
109 87 47 9 33 87 87 30 9 9 47 9 
110 163 33 9 6 132 87 106 9 170 
111 9 9 456 423 30 6 9 9 7 9 9 9 30 9 
112 9 9 30 309 9 8 9 9 9 30 47 244 47 
113 9 87 87 89 779 78 6 30 532 
114 9 87 9 9 
115 1153 1153 9 116 336 1153 9 116 87 47 6 9 9 9 8 124 
116 87 1153 47 9 702 598 6 170 786 9 87 170 87 372 9 
117 9 63 87 6 9 948 
118 8 87 30 170 30 9 9 87 6 30 9 87 
119 714 30 9 9 1153 9 87 47 9 30 33 
120 9 9 63 9 9 8 9 6 9 654 87 317 9 9 
121 9 7 87 47 87 9 33 78 9 929 6 
122 885 47 9 702 9 9 9 9 170 9 33 9 33 
123 9 9 33 87 1153 6 9 1153 9 87 9 87 6 558 33 70 
124 9 9 151 30 9 9 70 87 87 6 646 9 
125 1153 9 111 8 9 9 87 9 9 806 9 8 30 9 30 
126 9 9 9 310 87 6 6 9 8 9 9 
127 9 9 9 87 9 8 6 9 87 87 9 1153 
128 87 9 9 6 9 87 170 6 8 9 
129 111 30 565 885 96 8 47 747 30 646 9 87 87 87 244 87 713 
130 87 9 9 6 87 33 87 170 249 9 9 30 9 
131 9 244 9 6 9 9 9 9 9 79 371 30 170 7 
132 170 94 9 844 9 87 47 33 33 535 30 9 9 87 
133 30 87 9 132 
134 87 87 87 9 9 336 6 9 8 9 9 30 469 6 279 132 9 30 
135 9 9 33 170 6 306 33 30 132 9 9 307 
136 30 9 9 6 87 9 132 87 9 9 9 6 47 8 170 
137 78 701 170 33 30 30 30 170 9 33 30 47 1064 
138 87 163 9 170 9 30 9 702 9 163 
139 885 8 87 9 6 7 9 9 295 9 9 9 30 9 
140 9 9 87 9 170 47 9 9 8 9 87 9 9 
141 30 10 87 33 87 10 9 170 9 9 87 9 9 
142 87 244 63 6 9 6 9 87 9 87 9 
143 9 702 78 6 30 9 87 170 9 152 132 
144 47 438 9 163 47 9 87 709 6 9 9 
145 6 565 6 9 295 9 47 170 6 9 9 6 
146 8 63 481 9 47 87 9 30 9 
147 9 9 9 87 87 6 170 9 9 30 30 87 30 9 9 
148 30 87 30 9 87 9 9 9 6 9 87 70 87 9 
149 47 9 9 47 6 30 456 47 9 6 9 9 
150 885 132 170 47 6 9 87 1153 87 222 196 132 6 9 116 6 
151 132 1153 9 1153 30 9 30 30 111 9 9 9 9 70 6 
152 47 87 9 47 47 244 9 9 47 8 929 974 
153 1153 8 30 170 1153 9 9 9 598 9 9 9 33 9 170 
154 9 47 9 1153 9 9 6 232 6 9 170 885 
155 220 9 6 9 459 
156 9 47 87 87 79 30 9 30 9 9 9 6 30 
157 132 9 30 9 87 1153 9 87 9 9 9 87 9 145 9 9 
158 9 9 47 33 9 9 9 9 30 6 
159 9 9 6 111 8 81 9 307 
160 30 9 9 1153 9 9 87 87 244 170 
161 30 9 33 222 87 163 456 439 9 87 692 
162 9 47 132 6 30 170 9 456 30 9 
163 151 9 33 9 47 6 974 1153 170 929 47 9 
164 9 1153 9 30 132 47 9 116 9 87 1153 70 47 87 47 
165 87 170 47 170 87 9 9 372 9 87 9 47 9 
166 9 9 47 9 481 9 9 6 9 87 9 885 9 
167 30 9 33 8 47 9 87 9 9 
168 9 132 30 9 87 646 6 87 132 9 9 1153 
