0 8 8 8 100 7 8 8 806 8 
1 8 8 100 8 7 79 8 8 8 8 156 8 30 8 8 1025 
2 87 30 8 8 8 8 8 8 8 8 8 747 719 8 966 
3 217 340 151 565 8 8 7 8 8 170 8 8 8 
4 8 8 8 8 30 876 8 8 8 8 8 30 8 
5 8 30 8 8 244 83 9 220 8 8 8 8 8 8 
6 161 8 966 8 8 8 8 8 8 8 100 8 8 8 
7 47 8 305 8 8 8 8 8 8 
8 8 8 1058 8 876 8 8 8 8 8 8 8 30 9 340 8 
9 7 794 30 806 8 8 8 8 8 8 8 
10 8 8 8 8 8 8 8 100 8 8 8 7 
11 74 623 8 8 8 8 8 8 8 8 89 220 8 
12 100 30 8 8 8 156 8 8 8 8 8 
13 83 8 8 8 8 8 8 8 8 100 806 124 8 
14 8 8 8 30 7 30 8 100 8 8 8 8 8 8 8 8 
15 8 8 8 30 8 8 148 8 8 30 8 8 8 8 8 
16 156 8 8 8 8 8 88 8 719 747 8 283 8 966 
17 8 30 8 8 8 88 151 8 8 8 8 407 8 83 8 
18 30 809 8 30 8 283 8 8 151 
19 30 8 217 8 8 276 30 8 8 8 8 8 
20 151 8 8 30 100 8 30 8 929 8 8 296 8 8 
21 320 8 8 100 8 8 8 806 100 8 8 806 8 
22 8 8 30 8 30 8 8 8 30 197 30 8 8 30 8 170 
23 8 8 30 8 8 8 8 371 8 8 549 
24 8 8 8 8 8 83 8 8 8 83 8 8 7 
25 8 794 8 225 8 8 8 8 8 8 8 8 8 8 161 
26 8 30 8 8 83 8 8 8 8 8 8 8 8 8 
27 8 8 8 976 8 8 305 8 7 8 8 162 30 220 8 8 8 
28 94 8 8 8 8 8 8 8 244 88 8 8 8 83 8 8 
29 8 107 8 7 8 8 8 8 8 8 8 8 8 404 
30 8 8 8 8 929 8 8 8 
31 8 8 8 8 8 100 8 8 8 8 8 8 8 549 8 89 
32 8 111 8 8 8 8 244 8 8 8 8 8 8 
33 8 30 8 100 74 8 8 8 1109 63 8 30 161 8 
34 8 549 8 549 30 305 8 8 30 
35 8 8 100 8 8 8 876 8 30 8 8 8 8 8 
36 8 8 8 8 565 8 8 8 220 8 371 
37 8 156 8 8 8 8 8 156 8 8 8 8 151 8 8 8 283 
38 8 8 63 8 8 8 8 8 8 371 876 
39 83 8 8 8 8 8 8 47 8 88 8 8 8 8 8 8 8 8 
40 8 8 8 8 8 8 8 8 8 8 8 306 8 8 8 
41 8 8 9 30 8 8 8 8 217 8 30 8 8 8 806 
42 220 8 88 8 30 8 47 170 8 8 8 8 8 30 30 
43 8 8 129 8 8 1025 8 33 307 8 565 
44 8 156 8 8 8 8 8 74 371 8 8 8 
45 8 170 8 8 8 8 
46 30 8 83 100 8 8 8 8 1025 8 8 220 
47 283 8 8 8 88 8 8 8 8 8 283 8 8 8 8 
48 8 87 111 30 876 161 8 565 1086 156 
49 8 8 8 8 305 47 8 8 8 8 8 8 223 8 8 8 8 
50 30 8 8 8 8 8 30 8 124 1025 8 8 
51 161 8 30 30 151 8 8 8 8 30 8 8 8 
52 151 8 8 8 8 8 8 549 549 8 8 197 
53 8 8 8 8 8 876 47 1025 977 100 253 8 8 
54 8 8 63 8 8 8 8 8 690 8 8 
55 8 8 735 8 8 8 47 8 8 8 8 8 8 217 296 
56 100 8 100 8 8 8 8 565 8 565 8 33 
57 7 1025 8 8 8 8 8 30 794 8 8 8 8 30 
58 30 8 30 8 47 8 8 8 8 349 8 81 8 1025 
59 305 156 8 8 8 8 1047 47 806 8 30 8 30 
60 8 8 8 100 8 8 8 7 8 8 8 197 
61 966 8 8 8 8 8 8 8 8 8 8 197 
62 8 8 8 8 217 549 8 8 1025 8 8 47 8 47 8 8 
63 8 8 8 100 8 8 30 1008 8 283 8 8 8 
64 8 30 8 8 8 8 8 8 8 8 170 8 8 83 8 8 100 
65 8 8 47 1025 30 8 8 8 8 8 33 87 283 
66 74 8 8 63 8 876 249 8 8 8 8 
67 8 8 30 8 8 8 340 8 30 8 8 8 8 8 8 
68 340 7 8 8 8 8 8 8 8 8 8 8 30 8 8 100 
69 8 8 8 8 8 8 8 30 7 8 8 8 8 8 8 8 
70 8 30 876 8 8 220 876 8 8 105 100 8 8 8 
71 8 8 8 8 8 8 8 8 8 100 30 283 30 8 8 
72 8 8 100 549 8 8 151 100 8 9 8 8 30 
73 8 30 8 8 8 8 8 8 8 8 8 
74 8 8 8 8 8 8 8 8 852 8 83 8 8 
75 8 8 8 8 8 456 8 8 8 283 8 9 283 8 
76 79 161 8 8 8 8 876 8 8 156 876 8 8 8 8 
77 8 8 8 100 8 8 8 8 549 8 8 8 8 8 
78 8 8 88 33 8 8 8 30 100 8 8 8 8 197 8 8 
79 8 556 8 30 8 8 8 8 8 8 8 94 8 30 7 
80 8 8 8 30 30 8 326 8 8 8 8 8 30 8 
81 296 8 8 8 8 220 8 8 8 8 8 197 
82 8 100 8 8 8 317 8 8 30 8 825 8 8 
83 74 30 8 151 178 920 8 8 8 
84 8 8 8 8 8 8 825 8 8 
85 623 8 8 30 876 161 296 8 8 8 8 30 30 
86 8 8 8 8 8 30 8 8 100 8 8 105 8 8 
87 8 8 8 8 8 88 8 30 8 8 8 30 438 8 283 8 
88 8 8 8 30 7 1025 30 8 8 8 100 105 8 30 307 
89 8 8 8 8 9 549 8 47 8 8 794 8 217 8 8 8 8 
90 8 30 8 8 8 92 1025 8 197 8 8 8 8 7 8 8 
91 8 276 8 7 8 8 8 378 8 8 8 8 8 
92 30 8 8 30 64 8 151 8 8 8 1003 8 8 8 
93 30 83 8 8 8 8 163 8 8 8 8 197 
94 8 30 8 8 30 8 876 794 8 47 8 145 8 
95 8 8 622 8 8 8 8 8 8 8 307 30 
96 8 8 8 8 8 8 8 8 8 326 
97 100 8 296 47 8 8 8 8 8 8 8 8 296 8 8 100 
98 8 8 8 30 8 8 8 8 8 549 8 124 
99 8 8 8 1025 223 8 30 30 8 197 8 8 
100 7 8 8 151 8 8 8 8 8 8 306 220 87 8 8 
101 8 30 30 8 223 8 794 8 30 306 8 
102 30 8 100 30 8 8 549 8 8 8 8 8 8 8 
103 8 8 8 8 33 8 30 8 8 8 8 8 8 
104 8 735 8 8 8 8 8 8 8 8 8 8 8 
105 8 8 8 8 8 8 8 8 283 8 100 8 8 8 8 30 
106 7 8 8 283 30 8 8 8 8 8 
107 8 8 8 8 8 8 100 8 30 8 876 1124 
108 8 8 8 8 30 8 8 8 8 197 
109 8 8 9 30 8 8 30 100 8 8 8 
110 8 8 8 8 8 8 445 8 8 
111 8 8 8 8 30 8 100 8 7 8 30 8 8 8 
112 8 8 8 8 8 8 100 8 8 8 8 30 8 
113 8 8 8 89 779 7 8 30 532 
114 8 8 8 8 
115 966 8 8 8 30 966 8 8 8 8 876 8 8 8 8 124 
116 8 8 8 8 8 8 8 8 8 8 8 8 8 8 8 
117 30 305 8 30 8 8 
118 8 8 8 8 8 8 8 8 8 30 9 8 
119 8 30 8 8 8 8 806 47 8 8 30 
120 1159 8 63 825 8 8 8 8 9 8 8 317 8 100 
121 8 7 8 8 8 8 8 7 8 8 8 
122 8 8 8 8 8 876 8 8 8 8 8 9 100 
123 8 8 33 8 8 8 8 197 8 8 8 782 8 558 33 122 
124 8 30 151 806 8 8 8 8 8 8 161 8 
125 8 8 111 8 8 8 8 8 30 806 8 8 8 83 8 
126 83 340 47 310 794 8 549 8 8 8 8 
127 8 8 9 47 8 8 88 8 317 8 8 8 
128 8 8 8 296 8 8 8 8 8 30 
129 111 30 565 8 8 8 8 747 30 8 8 8 8 8 8 8 8 
130 8 1025 8 8 8 7 8 283 7 283 30 30 8 
131 8 217 8 8 8 8 8 8 8 225 371 30 83 7 
132 217 94 8 30 8 8 8 8 30 83 30 8 8 8 
133 8 8 8 8 
134 8 8 8 8 8 30 8 8 8 8 8 8 469 8 279 8 8 8 
135 296 876 30 8 30 306 30 8 8 8 876 307 
136 8 8 8 88 8 8 8 8 8 549 8 8 8 8 8 
137 8 701 876 317 30 30 8 513 876 8 30 8 1066 
138 8 8 8 8 83 8 8 161 8 163 
139 8 8 8 8 8 7 8 8 371 8 8 8 8 8 
140 340 8 8 8 8 8 8 8 8 8 8 8 8 
141 30 10 8 8 8 10 30 283 8 8 30 8 30 
142 8 100 63 8 8 8 8 8 8 8 8 
143 7 607 7 8 30 8 8 8 8 83 8 
144 8 151 296 220 47 8 8 8 8 8 8 
145 8 565 549 83 30 8 217 8 8 8 8 296 
146 8 63 8 806 549 8 8 30 8 
147 8 8 1058 30 1058 8 8 8 8 8 30 8 100 30 8 
148 8 8 305 8 8 8 8 30 8 8 8 8 8 8 
149 771 30 161 771 8 30 456 8 8 8 8 8 
150 8 8 8 8 8 8 8 197 8 222 196 8 8 8 565 8 
151 8 8 8 8 30 8 8 777 111 8 8 966 8 8 8 
152 8 8 8 8 8 30 549 283 549 8 8 977 
153 8 8 8 8 8 8 8 8 8 8 8 8 892 8 8 
154 8 47 8 8 8 8 8 156 8 8 100 8 
155 220 8 8 8 30 
156 8 47 549 8 79 30 1025 30 8 8 8 8 100 
157 8 8 8 549 8 197 30 8 30 7 8 161 8 145 8 8 
158 8 8 7 33 8 100 100 8 220 876 
159 8 8 8 111 8 81 1025 307 
160 8 8 8 8 8 8 8 8 244 8 
161 30 8 8 222 794 163 100 27 8 8 111 
162 9 83 656 8 30 876 1025 8 8 8 
163 151 1025 30 8 8 8 977 8 83 8 8 8 
164 8 8 283 8 8 8 8 8 8 283 197 8 8 283 8 
165 8 8 8 839 8 8 8 372 30 244 1025 8 8 
166 8 8 8 283 8 8 8 8 8 8 8 8 8 
167 8 100 8 8 100 1047 8 8 8 
168 8 8 8 8 8 8 8 806 8 283 8 197 
