0 8 8 8 100 7 8 8 30 8 
1 8 8 100 8 7 79 8 8 8 8 156 8 30 8 8 8 
2 87 30 30 30 30 30 30 30 30 30 8 33 30 30 30 
3 30 8 151 565 8 8 7 8 8 170 8 8 8 
4 30 30 30 30 30 30 30 30 30 30 30 30 30 
5 30 30 30 8 30 83 9 30 30 30 30 30 30 30 
6 8 8 30 8 8 8 8 8 8 8 8 8 8 8 
7 47 8 305 8 8 8 8 8 8 
8 8 8 747 8 8 8 8 8 8 8 8 8 30 9 8 8 
9 7 30 30 30 30 30 30 30 30 30 30 
10 8 8 8 8 8 8 8 8 8 8 8 7 
11 74 8 8 8 8 8 8 8 8 8 89 220 8 
12 8 30 8 8 8 156 8 8 8 8 8 
13 8 8 8 8 8 8 8 8 8 100 30 124 8 
14 8 8 8 30 7 30 8 8 8 8 8 8 8 8 8 8 
15 8 8 8 30 8 8 2 8 8 30 8 8 8 8 8 
16 156 30 30 30 30 30 30 30 30 33 8 30 30 30 
17 30 30 30 30 30 30 151 30 30 30 30 30 30 30 30 
18 30 506 30 30 30 30 30 30 151 
19 30 30 30 30 30 30 30 30 8 30 30 30 
20 151 8 8 30 8 8 30 8 8 8 8 8 8 8 
21 320 8 8 8 8 8 8 7 8 8 8 30 8 
22 30 30 30 30 30 30 30 30 30 30 30 30 30 30 30 170 
23 30 30 30 30 30 30 30 30 30 30 30 
24 8 8 8 8 8 8 8 8 8 8 8 8 7 
25 8 8 8 79 8 8 8 8 8 8 8 8 8 8 8 
26 8 30 8 8 8 8 8 8 8 8 8 8 8 8 
27 8 8 8 151 8 8 8 8 7 8 8 162 30 220 8 8 8 
28 94 8 8 8 8 8 8 8 244 8 8 8 8 8 8 8 
29 8 33 8 7 8 8 8 8 8 8 8 8 8 404 
30 8 8 8 8 8 8 8 8 
31 30 30 30 30 30 30 30 30 30 30 30 30 30 30 30 89 
32 8 111 8 8 8 8 244 8 8 8 8 8 8 
33 8 30 30 30 74 30 30 30 30 63 30 30 30 30 
34 30 549 30 30 30 305 30 30 30 
35 8 8 8 8 8 8 8 8 30 8 8 8 8 8 
36 8 8 8 8 8 8 8 8 220 8 8 
37 8 156 8 8 8 8 8 156 8 8 8 8 151 8 8 8 8 
38 8 8 63 8 8 8 8 8 8 8 8 
39 8 8 8 8 8 8 8 47 8 8 8 8 8 8 8 8 8 8 
40 8 8 8 8 8 8 8 8 8 8 8 30 8 8 8 
41 30 30 9 30 30 30 30 30 30 30 30 30 30 30 7 
42 30 8 8 30 30 30 47 170 30 30 30 30 8 30 30 
43 8 8 692 8 8 8 8 33 156 8 565 
44 8 156 8 8 8 8 8 74 8 8 8 8 
45 8 170 8 8 8 8 
46 30 8 8 8 8 8 8 8 8 8 8 220 
47 8 8 8 8 8 8 8 8 8 8 8 8 8 8 8 
48 30 87 111 30 30 30 30 565 990 156 
49 8 8 8 8 8 47 8 8 8 8 8 8 89 8 8 8 8 
50 30 30 30 30 30 30 30 30 124 30 30 30 
51 161 30 30 30 151 30 30 30 30 30 30 30 30 
52 151 8 8 8 8 8 8 8 8 8 8 8 
53 30 30 30 30 30 30 47 30 30 30 253 30 30 
54 8 8 63 8 8 8 8 8 690 8 8 
55 8 8 8 8 8 8 47 8 8 8 8 8 8 7 8 
56 8 8 100 8 8 8 8 8 8 8 8 33 
57 7 8 8 8 8 8 8 30 794 8 8 8 8 30 
58 30 30 30 30 47 30 30 30 30 349 30 81 30 30 
59 305 156 8 8 8 8 8 47 30 8 30 8 30 
60 8 8 8 100 8 8 8 7 8 8 8 8 
61 151 8 8 8 8 8 8 8 8 8 8 8 
62 8 8 8 8 8 8 8 8 8 8 8 47 8 47 8 8 
63 8 8 8 8 8 8 30 8 8 8 8 8 8 
64 8 30 8 8 8 8 8 8 8 8 170 8 8 8 8 8 100 
65 30 30 47 30 30 30 30 30 30 30 33 87 30 
66 74 8 8 63 8 8 249 8 8 8 8 
67 8 8 30 8 8 8 8 8 30 8 8 8 8 8 8 
68 8 7 8 8 8 8 8 8 8 8 8 8 30 8 8 8 
69 30 30 30 30 30 30 30 30 7 30 30 30 30 30 30 30 
70 30 30 30 30 30 220 30 30 30 105 30 30 30 30 
71 8 8 8 8 8 8 8 8 8 8 30 8 30 8 8 
72 30 30 30 30 30 30 151 100 30 9 30 30 30 
73 8 30 8 8 8 8 8 8 8 8 8 
74 8 8 8 8 8 8 8 8 8 8 8 8 8 
75 8 8 8 8 8 456 8 8 8 8 8 9 8 8 
76 79 8 8 8 8 8 8 8 8 156 8 8 8 8 8 
77 8 8 8 8 8 8 8 8 8 8 8 8 8 8 
78 8 8 8 33 8 8 8 30 8 8 8 8 8 8 8 8 
79 30 692 30 30 30 30 30 30 30 30 8 94 30 30 7 
80 30 30 30 30 30 30 326 30 8 30 30 30 30 30 
81 8 8 8 8 8 220 8 8 8 8 8 8 
82 8 8 8 8 8 317 8 8 30 8 8 8 8 
83 74 30 30 151 79 9 30 30 30 
84 8 8 8 8 8 8 244 8 8 
85 30 8 30 30 30 30 30 30 30 30 30 30 30 
86 30 30 30 30 30 30 30 30 30 30 30 105 30 30 
87 8 8 8 8 8 8 8 30 8 8 8 30 438 8 8 8 
88 30 30 30 30 7 8 30 30 30 30 30 105 30 30 156 
89 8 8 8 8 9 8 8 47 8 8 8 8 33 8 8 8 8 
90 8 30 8 8 8 8 8 8 8 8 8 8 8 7 8 8 
91 8 276 8 7 8 8 8 7 8 8 8 8 8 
92 30 30 30 30 64 30 151 30 30 30 151 30 30 30 
93 30 8 8 8 8 8 163 8 8 8 8 8 
94 111 111 111 111 30 111 111 111 111 47 111 145 111 
95 8 8 8 8 8 8 8 8 8 8 156 30 
96 8 8 8 8 8 8 8 8 8 326 
97 100 8 8 47 8 8 8 8 8 8 8 8 8 8 8 100 
98 8 8 8 30 8 8 8 8 8 8 8 124 
99 30 8 30 30 223 30 30 30 30 30 30 30 
100 7 30 30 151 30 30 30 30 30 30 30 220 87 30 30 
101 30 30 30 30 223 30 83 8 30 30 30 
102 30 30 30 30 30 30 30 8 30 30 30 30 30 30 
103 8 8 8 8 33 8 30 8 8 8 8 8 8 
104 8 8 8 8 8 8 8 8 8 8 8 8 8 
105 8 8 8 8 8 8 8 8 8 8 8 8 8 8 8 30 
106 7 8 8 8 30 8 8 8 8 8 
107 8 8 8 8 8 8 8 8 30 8 8 74 
108 8 8 8 8 30 8 8 8 8 8 
109 8 8 9 30 8 8 30 8 8 8 8 
110 8 8 8 8 8 8 106 8 8 
111 30 30 8 8 30 30 30 30 7 30 30 30 30 30 
112 8 8 8 8 8 8 8 8 8 8 8 30 8 
113 30 30 30 89 126 7 30 30 30 
114 8 8 8 8 
115 47 8 8 8 30 30 8 8 8 8 8 8 8 8 8 124 
116 8 8 8 8 8 8 8 8 8 8 8 8 8 8 8 
117 30 305 30 30 30 30 
118 8 8 8 8 8 8 8 8 8 30 9 8 
119 30 30 30 30 30 30 30 47 8 30 30 
120 7 8 63 244 8 8 8 8 9 8 8 317 8 8 
121 8 7 8 8 8 8 8 7 8 8 8 
122 8 8 8 8 8 8 8 8 8 8 8 9 8 
123 87 87 33 87 87 87 87 87 87 87 87 87 87 558 33 70 
124 30 30 151 30 30 30 30 30 30 30 30 30 
125 8 8 111 8 8 8 8 8 30 111 8 8 8 8 8 
126 8 8 47 310 794 8 8 8 8 8 8 
127 8 8 9 47 8 8 8 8 317 8 8 8 
128 8 8 8 8 8 8 8 8 8 30 
129 111 30 565 8 8 8 8 747 30 8 8 8 8 8 8 8 8 
130 30 30 30 30 30 7 30 30 7 30 30 30 30 
131 8 8 8 8 8 8 8 8 8 8 8 30 8 7 
132 30 94 30 30 30 30 30 30 30 83 30 30 30 8 
133 8 8 8 8 
134 30 30 30 30 30 30 30 30 8 30 30 30 469 30 279 30 30 30 
135 30 30 30 8 30 306 30 30 30 8 30 156 
136 8 8 8 8 8 8 8 8 8 8 8 8 8 8 8 
137 30 701 30 317 30 30 30 30 30 8 30 30 1063 
138 8 8 8 8 8 8 8 8 8 163 
139 8 8 8 8 8 7 8 8 8 8 8 8 8 8 
140 8 8 8 8 8 8 8 8 8 8 8 8 8 
141 30 10 30 30 30 10 30 30 30 30 30 30 30 
142 63 63 63 63 63 63 63 63 63 63 63 
143 7 81 7 7 30 7 7 7 7 8 7 
144 47 151 47 220 47 47 47 47 47 47 47 
145 8 8 8 8 30 8 8 8 8 8 8 8 
146 8 63 47 47 47 47 47 30 47 
147 30 30 491 30 8 30 8 30 30 30 30 30 30 30 30 
148 8 8 8 8 8 8 8 30 8 8 8 8 8 8 
149 47 30 30 47 30 30 456 30 30 30 30 30 
150 8 8 8 8 8 8 8 8 8 222 196 8 8 8 8 8 
151 30 30 30 30 30 30 30 30 111 30 30 30 30 30 30 
152 8 8 8 8 8 30 8 8 47 8 8 151 
153 8 8 8 8 8 8 8 8 8 8 8 8 33 8 8 
154 8 47 8 8 8 8 8 156 8 8 8 8 
155 7 7 7 7 7 
156 30 47 30 8 79 30 30 30 30 30 30 30 30 
157 30 30 30 30 30 30 30 30 30 7 30 30 30 153 30 30 
158 9 9 7 33 9 9 9 9 30 9 
159 111 111 111 111 8 81 111 111 
160 8 8 8 8 8 8 8 8 244 8 
161 30 8 8 222 8 163 100 27 8 8 111 
162 9 8 33 8 30 8 8 8 8 8 
163 151 8 30 8 8 8 8 8 8 8 8 8 
164 8 8 8 8 8 8 8 8 8 8 8 8 8 8 8 
165 30 8 30 30 30 30 30 372 30 244 30 30 30 
166 8 8 8 8 8 8 8 8 8 8 8 8 8 
167 8 100 8 8 8 8 8 8 8 
168 8 8 8 8 8 8 8 7 8 8 8 8 
