0 5 94 4
1 2 23 2
2 2 31 2
3 4 73 4
4 2 26 2
5 2 55 2
6 8 157 7
7 2 32 2
8 2 26 2
9 7 165 6
10 6 95 5
11 3 22 3
12 24 491 11
13 2 28 2
14 3 24 3
15 3 35 3
16 3 47 3
17 3 44 3
18 4 88 4
19 2 19 2
20 3 25 3
21 3 42 3
22 2 24 2
23 2 24 2
24 2 65 2
25 2 21 2
26 2 19 2
27 2 8 2
28 2 31 2
29 2 30 2
30 3 46 3
31 3 31 3
32 2 14 2
33 4 84 4
34 5 125 5
35 3 33 3
36 3 14 3
37 4 32 4
38 2 24 2
39 3 73 3
40 2 19 2
41 2 56 2
42 3 33 3
43 4 86 4
44 3 47 3
45 3 32 3
46 4 30 4
47 4 33 4
48 4 42 4
49 3 52 3
50 3 21 3
51 2 30 2
52 2 13 2
53 2 22 2
54 5 85 5
55 2 36 2
56 2 14 2
57 3 39 3
58 2 16 2
59 3 49 3
60 2 26 2
61 2 38 2
62 2 15 2
63 3 42 3
64 2 21 2
65 2 15 2
66 6 51 5
67 2 24 2
68 2 25 2
69 2 104 2
70 5 122 5
71 3 30 3
72 5 65 5
73 3 20 3
74 2 14 2
75 2 37 2
76 11 153 7
77 2 13 2
78 4 64 4
79 3 26 3
80 2 10 2
81 2 25 2
82 2 61 2
83 2 30 2
84 3 68 3
85 2 10 2
86 2 13 2
87 5 42 5
88 2 60 2
89 2 34 2
90 2 31 2
91 2 19 2
92 2 61 2
93 3 46 3
94 3 43 3
95 2 14 2
96 3 62 3
97 3 46 3
98 3 37 3
99 3 19 3
100 2 19 2
101 5 49 4
102 2 10 2
103 3 39 3
104 2 25 2
105 4 30 4
106 3 58 3
107 3 58 3
108 2 18 2
109 2 10 2
110 3 51 3
111 2 19 2
112 3 21 3
113 2 37 2
114 2 16 2
115 4 64 4
116 7 67 7
117 2 20 2
118 2 15 2
119 3 30 3
120 6 75 4
121 2 10 2
122 2 26 2
123 4 46 4
124 2 22 2
125 3 33 3
126 2 12 2
127 4 29 4
128 4 79 4
129 2 29 2
130 2 34 2
131 3 26 3
132 6 84 6
133 2 31 2
134 2 8 2
135 4 59 4
136 6 142 6
137 3 40 3
138 2 40 2
139 2 13 2
140 2 15 2
141 3 37 3
142 2 33 2
143 2 17 2
144 4 64 4
145 3 17 3
146 2 16 2
147 2 24 2
148 4 51 4
149 2 17 2
150 2 28 2
151 2 8 2
152 4 68 4
153 2 19 2
154 4 26 4
155 3 77 3
156 2 35 2
157 5 72 5
158 4 46 4
159 2 22 2
160 3 46 3
161 2 10 2
162 4 28 4
163 4 36 4
164 4 40 4
165 2 23 2
166 2 18 2
167 3 108 3
168 4 31 4
169 2 16 2
170 6 89 5
171 2 23 2
172 4 29 4
173 3 15 3
174 2 16 2
175 2 27 2
176 2 11 2
177 2 28 2
178 3 24 3
179 3 18 3
180 3 28 3
181 2 11 2
182 2 36 2
183 2 24 2
184 2 21 2
185 3 28 3
186 3 16 3
187 2 48 2
188 2 21 2
189 2 14 2
190 3 65 3
191 2 10 2
192 3 43 3
193 4 52 4
194 6 56 4
195 4 81 4
196 5 54 5
197 2 19 2
198 2 16 2
199 2 13 2
200 3 22 3
201 2 33 2
202 3 15 3
203 2 22 2
204 4 40 4
205 3 21 3
206 2 15 2
207 5 144 5
208 2 26 2
209 3 22 3
210 4 45 4
211 2 15 2
212 9 132 7
213 2 38 2
214 2 9 2
215 2 13 2
216 2 14 2
217 3 24 3
218 3 25 3
219 2 34 2
220 2 28 2
221 4 74 4
222 2 10 2
223 2 13 2
224 2 14 2
225 2 15 2
226 2 12 2
227 3 23 3
228 2 24 2
229 3 34 3
230 2 14 2
231 2 25 2
232 5 76 5
233 3 17 3
234 4 56 4
235 2 34 2
236 2 12 2
237 5 53 4
238 2 39 2
239 3 76 3
240 3 34 3
241 4 26 4
242 3 33 3
243 5 61 4
244 4 44 4
245 2 12 2
246 2 13 2
247 10 260 8
248 2 19 2
249 3 62 3
250 3 26 3
251 3 56 3
252 3 40 3
253 2 31 2
254 5 25 4
255 4 193 4
256 2 20 2
257 2 31 2
258 3 21 3
259 2 18 2
260 4 35 4
261 2 37 2
262 2 17 2
263 2 15 2
264 3 38 3
265 2 10 2
266 2 14 2
267 2 31 2
268 2 9 2
269 3 49 3
270 3 24 3
271 2 18 2
272 3 30 3
273 2 30 2
274 2 10 2
275 2 18 2
276 2 13 2
277 3 52 3
278 2 32 2
279 2 34 2
280 2 22 2
281 3 49 3
282 9 86 6
283 2 15 2
284 2 29 2
285 3 26 3
286 3 27 3
287 3 25 3
288 2 33 2
289 3 31 3
290 2 23 2
291 2 23 2
292 2 20 2
293 3 24 3
294 4 48 4
295 7 114 5
296 2 29 2
297 4 59 4
298 2 38 2
299 2 27 2
300 2 20 2
301 2 16 2
302 2 18 2
303 2 12 2
304 11 209 8
305 2 38 2
306 3 15 3
307 3 26 3
308 2 44 2
309 3 39 3
310 4 45 4
311 3 23 3
312 2 61 2
313 2 32 2
314 2 23 2
315 3 36 3
316 2 26 2
317 2 17 2
318 3 35 3
319 2 16 2
320 2 32 2
321 2 21 2
322 2 12 2
323 2 46 2
324 2 20 2
325 5 47 5
326 2 22 2
327 4 52 4
328 3 24 3
329 2 21 2
330 4 76 4
331 2 11 2
332 2 26 2
333 2 17 2
334 3 16 3
335 2 8 2
336 4 60 4
337 3 43 3
338 2 13 2
339 2 20 2
340 2 13 2
341 3 22 3
342 2 10 2
343 2 15 2
344 3 57 3
345 2 34 2
346 2 20 2
347 2 15 2
348 2 82 2
349 3 31 3
350 2 14 2
351 2 34 2
352 2 33 2
353 3 41 3
354 2 12 2
355 5 107 5
356 3 59 3
357 2 16 2
358 2 22 2
359 2 17 2
360 2 15 2
361 3 15 3
362 2 12 2
363 2 33 2
364 4 72 4
365 3 13 3
366 2 14 2
367 7 54 4
368 2 16 2
369 2 14 2
370 2 17 2
371 4 21 4
372 3 60 3
373 3 19 3
374 2 11 2
375 2 16 2
376 3 44 3
377 2 14 2
378 4 44 4
379 3 24 3
380 4 45 4
381 4 40 4
382 2 13 2
383 2 17 2
384 2 23 2
385 2 21 2
386 3 29 3
387 2 17 2
388 2 11 2
389 2 20 2
390 3 60 3
391 2 12 2
392 5 48 5
393 2 12 2
394 2 12 2
395 2 14 2
396 2 26 2
397 2 25 2
398 2 24 2
399 3 19 3
400 2 16 2
401 3 27 3
402 3 35 3
403 2 13 2
404 3 30 3
405 2 11 2
406 3 73 3
407 3 39 3
408 3 27 3
409 3 39 3
410 4 23 4
411 5 63 5
412 3 33 3
413 2 23 2
414 2 24 2
415 2 28 2
416 2 53 2
417 2 11 2
418 3 20 3
419 2 8 2
420 2 26 2
421 4 99 4
422 2 28 2
423 3 48 3
424 2 20 2
425 3 35 3
426 2 15 2
427 2 14 2
428 2 29 2
429 4 24 4
430 4 78 4
431 3 30 3
432 3 45 3
433 2 27 2
434 2 18 2
435 2 19 2
436 2 10 2
437 2 41 2
438 3 59 3
439 4 43 4
440 2 25 2
441 2 28 2
442 6 184 6
443 3 42 3
444 2 34 2
445 2 15 2
446 2 19 2
447 2 19 2
448 2 18 2
449 3 19 3
450 2 18 2
451 2 25 2
452 2 18 2
453 3 43 3
454 2 46 2
455 2 10 2
456 3 47 3
457 2 14 2
458 3 46 3
459 8 159 6
460 2 36 2
461 3 33 3
462 5 49 5
463 4 106 4
464 3 26 3
465 2 16 2
466 3 62 3
467 3 35 3
468 3 41 3
469 2 16 2
470 2 50 2
471 2 13 2
472 2 18 2
473 2 16 2
474 3 42 3
475 2 27 2
476 2 52 2
477 3 46 3
478 2 18 2
479 4 53 4
480 2 47 2
481 4 41 4
482 2 15 2
483 2 10 2
484 2 10 2
485 3 34 3
486 3 41 3
487 2 22 2
488 3 64 3
489 3 32 3
490 2 19 2
491 2 24 2
492 2 16 2
493 2 14 2
494 2 14 2
495 2 33 2
496 2 16 2
497 2 22 2
498 2 12 2
499 3 33 3
500 2 18 2
501 2 17 2
502 14 284 8
503 2 15 2
504 2 52 2
505 2 9 2
506 2 10 2
507 2 24 2
508 2 11 2
509 3 27 3
510 2 17 2
511 3 36 3
512 2 24 2
513 2 28 2
514 2 27 2
515 4 57 4
516 3 55 3
517 3 30 3
518 2 27 2
519 2 14 2
520 4 43 4
521 3 47 3
522 2 15 2
523 2 9 2
524 2 15 2
525 2 26 2
526 4 56 4
527 2 21 2
528 2 12 2
529 4 56 4
530 2 11 2
531 2 15 2
532 4 53 4
533 2 18 2
534 4 35 4
535 4 34 4
536 2 10 2
537 4 46 4
538 2 21 2
539 2 22 2
540 4 31 4
541 2 9 2
542 4 26 4
543 2 18 2
544 4 70 4
545 5 86 5
546 6 154 6
547 2 17 2
548 2 14 2
549 2 31 2
550 7 70 5
551 2 12 2
552 3 49 3
553 2 14 2
554 2 29 2
555 2 46 2
556 3 80 3
557 2 11 2
558 4 32 4
559 2 15 2
560 2 44 2
561 2 20 2
562 2 10 2
563 2 23 2
564 3 19 3
565 2 9 2
566 4 45 4
567 3 31 3
568 2 13 2
569 2 15 2
570 3 28 3
571 2 11 2
572 2 10 2
573 2 21 2
574 3 22 3
575 2 8 2
576 2 12 2
577 3 98 3
578 4 97 4
579 3 32 3
580 3 74 3
581 2 28 2
582 2 41 2
583 3 27 3
584 2 18 2
585 3 29 3
586 3 18 3
587 2 9 2
588 2 21 2
589 2 19 2
590 2 22 2
591 3 86 3
592 2 21 2
593 4 60 4
594 7 76 6
595 2 18 2
596 2 47 2
597 3 32 3
598 3 22 3
599 2 45 2
600 2 16 2
601 2 25 2
602 2 12 2
603 2 16 2
604 3 42 3
605 2 11 2
606 2 11 2
607 3 33 3
608 2 52 2
609 2 11 2
610 2 8 2
611 3 93 3
612 2 17 2
613 3 26 3
614 2 20 2
615 2 15 2
616 2 8 2
617 2 42 2
618 2 10 2
619 2 22 2
620 4 29 4
621 2 34 2
622 3 47 3
623 2 12 2
624 2 41 2
625 4 47 4
626 2 11 2
627 2 22 2
628 2 12 2
629 2 9 2
630 4 62 4
631 2 28 2
632 2 48 2
633 8 223 6
634 3 34 3
635 2 18 2
636 3 25 3
637 2 13 2
638 3 81 3
639 2 24 2
640 3 39 3
641 3 33 3
642 2 32 2
643 2 15 2
644 3 24 3
645 2 19 2
646 6 87 5
647 2 36 2
648 3 40 3
649 3 45 3
650 3 24 3
651 2 20 2
652 3 28 3
653 3 77 3
654 5 144 5
655 2 14 2
656 2 15 2
657 2 22 2
658 5 105 4
659 2 16 2
660 2 20 2
661 2 21 2
662 9 126 6
663 2 26 2
664 2 12 2
665 2 18 2
666 2 15 2
667 2 8 2
668 2 20 2
669 2 15 2
670 2 17 2
671 2 20 2
672 2 11 2
673 2 16 2
674 2 44 2
675 6 104 6
676 2 12 2
677 2 37 2
678 3 29 3
679 6 68 5
680 2 19 2
681 2 75 2
682 2 20 2
683 2 11 2
684 4 28 4
685 3 61 3
686 2 12 2
687 2 25 2
688 2 17 2
689 2 60 2
690 4 43 4
691 3 43 3
692 3 26 3
693 2 18 2
694 2 14 2
695 2 13 2
696 3 41 3
697 4 95 4
698 2 9 2
699 4 36 4
700 2 15 2
701 2 34 2
702 6 130 5
703 2 20 2
704 2 8 2
705 2 19 2
706 2 32 2
707 2 30 2
708 2 43 2
709 7 118 6
710 2 24 2
711 2 49 2
712 2 18 2
713 5 57 4
714 4 38 4
715 4 61 4
716 2 12 2
717 2 16 2
718 2 52 2
719 2 13 2
720 5 189 5
721 2 21 2
722 2 10 2
723 4 59 4
724 2 16 2
725 5 54 4
726 2 25 2
727 2 25 2
728 2 38 2
729 3 23 3
730 2 14 2
731 2 29 2
732 5 31 4
733 4 22 4
734 3 97 3
735 2 24 2
736 2 24 2
737 3 40 3
738 2 22 2
739 2 23 2
740 2 15 2
741 4 67 4
742 2 10 2
743 3 29 3
744 3 22 3
745 2 25 2
746 4 39 4
747 2 21 2
748 2 13 2
749 3 26 3
750 2 14 2
751 2 23 2
752 3 53 3
753 3 21 3
754 5 70 4
755 3 24 3
756 3 14 3
757 2 17 2
758 3 46 3
759 2 14 2
760 5 77 5
761 2 16 2
762 3 20 3
763 2 30 2
764 2 42 2
765 2 10 2
766 2 35 2
767 2 49 2
768 2 33 2
769 3 42 3
770 2 22 2
771 3 18 3
772 2 20 2
773 2 19 2
774 4 74 4
775 4 42 4
776 2 33 2
777 2 21 2
778 2 29 2
779 2 20 2
780 4 48 4
781 2 26 2
782 2 17 2
783 2 23 2
784 2 30 2
785 2 12 2
786 3 15 3
787 3 25 3
788 4 100 4
789 3 33 3
790 2 11 2
791 3 50 3
792 2 22 2
793 3 50 3
794 3 23 3
795 2 8 2
796 2 21 2
797 2 47 2
798 2 8 2
799 4 66 4
800 2 26 2
801 4 75 4
802 2 22 2
803 2 13 2
804 2 48 2
805 3 23 3
806 2 17 2
807 2 14 2
808 3 66 3
809 2 21 2
810 2 42 2
811 3 60 3
812 4 74 4
813 2 61 2
814 3 30 3
815 2 10 2
816 2 21 2
817 3 56 3
818 2 95 2
819 4 43 4
820 2 24 2
821 2 14 2
822 2 21 2
823 2 19 2
824 2 20 2
825 2 49 2
826 2 16 2
827 2 18 2
828 4 37 4
829 2 13 2
830 2 12 2
831 2 19 2
832 3 37 3
833 2 13 2
834 2 38 2
835 2 33 2
836 2 13 2
837 2 23 2
838 2 10 2
839 2 10 2
840 2 15 2
841 4 103 4
842 2 11 2
843 2 11 2
844 7 118 6
845 2 14 2
846 2 24 2
847 2 21 2
848 2 27 2
849 4 23 4
850 4 36 4
851 2 28 2
852 2 28 2
853 2 45 2
854 2 21 2
855 3 65 3
856 2 35 2
857 3 46 3
858 8 131 7
859 3 23 3
860 2 48 2
861 2 19 2
862 3 65 3
863 3 31 3
864 2 17 2
865 2 18 2
866 2 11 2
867 2 14 2
868 2 17 2
869 2 17 2
870 3 82 3
871 2 14 2
872 3 29 3
873 3 103 3
874 2 25 2
875 3 45 3
876 2 28 2
877 4 75 4
878 3 24 3
879 4 31 4
880 5 146 4
881 2 15 2
882 2 8 2
883 2 31 2
884 2 9 2
885 7 139 6
886 2 19 2
887 2 14 2
888 2 24 2
889 2 14 2
890 2 15 2
891 2 20 2
892 2 12 2
893 2 15 2
894 2 13 2
895 3 105 3
896 3 56 3
897 3 24 3
898 3 30 3
899 2 10 2
900 2 12 2
901 2 50 2
902 3 39 3
903 2 24 2
904 3 12 3
905 2 12 2
906 2 24 2
907 2 11 2
908 2 48 2
909 2 13 2
910 2 18 2
911 2 41 2
912 2 25 2
913 3 61 3
914 2 12 2
915 2 8 2
916 3 21 3
917 2 16 2
918 5 121 4
919 2 11 2
920 3 102 3
921 3 128 3
922 2 74 2
923 2 17 2
924 6 285 4
925 2 18 2
926 2 15 2
927 3 27 3
928 2 12 2
929 8 147 7
930 3 190 3
931 3 46 3
932 2 22 2
933 2 15 2
934 2 25 2
935 3 37 3
936 2 15 2
937 2 10 2
938 4 25 4
939 3 35 3
940 3 31 3
941 2 12 2
942 2 9 2
943 3 16 3
944 2 29 2
945 2 13 2
946 2 10 2
947 2 16 2
948 6 135 5
949 2 13 2
950 3 26 3
951 3 18 3
952 2 11 2
953 4 81 4
954 2 72 2
955 2 10 2
956 2 16 2
957 2 88 2
958 2 10 2
959 2 30 2
960 3 49 3
961 2 15 2
962 2 16 2
963 2 12 2
964 2 33 2
965 5 202 5
966 2 42 2
967 3 26 3
968 2 12 2
969 2 32 2
970 2 17 2
971 2 24 2
972 2 23 2
973 2 11 2
974 5 66 5
975 2 26 2
976 2 14 2
977 2 12 2
978 3 37 3
979 2 18 2
980 9 116 6
981 9 290 7
982 2 19 2
983 2 14 2
984 3 22 3
985 2 23 2
986 2 14 2
987 2 47 2
988 5 105 5
989 2 80 2
990 2 35 2
991 2 16 2
992 4 52 4
993 2 13 2
994 2 16 2
995 2 11 2
996 4 220 4
997 2 10 2
998 3 19 3
999 2 10 2
1000 7 142 5
1001 2 11 2
1002 2 28 2
1003 4 219 4
1004 2 23 2
1005 2 20 2
1006 3 85 3
1007 2 27 2
1008 2 9 2
1009 2 20 2
1010 2 17 2
1011 2 12 2
1012 2 10 2
1013 2 16 2
1014 2 18 2
1015 2 14 2
1016 2 20 2
1017 2 17 2
1018 2 50 2
1019 2 36 2
1020 2 15 2
1021 2 12 2
1022 2 46 2
1023 3 108 3
1024 2 22 2
1025 2 11 2
1026 2 8 2
1027 4 80 4
1028 2 25 2
1029 3 28 3
1030 2 12 2
1031 3 20 3
1032 2 35 2
1033 2 49 2
1034 3 20 3
1035 2 14 2
1036 2 14 2
1037 2 22 2
1038 2 16 2
1039 2 18 2
1040 2 21 2
1041 2 10 2
1042 2 20 2
1043 2 13 2
1044 2 24 2
1045 4 61 4
1046 2 53 2
1047 4 71 4
1048 3 33 3
1049 2 18 2
1050 2 20 2
1051 4 154 4
1052 2 38 2
1053 2 49 2
1054 4 318 4
1055 5 79 4
1056 2 13 2
1057 2 9 2
1058 2 15 2
1059 2 19 2
1060 3 32 3
1061 3 30 3
1062 2 12 2
1063 3 39 3
1064 3 46 3
1065 2 13 2
1066 2 9 2
1067 12 240 8
1068 2 9 2
1069 2 35 2
1070 3 56 3
1071 2 12 2
1072 2 20 2
1073 3 23 3
1074 2 15 2
1075 2 23 2
1076 2 9 2
1077 2 11 2
1078 2 42 2
1079 2 20 2
1080 2 64 2
1081 2 15 2
1082 5 210 5
1083 3 33 3
1084 3 67 3
1085 3 18 3
1086 4 64 4
1087 3 29 3
1088 2 11 2
1089 2 57 2
1090 2 16 2
1091 2 12 2
1092 3 40 3
1093 2 17 2
1094 2 14 2
1095 4 78 4
1096 2 17 2
1097 2 10 2
1098 3 121 3
1099 5 128 4
1100 2 26 2
1101 2 10 2
1102 2 43 2
1103 2 12 2
1104 2 18 2
1105 2 32 2
1106 4 56 4
1107 2 12 2
1108 2 14 2
1109 2 43 2
1110 2 27 2
1111 2 10 2
1112 2 42 2
1113 2 11 2
1114 4 53 4
1115 2 25 2
1116 2 10 2
1117 2 27 2
1118 2 25 2
1119 2 88 2
1120 2 13 2
1121 2 16 2
1122 2 15 2
1123 2 15 2
1124 2 26 2
1125 2 69 2
1126 2 21 2
1127 2 24 2
1128 2 9 2
1129 2 25 2
1130 2 63 2
1131 4 53 4
1132 2 15 2
1133 2 39 2
1134 2 45 2
1135 2 20 2
1136 2 24 2
1137 2 12 2
1138 3 88 3
1139 2 9 2
1140 2 16 2
1141 3 80 3
1142 2 25 2
1143 2 11 2
1144 2 68 2
1145 3 27 3
1146 2 15 2
1147 2 12 2
1148 2 13 2
1149 4 53 4
1150 2 20 2
1151 3 20 3
1152 2 87 2
1153 8 240 8
1154 2 19 2
1155 3 36 3
1156 3 28 3
1157 2 34 2
1158 2 13 2
1159 3 55 3
1160 2 26 2
1161 2 33 2
1162 3 34 3
1163 2 16 2