2
5
14
20
21
29
33
43
46
47
48
56
59
62
63
64
81
82
86
93
94
111
123
126
127
135
144
152
153
194
197
201
232
252
255
262
270
283
287
299
309
310
320
321
322
337
338
351
358
364
381
385
390
394
401
405
409
411
431
434
435
440
445
461
467
468
486
505
511
530
545
561
567
573
581
586
598
606
612
629
647
651
659
667
668
688
692
696
710
712
728
742
756
760
763
771
788
790
808
818
854
858
861
872
888
907
916
917
940
955
956
973
983
1014
1018
1021
1038
1040
1043
1044
1083
1099
1121
1126
1141
1144
1166
1170
1201
1206
1215
1229
1230
1245
1261
1281
1282
1283
1285
1298
1301
1305
1326
1346
1359
1371
1410
1423
1426
1437
1457
1485
1493
1527
1547
1554
1577
1584
1592
1632
1637
1654
1677
1692
1694
1699
1705
1714
1726
1728
1732
1742
1750
1755
1765
1767
1775
1792
1805
1811
1814
1847
1866
1876
1883
1910
1927
1998
2009
2041
2050
2072
2084
2109
2124
2137
2174
2195
2296
2342
2357
2361
2387
2471
2511
2515
2524
2531
2545
2562
2569
2572
2574
2599
2624
2631
2634
2650
2662
2677
2678
2687
2701
2710
2716
2743
2758
2763
2770
2784
2790
2796
2804
2824
2868
2895
2905
2918
2967
2973
2978
3005
3042
3056
3093
3102
3110
3115
3134
3139
3140
3148
3153
3204
3221
3223
3229
3251
3255
3276
3281
3289
3323
3343
3345
3375
3394
3480
3509
3512
3519
3540
3552
3605
3628
3647
3653
3674
3682
3688
3694
3696
3710
3737
3751
3754
3760
3768
3794
3828
3831
3856
3913
3914
3980
3999
4018
4021
4040
4043
4106
4115
4118
4124
4129
4137
4141
4154
4162
4177
4210
4214
4215
4218
4252
4255
4274
4283
4286
4291
4347
4363
4373
4441
4475
4479
4494
4506
4511
4521
4540
4557
4576
4603
4610
4622
4630
4679
4693
4696
4706
4717
4721
4750
4760
4777
4794
4810
4814
4839
4859
4884
4906
4936
4965
4968
4984
5022
5038
5061
5071
5107
5131
5146
5160
5166
5211
5222
5233
5236
5278
5302
5332
5333
5346
5365
5385
5390
5417
5422
5455
5460
5468
5525
5588
5602
5634
5666
5744
5761
5774
5780
5815
5834
5859
5887
5926
5989
5995
6031
6051
6108
6115
6117
6122
6145
6150
6158
6191
6197
6246
6252
6310
6327
6368
6383
6387
6417
6474
6504
6507
6512
6526
6539
6577
6607
6647
6673
6691
6698
6713
6731
6736
6792
6834
6840
6859
6880
6883
6900
6961
6962
6975
6996
7023
7031
7036
7038
7044
7060
7077
7080
7093
7147
7156
7186
7205
7233
7249
7301
7339
7350
7359
7390
7429
7468
7504
7515
7573
7600
7603
7622
7647
7652
7660
7741
7753
7754
7785
7906
7924
7927
7956
7983
7985
7994
8011
8033
8111
8116
8119
8172
8182
8351
8374
8379
8456
8461
8492
8496
8504
8511
8514
8533
8580
8599
8618
8627
8680
8700
8708
8747
8771
8774
8790
8828
8869
8885
8917
8938
8978
8994
9011
9015
9047
9109
9124
9143
9196
9197
9249
9265
9268
9293
9302
9306
9352
9356
9406
9441
9494
9518
9587
9638
9662
9689
9746
9759
9762
9765
9798
9829
9852
9953
9962
10005
10034
10057
10113
10146
10167
10199
10208
10215
10277
10383
10396
10409
10474
10492
10496
10535
10587
10655
10657
10694
10716
10729
10776
10818
10852
10901
10931
10950
10952
10975
10990
11031
11043
11046
11101
11124
11233
11292
11341
11396
11430
11444
11475
11527
11531
11631
11638
11657
11670
11697
11701
11719
11758
11806
11906
11912
11956
11962
12024
12061
12080
12082
12150
12185
12250
12258
12271
12337
12376
12388
12437
12453
12474
12512
12564
12569
12596
12611
12619
12650
12655
12698
12715
12739
12769
12779
12809
12913
12941
12991
13075
13083
13093
13112
13118
13190
13243
13349
13455
13468
13470
13518
13522
13523
13600
13650
13668
13698
13703
13730
13742
13744
13757
13840
13851
13859
13891
13911
13931
14047
14155
14172
14246
14327
14372
14388
14402
14490
14511
14535
14544
14565
14570
14600
14661
14730
14740
14757
14774
14775
14791
14864
14875
14989
14996
15063
15108
15186
15199
15231
15241
15250
15276
15312
15326
15335
15342
15350
15371
15388
15403
15463
15506
15530
15531
15572
15595
15632
15682
15720
15729
15730
15846
15859
15878
15906
15994
16002
16127
16201
16208
16211
16372
16397
16436
16461
16554
16587
16612
16616
16809
16846
16875
16895
16956
16969
16993
16999
17030
17057
17069
17092
17103
17197
17217
17265
17267
17277
17302
17339
17367
17398
17431
17439
17529
17533
17615
17691
17711
17790
17808
17893
17904
17926
18024
18042
18059
18208
18215
18239
18300
18315
18339
18372
18433
18463
18495
18593
18610
18637
18664
18669
18700
18864
18877
18887
18934
19077
19111
19130
19135
19159
19164
19165
19240
19291
19344
19360
19456
19525
19544
19564
19632
19670
19719
19749
19870
19894
19912
19924
19959
20068
20070
20099
20117
20275
20283
20335
20355
20410
20416
20419
20455
20499
20583
20619
20706
20714
20734
20759
20832
20867
20973
20974
21014
21031
21044
21065
21075
21087
21152
21181
21186
21189
21220
21226
21302
21319
21342
21414
21426
21434
21443
21480
21542
21567
21587
21650
21724
21779
21837
21897
21913
21925
21962
21965
22002
22026
22067
22148
22189
22250
22362
22385
22459
22460
22638
22697
22726
22771
22779
22799
22803
22809
22833
22962
22979
22989
23036
23058
23068
23124
23129
23135
23147
23163
23192
23203
23259
23265
23280
23305
23335
23355
23371
23399
23456
23465
23475
23509
23532
23547
23566
23637
23704
23718
23747
23772
23782
23786
23794
23879
23908
23983
24014
24091
24165
24280
24326
24386
24496
24507
24531
24583
24617
24711
24714
24748
24758
24774
24832
24883
24894
24937
24991
25047
25124
25161
25177
25226
25291
25304
25305
25382
25448
25461
25472
25513
25531
25627
25642
25667
25683
25730
25809
27045
27153
27255
27265
27310
27328
27383
27450
27467
27477
27558
27637
27659
27759
27879
27893
27949
27950
28055
28187
28213
28326
28360
28370
28406
28459
28544
28584
28730
28751
28801
28926
29055
29064
29194
29284
29289
29309
29328
29352
29363
29403
29468
29489
29522
29532
29543
29544
29596
29613
29636
29668
29712
29723
29767
29775
29801
29829
29903
29913
29963
29985
30019
30061
30091
30210
30317
30374
30383
30477
30551
30609
30621
30637
30692
30696
30734
30787
30788
30824
30862
30932
31018
31045
31087
31104
31348
31368
31378
31383
31460
31511
31514
31561
31593
31720
31752
31773
31805
31823
32906
32919
32975
33021
33074
33085
33196
33285
33297
33319
33333
33357
33448
33553
33561
33564
33596
33624
33669
33698
33700
33703
33737
33760
33894
33937
33943
34047
34132
34136
34151
34173
34356
34358
34484
34603
34633
34730
34754
34765
34766
34947
34955
34976
35015
35081
35182
35219
35225
35271
35277
35292
35316
35325
35327
35380
35424
35459
35480
35497
35500
35529
35565
35579
35596
35616
35755
35821
35847
35910
35932
36056
36073
36081
36163
36244
36345
36522
36539
36603
36815
36828
36870
36875
36917
36943
36979
37014
37034
37038
37058
37149
37252
37280
37354
37363
37379
37427
37491
37557
37600
37609
37627
38708
38722
38758
38803
38992
39081
39128
39239
39344
39421
39572
39596
39611
39652
39689
39703
39815
39833
39844
39936
39968
40045
40141
40221
40272
40280
40373
40441
40481
40488
40492
40516
40567
40580
40656
40673
40703
40738
40830
40833
40980
40987
41215
41223
41239
41343
41413
41476
41574
41577
41608
41709
41754
41765
41854
41938
41961
42180
42214
42290
42532
42539
42553
42561
42721
42837
42889
42998
43099
43254
43352
43452
43457
43490
43580
43632
43772
43802
43812
43823
43854
43910
43937
44084
44188
44498
44507
44533
44585
44657
44764
44784
44785
44908
44956
44992
45087
45095
45179
45296
45302
45461
45579
45589
45655
45665
45708
45712
45846
45870
45876
45926
45934
46011
46074
46125
46127
46273
46289
46373
46408
46410
46486
46577
46672
46870
46942
47025
47046
47051
47058
47098
47127
47186
47237
47266
47267
47295
47304
47345
47356
47357
47402
47431
47444
47545
47842
48011
48072
48108
48166
48365
48390
48405
48408
48458
48462
48525
48537
48580
48630
48643
48705
48731
48760
48872
48898
48899
48923
48991
49140
49385
49398
49757
49803
49947
50016
50076
50127
50231
50355
50391
50727
50797
50837
50867
50906
50951
51155
51219
51349
51440
51524
51945
51970
52005
52129
52244
52314
52317
52358
52492
52517
52632
52641
52766
52826
52828
52929
52968
53105
53151
53201
53462
53726
53815
53995
54059
54149
54261
54283
54377
54403
54608
54943
54954
55019
55198
55327
55363
55368
55383
55498
55550
56023
56045
56096
56304
56374
56482
56494
56527
56616
56804
56844
56876
56893
56897
57058
57418
57723
57785
58214
58284
58308
58312
58341
58888
59000
59006
59062
59128
59170
59193
59472
59509
59770
59776
59916
60108
60129
60179
60449
60465
60480
60590
60651
60777
60789
60837
61163
61212
61246
61293
61520
61616
62051
62129
62144
62165
62208
62500
62576
62598
62660
62812
62884
62976
63131
63138
63255
63553
63641
63661
63676
63825
64013
64084
64256
64727
64876
65257
65262
65351
65609
65922
66014
66118
66249
66387
66471
66553
66616
66741
66840
67852
67875
67985
68077
68089
68150
68264
68266
68639
68700
68771
68991
69043
69081
69354
69361
69467
69655
69656
71393
71596
71608
71852
71961
72083
72134
72358
72493
72641
72750
72770
72816
72858
72864
72974
73226
73635
73680
73711
73850
73921
74283
74343
74457
74517
74627
74679
74752
74773
74879
75091
75142
75214
75335
75408
75439
75550
75821
75876
75894
75990
76021
76038
76091
76130
76207
76273
76302
76375
76628
76788
76802
76834
77247
77376
77402
77489
77560
77664
77894
77935
78061
78196
78242
78265
78341
78564
78569
79980
80140
80374
80514
80618
80695
80817
80951
81011
81035
81065
81094
81245
81277
81310
81311
81369
81388
81460
81552
81595
81607
81631
82000
82094
82161
82304
82414
82573
82604
82824
83125
83164
83421
83984
84204
84297
84333
84434
84607
84801
84833
86263
86274
86312
86313
86383
86415
86432
86526
86596
86724
86779
86802
86855
87122
87145
87300
87317
87330
87355
87435
87467
87692
88794
88942
89031
89670
89676
89760
89815
90033
90137
90258
90354
90482
90858
91223
91247
91338
91388
91509
92117
93510
93588
94545
94552
94717
94887
95425
95595
95600
95646
95740
96000
96039
96245
96331
96346
96556
96743
96917
97171
97470
97738
97773
97781
97898
98553
98575
98745
98949
98954
99317
99326
99334
100643
100665
100749
100899
101211
101917
102066
102208
102292
102370
102463
102492
102605
102620
102745
103273
103402
103625
103688
103815
104172
104192
104378
104421
104460
104573
104596
104898
104987
105023
105195
105431
105443
105461
105525
105537
105965
106001
106014
106037
106126
106264
106632
106762
106795
106898
107078
107096
107238
107475
107549
107556
107597
107669
107744
107820
107947
108129
108266
108287
108290
108710
108975
109210
109377
109392
110774
110781
110880
110911
110916
110949
111013
111095
111187
111223
111258
111334
111347
111419
111477
111487
111897
112090
112094
112167
112179
112408
112424
112576
112810
112876
112992
113122
114332
114337
114360
114376
114403
114503
114555
114580
114665
114774
114850
114856
114902
115136
115201
115270
115338
115339
115391
115461
115621
115765
115913
115943
116054
116142
116240
116280
116330
116365
116368
116494
116521
116552
116615
116731
116747
116965
117036
117146
117193
117391
117484
117567
117734
117740
118057
118178
118452
118492
118729
118737
118823
118880
119621
119865
120060
120064
120488
120635
120756
120945
121034
121160
121208
121236
121370
121804
121877
121982
122582
122623
122666
122707
122756
122823
122926
123327
123664
123863
123969
123978
124082
124204
124785
124847
124896
124949
125069
125171
125190
125198
125251
125272
125279
125300
125308
125399
125422
125494
125504
125617
125771
125850
125885
125886
125915
125985
126003
126030
126095
126127
126154
126235
126246
126495
126604
126632
126846
126871
126969
126996
127083
127158
127221
127303
127316
127405
127537
127613
127617
127639
127737
128348
128424
128433
128474
128535
128914
129090
129358
129504
129522
129659
129694
129747
129751
129785
129827
129854
130018
130141
130321
130392
130399
130441
130606
130659
131204
131310
131350
131400
131634
131801
132155
132293
132437
132673
132689
132851
132951
133208
133384
133546
133651
133712
134016
134027
134129
134296
134555
134685
134704
134741
134828
135032
135142
135365
135420
135455
135478
135645
135717
135720
135745
135814
136225
136235
136239
136268
136894
137045
137097
137200
137391
137472
137704
137791
137911
138029
138080
138311
138357
138522
138720
138724
138800
139021
139106
139131
139213
139290
139358
139382
139480
139702
139746
139758
139776
139912
139969
139986
140247
140363
140369
140493
140558
140568
140576
140604
140632
140756
140896
140943
141092
141129
141175
141239
141464
141527
141594
141804
142080
142139
142282
142305
142330
142331
142714
142960
143008
143132
143157
143342
143601
143861
143941
144096
144100
144214
144591
145163
145665
145982
146011
146543
146610
146750
146993
147039
147775
147976
148386
148395
148443
148523
148641
148665
148788
148858
148876
149459
149796
149811
150158
151169
151183
151199
151431
151453
151691
151813
152301
152488
152501
153274
153295
153392
153420
153458
153519
153586
153738
153747
154032
154061
154227
154251
154262
154471
154574
154841
155219
155332
155580
155684
155952
155998
156028
156068
156164
156359
156545
156553
156827
157045
157334
157501
157515
157696
157790
157893
157912
158201
158205
158291
158602
158617
158693
158957
158988
159069
159227
159229
159413
159462
159710
160216
160281
160290
160343
160530
160794
160872
160924
161220
161586
161752
161824
161849
162042
162227
162232
162452
162906
163154
163448
163528
163557
163875
164043
164046
164166
164260
164329
164382
164526
164711
164922
165230
165439
165798
165912
165966
166024
166117
166205
166374
166493
166747
166792
166843
166877
167031
167036
167037
167086
167096
167201
167486
167489
167709
167727
168022
168116
168134
168303
168402
168590
168726
168833
169123
169372
169458
170803
170849
171030
171194
171337
171365
171425
171510
171654
171855
172275
172289
172521
172903
173190
173309
173335
173367
173435
173895
174044
174069
174219
174249
174353
174694
174739
175073
175674
175682
176023
176246
176666
176935
177009
177022
177032
177083
177162
177463
177518
177622
177652
177803
178056
179500
180006
180197
180461
181593
181594
181598
181732
182189
182227
182233
182275
182331
182410
182420
182580
182728
182731
182860
183046
183087
183984
184149
184288
184525
184617
185044
185123
185376
185662
186257
186339
186597
186631
186638
186778
187090
187207
187342
187369
187807
188016
188044
188203
188231
188335
188667
188793
189484
189607
189676
189928
190073
190090
190782
191146
191393
191440
191552
191595
191803
191825
192364
192524
192901
193138
193154
193287
193394
193777
193875
194131
194222
194315
194684
194975
195085
195338
195763
195775
195923
195937
196030
196158
196219
196220
196330
196600
196931
196938
197142
197360
197363
197789
197870
197937
198170
198408
198473
198513
198611
198789
199144
199202
199226
199487
199842
199853
199961
200161
200269
200279
200352
201598
201719
202000
202086
202211
202419
202707
203130
203402
203612
203877
203981
204011
204096
204302
204339
204532
204565
204597
204757
204920
205012
205026
205065
205073
205190
205341
205342
205587
205684
205727
205790
206055
206170
206241
206426
206481
206678
206815
206832
206934
206975
207262
207371
207456
207496
207671
207706
207984
208170
208372
208487
208520
208731
209084
209384
209546
209583
209695
209989
210066
210249
210865
211352
211700
212003
212435
212533
212707
212742
212770
212781
212797
213010
213317
213791
213922
214757
214863
215043
215078
215212
215491
215534
215699
215868
216417
216816
216919
217019
217419
217653
217788
218315
218479
218871
218962
219936
220266
220270
220363
220560
221191
221349
221531
222987
223392
223496
223906
224871
224913
225240
225274
226356
226610
226792
226838
226946
227267
227288
228561
228695
228789
228868
229012
229064
229070
229103
229784
230074
230303
230328
230491
230722
230993
231460
231474
231628
231647
231682
232048
232120
232943
233382
233610
233642
233674
233716
233783
233851
233861
233884
234086
234144
234221
234303
234368
235085
235153
235197
235227
235412
235465
235469
236675
236768
237128
237312
237418
237475
237494
237671
237684
238263
238714
238783
238873
239314
239788
240469
240503
240540
240742
241302
241607
242187
242649
242813
242908
243115
243484
244000
244345
244756
245148
245699
245781
245983
246015
246448
246495
246649
246734
246804
246832
246888
247090
247411
248503
248587
248610
249520
249593
249617
249715
249838
250166
250395
250573
251034
251805
252191
252661
253166
253873
253924
254252
