0 67 67 67 67 67 67 192 67 67 67 67 67 67 
1 219 1375 219 219 219 219 16 219 219 219 219 16 
2 52 219 219 219 692 219 219 219 219 887 219 219 219 219 16 
3 180 180 180 180 180 180 180 180 180 180 704 180 180 180 
4 67 67 67 67 67 67 67 67 67 67 67 67 67 67 67 67 67 
5 219 219 219 219 219 219 219 219 219 219 219 219 219 
6 219 219 219 219 219 219 219 219 219 219 219 219 219 16 
7 378 378 378 378 378 67 378 378 378 378 378 378 
8 219 219 219 219 219 219 52 219 1051 150 62 219 
9 219 219 219 219 219 219 219 219 219 219 52 219 219 219 219 
10 334 16 16 217 16 334 16 16 16 219 16 16 
11 219 219 219 219 219 219 219 219 219 219 219 219 219 219 219 219 
12 16 16 16 180 16 16 16 16 16 16 16 16 16 16 
14 219 219 219 219 219 219 219 219 219 219 219 219 219 219 219 
15 744 744 744 744 744 744 744 744 744 744 744 
16 219 219 219 219 219 219 219 219 219 219 219 219 
17 67 67 248 67 196 67 248 378 67 67 67 67 
18 219 219 219 219 219 219 219 219 219 219 219 219 219 
19 16 16 383 16 16 219 16 16 16 16 
20 219 219 219 219 219 425 219 219 219 219 425 16 219 635 219 219 
21 67 67 67 378 67 67 67 191 67 378 67 67 67 67 67 67 
22 378 378 378 378 378 378 378 290 383 378 
23 219 219 219 219 219 219 219 219 219 219 219 219 
24 219 219 219 219 219 219 219 219 219 219 219 219 
25 219 219 219 219 219 636 219 219 219 219 219 
26 67 67 67 67 67 67 67 67 67 67 67 67 67 248 67 
27 219 219 219 219 219 219 219 219 219 219 219 219 219 219 219 
28 219 219 219 219 219 219 219 219 219 219 219 219 219 
29 219 219 219 1376 21 219 219 219 219 219 744 219 219 219 
30 219 219 219 219 219 219 219 704 219 219 219 219 219 
31 225 219 219 219 219 219 219 219 219 219 219 219 
32 141 16 16 16 16 16 16 16 16 16 16 16 16 
33 16 16 16 16 16 16 16 16 16 219 180 16 16 16 
34 67 67 67 67 67 67 67 67 67 67 5 67 180 67 67 343 67 67 67 67 
35 219 187 219 219 219 219 219 219 926 219 219 219 219 219 219 219 
36 219 219 219 219 219 219 219 219 219 219 219 219 219 219 219 
37 503 503 503 67 503 503 503 503 503 5 503 503 503 503 503 503 503 
38 219 219 219 219 39 219 219 219 219 219 219 219 
39 67 67 67 67 67 67 67 67 67 67 67 67 67 67 67 
40 692 180 180 180 180 180 180 180 180 180 180 67 901 180 
41 67 67 503 744 67 67 67 67 67 404 67 67 
42 219 704 219 219 219 219 219 704 219 219 219 219 219 219 219 
43 16 16 311 16 16 16 16 16 
44 67 67 67 67 67 67 67 67 67 67 503 67 67 67 67 67 15 
45 219 219 219 219 219 219 219 219 1376 219 219 219 219 219 219 219 
46 219 219 219 219 219 219 219 219 219 219 219 219 219 219 219 
47 219 135 219 219 219 219 219 219 219 219 219 219 219 219 219 
48 219 219 219 219 248 219 219 219 219 642 219 219 219 219 
51 52 219 219 219 219 219 219 219 219 219 219 219 219 
52 16 1151 219 16 16 16 16 16 16 1151 16 16 63 
53 16 219 16 16 52 16 16 16 16 16 16 16 16 16 16 16 
54 219 219 219 94 219 219 219 219 219 219 378 219 219 219 
55 219 219 219 219 219 1375 88 219 88 219 219 219 219 
56 216 219 219 219 219 219 219 219 219 16 284 191 219 219 219 219 219 
57 219 219 219 150 219 219 219 219 219 219 219 219 219 219 219 
58 207 207 207 207 207 207 207 834 207 180 207 207 207 
59 503 503 503 503 503 503 503 503 503 503 503 67 503 503 
60 404 219 219 219 219 219 219 219 219 219 425 219 219 219 219 219 219 
61 378 180 378 378 378 804 378 378 378 378 378 378 219 378 67 968 67 378 
62 219 16 219 219 219 219 210 219 219 219 219 219 219 220 219 16 
63 284 219 219 219 219 1375 717 219 16 219 219 219 180 219 63 219 219 
64 219 219 219 219 180 503 219 219 219 219 219 219 219 16 219 
65 219 219 219 219 219 219 219 383 219 219 219 219 191 219 219 219 
66 219 219 16 219 219 823 16 219 219 219 219 219 
67 180 248 180 180 180 180 248 180 180 180 180 180 
68 16 16 16 16 16 16 16 16 16 16 16 67 16 62 16 
69 15 16 15 15 15 219 15 15 15 15 220 15 15 15 15 15 
70 16 16 191 16 16 16 16 16 16 16 16 16 16 16 
71 219 219 21 219 219 219 219 219 219 219 219 219 219 
72 219 15 219 901 219 219 219 219 67 219 219 219 219 
73 219 219 219 219 219 219 52 219 191 63 219 284 219 219 219 219 
74 219 219 219 219 219 219 219 219 1214 217 219 219 
75 219 219 219 219 219 219 219 219 219 219 219 67 
76 16 16 16 16 16 873 16 16 16 16 16 16 16 16 16 16 16 16 
78 219 219 219 1002 219 219 219 219 219 219 219 219 63 219 219 
79 191 16 16 16 16 16 16 16 16 16 16 
80 16 191 16 62 16 651 16 219 16 15 16 16 
82 67 378 67 67 67 67 67 67 67 67 67 67 67 67 191 67 67 67 
83 219 219 152 219 219 219 378 219 219 219 219 52 219 219 
84 219 219 219 219 219 219 219 141 219 219 219 16 219 
85 67 67 67 67 67 180 67 67 67 67 67 67 67 67 
86 219 219 219 219 219 219 219 219 219 219 219 219 219 219 219 219 
88 219 219 141 52 219 219 219 887 219 219 219 219 219 219 16 
89 219 219 219 219 219 219 761 219 16 219 219 219 
90 219 219 219 219 67 219 219 219 219 219 219 219 219 1051 219 219 
91 617 219 219 219 219 219 219 219 219 639 219 219 219 219 
92 219 150 1051 219 219 219 219 383 219 219 219 219 219 219 16 
93 219 220 219 38 219 219 217 219 1140 219 219 219 219 219 
94 219 219 219 16 219 219 219 219 219 219 219 219 219 219 219 219 219 1140 
95 503 503 503 503 503 503 503 503 503 503 383 503 67 503 503 
96 378 378 378 378 378 378 378 378 378 378 378 378 378 
97 219 219 219 220 219 219 219 219 219 219 67 219 219 
98 219 219 219 219 219 219 219 219 219 219 219 219 219 
99 219 52 219 219 219 219 219 219 219 219 219 219 
100 219 219 219 219 16 150 39 219 383 219 219 219 62 219 219 141 
101 279 219 219 219 219 88 219 219 16 219 219 219 219 219 219 219 219 219 
102 219 67 219 150 219 219 219 219 219 219 219 219 
103 67 301 67 67 67 67 67 67 67 67 378 67 67 67 67 
104 5 5 5 16 5 5 5 5 5 5 5 5 5 936 5 5 
105 219 219 219 219 219 219 219 717 1118 279 219 219 219 
106 219 219 219 219 219 16 219 219 219 219 219 343 67 16 
107 16 16 16 16 16 16 103 16 16 16 
108 219 219 219 219 219 219 219 219 219 219 219 219 219 16 219 219 
109 877 219 219 52 16 219 219 219 219 219 321 219 219 19 
110 219 219 219 219 219 219 219 219 219 219 219 219 219 219 219 
111 219 219 219 219 15 219 219 219 219 219 219 39 219 
112 67 67 141 67 67 67 67 67 67 67 67 67 67 67 67 67 
113 219 219 219 219 219 167 219 219 16 219 219 219 219 219 219 
114 219 219 219 219 16 219 219 812 219 219 219 219 219 
115 219 219 219 219 219 219 219 219 219 219 
116 67 67 67 219 67 16 67 67 67 67 378 67 67 67 
117 219 219 219 219 219 219 219 219 219 219 219 219 219 219 
118 877 219 219 219 219 219 219 219 219 219 219 16 219 219 219 219 180 219 
119 219 219 219 219 219 219 219 219 219 
120 16 16 16 16 16 16 16 16 16 16 16 16 16 16 63 
121 219 67 67 67 67 180 343 67 67 196 67 62 67 
122 219 219 219 219 219 219 219 219 39 219 219 219 52 
123 67 67 67 67 343 67 67 67 67 67 67 67 
124 219 219 219 219 219 39 219 219 219 219 219 219 219 219 219 704 
125 219 219 219 219 219 219 16 219 219 219 219 219 
126 219 219 219 219 219 219 219 219 219 219 219 219 219 219 
127 219 219 219 219 219 219 219 219 219 219 219 219 219 219 219 
128 180 180 180 180 180 180 180 180 180 16 180 180 180 
129 219 219 219 219 219 219 219 219 219 219 
130 877 219 15 219 219 219 219 219 219 219 16 219 219 219 
131 16 16 16 16 503 16 16 16 5 16 16 63 16 16 16 16 16 
132 219 219 219 219 219 219 219 219 16 219 219 1399 1051 219 
133 219 16 219 219 219 219 219 219 219 219 219 
134 191 191 191 191 191 191 191 191 16 191 39 191 191 191 191 191 191 191 
135 219 219 219 311 219 219 219 219 219 54 219 219 219 
136 16 16 16 16 16 16 16 16 16 16 16 133 16 16 219 16 
137 16 16 16 16 16 16 16 52 
138 219 219 219 219 219 219 219 219 219 219 219 219 219 219 219 219 219 219 
139 67 67 67 67 207 67 67 5 67 67 67 67 67 
140 67 67 67 63 67 67 67 67 220 67 343 67 67 67 67 
141 219 219 219 219 219 219 219 219 219 219 219 219 219 219 219 
142 219 219 219 219 219 219 219 219 219 16 219 219 141 219 
143 16 16 584 16 16 16 16 16 219 16 16 16 180 16 16 16 16 
144 503 503 503 503 503 404 503 503 67 503 503 503 503 503 503 
145 378 378 378 639 378 378 378 378 378 378 378 378 378 
146 219 219 219 219 219 219 219 219 219 219 219 219 219 219 219 219 219 219 
147 16 16 16 16 16 16 16 279 16 28 16 16 16 16 16 
148 378 219 219 219 219 219 219 219 219 219 219 219 219 
149 67 67 15 67 67 67 67 67 67 67 67 67 67 67 67 67 67 
150 16 219 219 219 219 219 1399 219 219 88 219 1051 219 
151 378 378 378 378 378 378 378 378 180 378 378 152 378 378 378 
152 219 219 219 219 284 284 219 219 219 219 219 28 284 219 219 
153 67 67 67 67 67 67 67 67 67 67 219 67 67 67 67 67 
154 67 67 67 67 67 67 67 67 67 67 67 67 
155 219 219 219 219 219 219 219 219 219 219 219 219 219 
156 219 219 284 219 219 219 219 219 219 219 219 219 21 219 219 
157 219 219 219 219 16 219 219 219 16 219 219 219 219 219 
158 207 207 207 219 207 207 207 311 404 133 207 207 207 
159 16 16 16 16 16 219 16 16 16 16 16 16 16 16 180 
160 219 219 219 219 219 219 219 219 219 219 219 219 119 219 219 219 
161 219 219 219 219 219 219 219 219 219 
162 16 16 16 16 16 219 16 16 16 
163 16 191 16 16 219 16 16 635 16 16 16 16 
164 378 378 378 378 378 378 378 220 378 378 378 
165 219 219 219 219 219 219 219 16 219 219 219 219 219 219 219 219 219 219 
166 16 16 16 16 16 16 16 16 16 16 16 39 180 16 
167 219 311 219 219 719 219 219 219 219 219 219 219 219 219 219 5 219 
168 219 219 219 219 219 219 219 219 219 219 219 219 219 
169 219 150 217 219 219 219 219 219 219 219 219 425 219 219 219 789 
170 378 220 180 378 378 378 378 378 378 67 67 378 
171 219 219 219 61 219 219 219 219 217 16 219 404 219 
172 219 219 219 219 219 219 219 219 642 219 219 219 219 219 219 
173 219 219 219 219 219 219 219 219 219 219 219 219 219 219 
174 219 219 219 219 219 219 191 219 219 219 219 219 219 16 
175 219 219 219 219 219 219 404 219 5 219 219 219 219 16 
176 219 219 219 219 219 219 219 219 219 219 219 15 219 219 
177 219 219 219 219 219 219 219 219 219 270 219 135 219 219 
178 219 219 219 219 219 219 219 219 219 219 
179 16 16 16 219 16 16 16 16 16 219 16 16 28 103 16 16 
180 67 67 67 67 503 67 67 67 67 67 67 67 67 67 
181 67 67 378 67 67 67 67 67 67 67 67 67 67 67 67 
182 219 219 219 219 219 219 94 219 94 219 150 219 219 219 
183 16 16 16 16 16 16 16 16 16 16 16 16 16 16 16 
184 180 180 180 404 180 180 180 180 180 180 180 180 180 
185 16 16 16 16 16 16 16 16 16 16 16 219 67 16 16 16 16 
186 16 16 16 16 16 16 16 16 16 16 16 
187 219 219 219 219 219 219 219 191 219 38 219 52 219 219 
188 219 219 219 219 219 219 219 219 219 219 219 219 219 219 
189 141 141 141 141 141 141 141 141 141 141 141 378 141 141 
190 219 16 219 219 219 219 219 219 219 639 219 219 15 
191 219 219 219 219 219 219 219 219 219 219 219 219 219 
192 219 119 219 219 
193 219 284 219 219 704 219 219 219 219 39 219 
194 404 207 207 1203 207 207 15 207 207 141 207 207 207 133 207 207 
195 16 16 16 16 16 16 16 16 16 16 16 16 16 16 16 
196 67 67 67 67 67 67 67 67 63 67 67 
197 219 219 219 219 219 219 219 219 219 219 219 
198 219 219 219 219 219 219 219 219 219 
199 39 39 39 39 39 16 39 39 39 39 39 39 
200 219 219 219 219 219 219 88 219 219 219 503 219 5 219 219 219 219 219 
201 67 67 67 67 378 67 67 67 67 67 67 67 67 67 
202 16 16 16 219 16 16 16 16 16 16 16 16 16 16 
203 219 219 219 219 219 219 219 63 219 219 219 219 
204 219 219 219 219 16 219 219 219 219 219 219 219 219 219 
205 219 219 219 873 219 219 219 219 219 378 219 219 219 
207 378 378 378 141 378 378 378 378 378 290 378 378 378 
208 54 52 16 16 744 16 16 16 16 16 744 16 16 
209 219 219 219 219 219 219 52 219 1376 425 219 52 219 219 1051 219 219 219 
210 219 219 219 152 219 219 219 219 16 219 219 219 378 219 219 
211 219 284 16 219 219 219 219 219 219 219 219 219 52 
212 219 219 248 219 219 219 219 219 219 219 219 
213 378 378 378 378 378 378 180 378 378 378 378 378 378 378 378 
214 219 219 219 219 219 219 219 219 219 219 219 717 219 88 219 219 
215 207 207 207 207 207 207 207 207 180 207 207 207 207 207 
216 16 16 219 219 219 219 219 16 219 219 219 16 1413 219 1140 
217 219 248 219 219 219 219 365 219 219 219 219 219 219 219 219 219 
218 180 180 180 180 191 180 180 180 180 180 180 133 180 
219 219 219 219 404 219 219 219 219 191 219 219 52 16 219 219 52 219 219 
220 67 67 67 150 67 67 67 67 67 67 321 67 67 
221 219 16 219 219 219 219 219 219 219 219 219 219 219 219 
222 219 219 219 219 219 219 219 219 219 219 219 219 219 52 
223 219 219 219 219 219 219 219 219 219 219 219 219 219 219 219 
224 219 219 219 219 219 219 219 219 219 1027 219 39 219 
225 1075 180 180 180 180 180 180 180 180 
226 219 219 219 219 219 219 219 219 219 219 1596 219 219 
227 219 219 219 219 219 219 219 219 16 219 219 219 219 219 
228 191 191 191 191 191 191 191 191 191 191 180 
229 207 207 207 207 207 207 207 207 52 15 719 207 207 
230 219 219 219 219 219 219 219 219 219 219 219 219 1051 219 219 219 219 
231 219 219 219 219 219 219 219 219 219 219 219 219 219 
232 378 133 39 378 378 378 378 378 378 378 67 378 
233 219 219 219 219 219 219 219 219 219 219 219 378 219 219 
234 219 219 219 219 16 219 219 219 219 52 219 219 71 219 219 
235 219 219 219 219 219 219 761 219 219 219 219 
236 219 219 455 219 219 219 219 219 219 219 219 219 191 219 219 219 219 16 219 
237 67 67 67 67 67 67 219 67 67 67 67 67 67 
238 67 67 67 67 67 67 67 67 67 88 67 67 67 383 67 67 67 
239 219 219 219 219 219 219 219 219 219 219 219 219 1281 219 219 
240 67 67 67 67 67 67 67 67 67 219 67 67 67 67 67 
241 16 16 16 16 16 16 16 39 16 16 16 
242 219 219 284 207 219 219 219 219 219 219 52 219 219 219 
243 67 67 67 67 67 67 67 67 67 67 67 67 704 67 67 67 63 
244 219 219 219 284 219 219 219 219 219 219 219 16 219 219 219 
245 219 219 219 219 15 219 219 219 219 219 16 219 219 219 
246 16 16 16 16 16 16 16 16 16 
247 1349 67 67 67 67 67 67 67 67 67 180 67 67 
248 16 16 16 16 16 16 180 52 16 16 16 
249 761 219 219 219 219 219 152 219 219 219 219 219 219 
250 217 16 16 311 16 54 16 16 16 191 16 54 16 16 219 
251 16 16 16 16 16 16 16 16 16 16 16 16 16 16 16 16 
252 67 67 67 67 67 67 67 642 67 67 
253 219 219 219 219 219 219 219 219 219 219 219 219 219 219 
254 16 39 16 16 16 52 16 16 16 16 16 16 16 
255 16 16 16 16 16 16 16 651 16 16 16 16 
256 67 67 67 67 52 67 67 67 67 503 67 67 67 67 
257 94 219 219 219 219 219 219 219 219 219 219 16 219 219 
258 219 219 219 219 16 219 219 219 52 219 219 219 219 219 
259 86 219 219 219 219 219 219 219 219 219 219 
260 16 16 16 744 16 16 16 16 16 103 219 16 
261 16 52 16 16 16 16 16 16 180 16 191 16 219 16 16 
262 744 744 744 744 744 744 744 744 180 744 
263 219 219 219 219 219 219 219 16 219 219 219 219 219 219 219 219 219 
264 67 67 67 62 67 67 67 67 67 67 67 67 67 67 67 
265 67 67 67 67 67 67 67 67 67 378 378 67 67 67 
266 219 219 219 219 219 219 378 219 219 219 219 
267 67 67 67 67 378 67 248 67 279 63 67 67 141 67 
268 219 219 219 219 219 67 219 16 219 219 219 219 219 219 52 219 219 
269 141 16 180 180 180 180 180 180 180 67 180 180 180 180 180 
270 16 16 16 16 16 16 16 16 16 16 16 16 217 16 225 
271 16 146 16 16 16 16 16 16 16 16 16 16 16 16 16 
272 39 219 219 219 219 219 219 219 219 16 219 219 219 219 
273 219 219 219 219 219 219 219 219 219 219 219 219 279 219 219 219 219 219 
274 16 219 174 16 16 16 16 16 16 16 16 16 16 
275 180 180 180 180 378 180 180 180 180 180 180 180 
276 67 67 180 67 67 67 67 503 67 67 67 67 67 67 67 67 67 
277 219 219 219 219 219 219 219 219 901 219 180 219 219 
278 219 219 16 219 219 219 219 219 219 219 219 219 1174 284 219 219 
280 217 16 16 16 16 16 16 16 16 16 16 16 16 
281 16 52 16 16 16 16 16 16 180 16 16 334 16 1413 219 16 16 
282 219 219 219 219 219 219 219 219 219 219 219 219 219 
283 67 67 54 67 378 67 67 67 67 15 67 1540 67 67 67 67 
284 67 67 67 67 67 67 67 67 67 67 67 67 67 67 
285 67 67 67 67 67 67 67 67 67 67 67 67 67 67 67 67 67 
286 16 16 16 16 16 16 16 16 16 16 16 
287 16 219 219 219 383 219 219 219 219 219 219 219 219 901 219 219 219 219 
288 219 219 219 219 219 219 219 219 219 219 219 219 219 219 52 219 219 
289 67 67 191 67 67 67 217 67 67 67 67 5 67 67 67 
