0 138 5 138 67 5 67 233 5 28 5 219 219 5 
1 5 1375 5 138 219 5 191 219 138 219 219 16 
2 150 5 5 5 67 219 219 5 5 67 219 219 219 5 39 
3 5 5 138 5 106 219 5 180 5 1644 704 5 5 5 
4 1672 219 138 5 138 5 60 5 5 5 5 5 16 5 5 54 5 
5 5 5 219 5 5 5 5 5 219 5 5 5 219 
6 5 5 5 5 5 5 219 5 5 219 28 5 138 202 
7 5 378 368 5 5 219 219 138 378 5 138 5 
8 5 5 219 5 5 5 52 5 191 150 62 5 
9 0 219 5 5 5 24 5 5 5 5 52 5 138 138 5 
10 334 16 5 217 5 334 5 219 138 219 5 5 
11 5 0 5 5 5 5 5 5 5 5 5 219 368 5 54 138 
12 5 219 5 180 5 219 5 352 5 39 138 5 5 138 
14 219 5 5 368 5 5 649 5 219 5 219 402 219 5 368 
15 5 5 5 5 219 219 1657 138 219 5 5 
16 5 0 219 5 219 5 5 5 5 5 474 5 
17 5 12 219 5 196 5 62 219 5 5 67 5 
18 5 5 5 368 5 219 219 5 5 219 5 5 219 
19 138 5 383 16 196 219 5 28 16 5 
20 5 219 5 5 219 5 5 219 28 5 5 5 219 710 219 5 
21 138 219 5 5 67 368 5 191 219 5 5 219 5 219 5 150 
22 5 5 191 62 378 5 5 290 191 378 
23 5 219 5 5 5 5 5 5 5 219 5 5 
24 5 5 5 219 219 5 5 5 5 3 5 5 
25 5 219 5 5 5 636 5 5 219 219 5 
26 5 5 138 138 5 649 138 368 368 5 5 5 5 5 67 
27 5 5 5 219 219 5 5 5 5 5 28 219 219 219 5 
28 219 5 219 28 5 5 28 5 5 5 5 138 5 
29 219 5 219 1375 649 5 219 323 368 219 744 138 5 368 
30 5 219 219 219 5 5 5 39 5 5 5 5 5 
31 164 5 138 5 219 219 219 219 5 5 5 5 
32 200 368 5 5 219 16 5 5 219 5 5 150 28 
33 5 219 5 138 5 5 5 191 5 219 180 28 219 219 
34 219 219 5 5 5 5 37 5 5 67 5 5 219 5 28 5 1399 219 138 5 
35 5 67 138 219 138 5 5 219 248 368 5 219 5 138 368 5 
36 219 219 5 138 219 5 5 5 219 5 5 219 219 219 219 
37 138 5 62 219 5 138 5 219 649 5 207 24 219 28 219 5 138 
38 5 138 5 219 191 5 5 138 5 5 219 5 
39 62 5 5 5 5 5 845 5 28 5 5 5 5 568 219 
40 1025 191 5 5 138 5 5 649 5 28 191 67 901 1644 
41 219 5 503 219 219 28 5 5 16 39 5 5 
42 5 191 138 5 368 5 5 39 5 219 219 5 5 5 5 
43 5 5 112 219 138 5 5 28 
44 5 5 5 5 5 5 5 5 368 28 1746 219 5 61 138 5 219 
45 5 5 5 5 5 138 5 5 1118 5 219 5 5 5 5 219 
46 5 5 5 5 5 138 138 5 5 5 5 5 138 138 5 
47 5 1677 138 5 138 5 54 28 5 5 5 219 28 138 5 
48 138 28 28 5 138 5 5 5 5 642 368 368 5 219 
51 325 219 219 5 138 219 219 219 219 5 28 219 5 
52 5 1350 219 5 138 5 219 5 5 1350 5 219 67 
53 5 5 138 368 219 28 5 5 5 5 5 5 5 138 138 16 
54 5 5 138 94 219 0 374 5 219 5 378 5 5 5 
55 5 5 5 219 219 106 88 5 88 368 5 219 368 
56 216 219 5 219 5 5 5 5 219 191 284 191 219 5 5 138 219 
57 5 5 219 150 5 5 5 5 5 28 5 5 5 219 5 
58 138 5 138 106 5 1644 5 180 219 219 1644 5 368 
59 219 219 5 5 5 28 5 219 5 5 5 626 138 5 
60 191 219 368 5 5 219 5 5 219 5 5 219 5 219 5 5 219 
61 191 219 5 378 378 804 5 1399 219 219 16 378 219 5 219 219 5 5 
62 5 16 202 138 219 5 378 5 5 79 5 5 5 220 5 16 
63 5 5 368 5 219 106 67 5 191 368 5 5 180 219 63 219 5 
64 219 5 5 5 191 3 368 5 219 5 5 5 5 191 5 
65 219 5 28 5 219 5 138 28 5 219 5 5 191 5 368 138 
66 5 0 12 5 5 823 16 5 219 5 5 219 
67 191 219 5 5 5 191 219 5 16 138 5 5 
68 5 5 5 16 5 5 138 5 5 368 219 67 5 62 138 
69 5 191 5 5 5 219 15 5 5 138 220 114 5 5 5 219 
70 368 5 191 5 5 54 5 5 5 28 219 219 5 28 
71 138 5 649 5 5 5 5 219 219 5 28 138 5 
72 5 191 219 378 5 5 5 219 67 5 5 5 219 
73 5 219 5 5 5 138 52 5 191 67 5 284 5 5 5 5 
74 28 138 5 28 219 5 1530 219 28 368 5 219 
75 368 5 5 5 219 5 5 219 219 5 5 67 
76 5 5 12 28 5 343 219 5 5 5 5 219 368 219 5 9 3 5 
78 5 5 5 5 5 219 219 5 5 5 5 219 63 474 5 
79 191 5 5 219 1530 845 649 5 5 368 5 
80 219 5 5 62 5 521 5 219 138 150 138 138 
82 5 766 5 5 5 67 5 37 5 5 28 5 219 5 191 150 138 219 
83 5 5 378 219 60 219 378 5 28 376 28 52 219 138 
84 5 5 5 138 219 219 5 191 5 219 28 368 138 
85 5 150 5 219 5 180 219 5 5 138 138 138 5 138 
86 5 138 219 138 5 219 28 5 5 5 5 5 5 5 1644 5 
88 5 5 39 150 219 5 5 67 5 219 219 219 5 219 626 
89 5 5 5 5 219 5 378 138 39 5 5 5 
90 5 5 5 5 24 36 5 5 219 5 219 219 5 1471 3 219 
91 617 5 5 219 5 5 5 5 28 16 5 5 5 219 
92 1672 150 147 5 5 219 5 67 219 5 5 368 219 368 191 
93 5 220 5 5 5 5 217 5 1140 54 54 5 5 5 
94 5 5 5 16 368 5 219 138 219 219 5 5 219 5 5 5 138 220 
95 5 5 5 138 503 219 219 5 5 845 383 5 138 368 138 
96 5 5 5 368 5 219 138 5 219 219 28 5 16 
97 219 5 5 634 5 5 368 5 5 5 67 5 219 
98 219 138 138 219 649 5 5 368 219 28 54 5 5 
99 219 67 28 5 5 219 5 5 5 5 138 5 
100 5 5 5 219 16 150 39 219 383 5 5 219 1539 5 5 67 
101 279 5 219 5 28 62 219 5 16 5 5 5 5 219 219 138 138 5 
102 5 67 5 150 219 219 219 5 5 649 5 5 
103 5 302 5 5 67 5 5 5 5 5 378 5 5 5 138 
104 5 5 5 191 5 5 5 5 5 5 5 5 5 936 5 5 
105 0 5 5 5 219 5 5 717 1118 1007 219 5 368 
106 28 5 219 219 374 16 219 5 368 5 5 343 67 16 
107 219 219 39 138 5 5 103 5 649 138 
108 5 5 5 5 138 219 219 374 219 219 219 368 5 126 5 219 
109 877 5 5 52 812 5 28 5 5 219 321 54 54 114 
110 219 219 5 5 219 5 5 845 5 376 219 219 5 5 28 
111 5 5 5 5 67 219 219 219 5 5 5 39 5 
112 5 5 250 219 5 5 5 5 67 367 16 5 219 5 138 138 
113 138 5 219 138 138 191 219 28 54 219 219 219 5 5 138 
114 5 1158 28 138 812 5 5 812 28 5 28 219 5 
115 219 219 5 219 5 5 219 5 219 219 
116 5 16 219 219 219 16 60 5 5 138 16 28 5 5 
117 5 5 5 138 5 219 5 5 219 5 219 5 28 219 
118 877 5 5 219 5 5 5 138 138 5 219 5 219 219 5 219 180 138 
119 5 845 5 0 368 219 138 5 5 
120 5 5 5 649 5 16 5 5 5 5 5 5 5 219 63 
121 219 5 67 5 219 37 16 5 5 196 219 1539 5 
122 5 138 5 219 24 219 138 138 39 5 5 219 52 
123 5 5 5 138 16 219 1399 138 67 219 5 5 
124 5 0 474 5 5 39 219 219 219 5 5 5 219 368 5 704 
125 28 5 5 219 1530 138 138 28 5 219 138 219 
126 5 5 5 5 138 5 5 24 5 5 5 5 5 138 
127 5 5 5 219 5 138 138 5 5 5 5 5 219 5 5 
128 219 138 5 5 5 5 60 5 5 88 191 1644 60 
129 5 138 368 368 5 219 138 374 5 219 
130 877 5 67 5 219 5 368 5 317 5 16 219 5 219 
131 5 5 5 5 503 219 5 5 5 5 16 5 219 219 5 219 5 
132 219 5 5 5 138 649 219 219 39 1530 5 1399 1051 219 
133 219 12 5 219 5 5 5 5 219 5 219 
134 5 138 5 5 5 5 5 317 5 62 39 5 5 191 5 368 5 219 
135 5 138 5 769 219 219 5 5 5 54 5 219 5 
136 766 5 138 5 5 5 5 5 88 219 5 39 5 5 219 474 
137 219 5 12 368 219 219 5 52 
138 5 5 5 219 5 5 5 5 219 219 5 5 5 5 5 5 5 138 
139 5 5 219 5 207 5 5 5 5 5 5 5 16 
140 5 5 5 219 5 5 5 150 220 5 343 5 5 219 67 
141 5 138 219 5 28 5 5 202 5 219 5 5 5 5 5 
142 5 5 5 5 5 138 219 5 845 664 5 5 207 138 
143 5 219 150 12 5 368 219 5 219 5 5 368 172 5 5 138 219 
144 5 219 5 138 5 67 877 219 54 191 1626 219 5 138 5 
145 62 219 138 219 5 5 219 67 5 5 5 5 5 
146 219 219 5 5 5 5 5 5 5 5 5 5 5 219 219 5 5 138 
147 138 5 138 5 5 5 5 67 5 28 5 5 219 5 138 
148 378 5 5 219 5 5 28 219 5 5 5 219 138 
149 5 5 39 5 5 5 67 219 5 5 5 5 219 5 3 219 138 
150 28 5 219 5 138 5 1399 219 5 88 5 1051 138 
151 5 5 5 5 138 191 219 106 180 5 16 5 368 5 138 
152 5 5 219 219 5 284 219 219 5 28 5 28 284 5 5 
153 219 138 12 368 138 28 5 138 5 5 219 5 5 5 138 138 
154 5 845 5 5 5 5 138 5 54 5 138 5 
155 5 138 219 219 219 374 5 5 5 5 28 5 5 
156 219 5 5 5 219 138 23 28 5 5 219 5 23 5 138 
157 0 219 5 219 16 219 219 219 191 5 5 5 5 219 
158 378 5 5 219 67 207 5 311 150 191 138 138 5 
159 0 16 138 5 5 5 5 5 5 5 5 150 138 138 112 
160 5 5 138 219 5 219 5 5 219 5 219 5 119 5 54 28 
161 5 5 5 5 138 219 219 138 5 
162 138 12 16 54 219 219 5 5 5 
163 150 191 5 28 219 138 5 710 219 219 5 219 
164 5 5 5 845 368 378 5 220 138 28 191 
165 5 5 5 5 219 5 5 16 5 5 5 5 28 5 219 219 138 138 
166 5 138 5 16 138 138 5 649 5 28 5 5 39 138 
167 5 769 5 5 719 5 138 5 219 649 5 5 219 5 138 5 219 
168 5 5 5 5 5 5 5 5 5 28 1530 219 138 
169 5 150 217 219 219 5 5 5 5 5 28 5 219 219 219 789 
170 5 717 191 1399 138 5 219 5 219 150 191 5 
171 5 219 219 61 5 5 5 219 5 196 5 404 219 
172 219 5 5 5 138 219 219 5 1585 5 5 5 28 219 138 
173 219 138 5 28 5 5 138 5 5 219 368 5 368 138 
174 5 5 5 28 5 5 191 219 28 5 219 219 5 39 
175 5 5 219 5 5 5 474 5 5 5 219 5 5 138 
176 5 5 219 5 5 5 5 5 5 5 219 67 5 5 
177 219 219 5 5 219 219 5 5 5 191 5 248 5 5 
178 5 5 219 219 5 5 138 5 219 5 
179 5 16 5 5 28 5 474 16 219 5 138 196 28 1399 138 5 
180 5 219 5 219 503 219 5 5 5 219 5 5 16 5 
181 368 5 766 28 5 5 219 138 219 219 5 5 5 138 67 
182 5 5 5 138 5 5 39 5 67 219 150 219 5 219 
183 5 5 5 5 5 5 219 5 5 5 5 5 5 138 126 
184 5 138 138 67 5 60 368 219 5 191 138 138 368 
185 5 5 219 219 5 5 16 5 5 219 5 219 67 5 150 138 219 
186 5 5 5 5 138 5 5 138 5 60 138 
187 5 28 219 219 219 138 219 191 219 16 5 197 138 5 
188 5 5 5 138 219 219 5 5 5 5 219 219 5 5 
189 5 5 5 5 5 5 106 219 5 52 5 1399 138 368 
190 5 441 5 138 219 5 219 5 5 16 219 5 15 
191 138 5 219 138 5 5 5 5 5 1530 219 5 219 
192 368 191 5 219 
193 5 5 5 219 704 36 219 5 5 39 5 
194 62 138 5 106 207 5 24 219 5 237 5 219 5 219 537 138 
195 812 138 240 5 5 5 24 5 219 138 368 5 138 5 16 
196 138 5 138 219 28 5 219 219 63 150 138 
197 5 5 138 219 5 5 5 5 474 5 5 
198 1 5 5 219 5 5 5 5 5 
199 5 5 5 5 5 1399 219 1539 474 219 5 5 
200 5 5 5 5 5 5 240 5 219 5 503 5 5 5 368 5 5 5 
201 5 5 5 138 5 5 5 5 28 5 219 1399 1672 138 
202 5 5 12 5 219 5 5 60 219 219 28 5 16 1399 
203 0 219 24 219 79 219 219 67 5 5 24 5 
204 5 5 845 5 39 5 5 5 5 5 5 5 5 219 
205 5 138 219 5 5 219 5 5 5 378 219 5 5 
207 5 5 5 114 5 5 219 1530 5 768 5 378 5 
208 54 219 150 5 39 5 5 5 5 5 1387 5 5 
209 219 219 5 138 219 5 48 5 191 191 5 48 219 5 1471 5 219 138 
210 219 474 5 651 5 24 54 5 5 5 28 5 378 3 138 
211 5 5 812 5 5 5 5 219 5 5 5 368 52 
212 5 5 138 219 5 219 5 5 649 138 5 
213 5 5 138 5 5 138 16 5 219 5 5 5 16 219 5 
214 5 5 138 219 219 5 219 5 24 79 5 61 5 191 138 5 
215 219 5 5 138 5 5 374 5 5 5 28 138 368 5 
216 16 5 5 5 219 5 219 16 5 5 5 138 1414 5 220 
217 219 248 219 219 5 5 669 5 5 60 138 138 138 5 5 5 
218 150 219 138 368 219 5 5 5 16 5 172 219 138 
219 219 5 5 39 5 5 5 219 191 5 138 1399 5 5 219 88 5 138 
220 1672 5 138 150 54 5 28 5 196 219 5 54 138 
221 219 12 5 138 219 5 5 219 219 5 1530 219 5 368 
222 5 219 5 0 219 138 5 5 5 5 5 5 219 16 
223 5 5 5 138 5 5 28 5 5 219 5 28 138 138 5 
224 219 368 5 5 60 5 5 219 5 1027 5 39 368 
225 1076 5 5 219 138 60 5 5 138 
226 5 28 5 5 5 60 28 368 5 5 1631 138 219 
227 219 474 138 219 5 5 5 5 191 28 3 5 138 5 
228 138 5 5 219 191 368 5 5 5 138 37 
229 5 138 60 5 28 5 207 5 52 60 1349 138 138 
230 5 219 474 5 5 219 5 5 5 5 5 5 1399 5 219 5 138 
231 5 5 219 5 5 5 219 5 138 323 138 138 138 
232 5 219 39 378 219 5 5 5 5 1399 219 5 
233 5 5 5 36 5 5 219 28 219 368 5 378 219 5 
234 5 5 5 5 812 219 5 219 5 67 5 219 916 138 5 
235 5 219 5 5 5 5 1507 5 219 5 5 
236 5 5 455 5 5 474 5 5 36 5 5 5 191 5 219 5 3 39 219 
237 138 5 16 219 5 5 219 28 5 219 5 28 138 
238 368 0 5 5 474 138 28 219 649 219 67 5 5 150 5 5 5 
239 219 219 5 54 5 5 23 219 28 5 219 5 1399 138 219 
240 5 5 5 219 219 5 5 67 5 219 5 219 138 5 219 
241 5 5 5 5 219 219 219 1399 138 219 219 
242 5 5 5 1396 368 219 5 5 5 5 48 5 219 219 
243 5 219 5 5 138 138 368 5 376 5 5 5 219 5 67 5 63 
244 5 5 5 5 5 5 5 28 5 219 5 138 60 219 219 
245 5 5 5 5 15 5 5 138 219 5 5 5 5 219 
246 5 5 138 219 138 5 138 138 138 
247 1349 5 5 5 67 219 5 24 5 67 172 5 5 
248 5 5 5 5 845 5 106 52 219 368 5 
249 191 5 5 138 5 368 378 219 5 5 24 219 368 
250 217 5 12 769 5 54 5 5 5 191 5 54 219 5 219 
251 138 5 5 138 138 5 219 5 5 5 5 138 5 1644 5 219 
252 5 5 5 368 138 5 5 642 191 202 
253 5 5 219 5 5 5 5 28 5 5 5 5 5 219 
254 5 5 5 5 5 1399 5 5 5 5 219 5 5 
255 5 5 5 5 16 5 138 28 5 138 138 5 
256 12 5 28 368 52 138 5 138 5 642 37 5 5 138 
257 94 219 219 219 5 5 5 219 5 5 28 150 219 138 
258 0 5 5 5 12 5 5 5 52 219 5 219 368 219 
259 191 5 5 5 5 5 219 5 5 5 28 
260 5 5 5 744 5 219 5 5 5 812 219 5 
261 219 219 219 16 5 5 5 5 378 219 191 5 219 39 5 
262 0 5 5 219 5 5 5 5 180 5 
263 219 138 5 138 5 5 649 24 5 5 79 5 219 5 219 138 5 
264 5 191 219 62 138 5 5 649 5 368 138 1644 5 219 138 
265 5 5 5 5 138 5 5 28 649 378 219 219 5 67 
266 219 5 219 5 219 219 378 138 5 5 649 
267 5 5 24 138 378 5 378 5 279 664 5 5 141 0 
268 5 5 219 5 5 67 5 5 219 219 5 5 219 5 62 138 219 
269 736 36 219 5 368 378 24 5 5 219 219 138 5 138 5 
270 16 5 5 5 219 5 5 5 5 5 138 196 67 16 5 
271 5 144 5 219 138 374 219 191 5 219 5 5 5 5 150 
272 5 138 219 5 219 219 5 219 219 16 5 5 138 5 
273 5 219 5 219 138 219 5 219 5 5 79 5 279 138 138 5 219 5 
274 5 202 114 250 5 5 5 5 5 5 5 138 138 
275 5 219 219 5 191 219 219 138 1644 649 219 219 
276 219 5 219 5 5 138 5 219 219 5 474 67 5 5 368 5 3 
277 5 5 5 138 5 219 5 219 378 5 180 219 5 
278 5 5 12 5 5 5 5 5 5 219 5 219 1344 284 138 5 
280 28 5 5 28 5 16 219 5 1399 28 5 138 219 
281 5 219 138 5 5 5 138 28 378 16 1657 334 138 1414 5 191 219 
282 5 5 219 649 5 5 219 5 219 5 138 5 5 
283 5 5 54 5 5 5 5 5 138 219 219 1540 138 5 138 191 
284 219 5 5 5 191 5 5 5 5 219 5 5 219 138 
285 5 5 219 5 5 5 5 60 5 219 5 5 5 5 5 5 16 
286 5 5 16 5 5 5 5 5 138 138 5 
287 150 5 368 5 191 649 5 5 5 5 219 5 368 901 5 5 5 5 
288 5 5 219 219 5 138 649 5 5 219 1530 5 219 219 16 219 219 
289 5 1399 191 5 219 5 16 138 67 5 138 5 5 5 5 
