0 219 733 1672 67 1672 67 233 219 219 219 219 219 1325 
1 219 180 219 219 219 217 292 219 316 219 52 16 
2 52 219 219 219 67 219 219 219 219 67 219 219 219 219 16 
3 219 1315 1672 219 383 217 316 180 219 219 704 219 219 219 
4 1672 219 219 219 219 219 219 219 316 217 219 219 16 219 219 219 219 
5 219 219 219 219 219 316 219 219 219 219 634 320 219 
6 219 219 219 219 219 219 219 1118 217 219 219 219 316 16 
7 219 378 219 219 320 219 52 219 378 1672 316 219 
8 1497 219 217 219 219 217 52 1497 1051 150 62 219 
9 219 219 219 217 1672 219 219 219 316 219 52 219 316 219 316 
10 334 760 219 217 219 334 219 219 16 219 217 219 
11 219 219 219 219 219 219 219 316 52 219 219 52 1407 1672 219 219 
12 219 219 219 180 219 219 219 16 219 16 16 219 1497 316 
14 219 219 219 219 219 219 219 219 219 219 219 219 219 219 219 
15 1497 219 219 1325 219 219 1657 1672 217 219 316 
16 219 219 219 219 219 219 219 1672 219 219 219 219 
17 219 53 219 219 16 219 248 219 219 219 67 219 
18 219 219 219 219 219 521 219 217 316 217 219 219 219 
19 219 217 383 248 16 219 219 219 212 219 
20 219 219 219 219 383 909 219 219 217 316 909 909 219 635 52 219 
21 219 219 219 219 67 219 219 531 219 219 219 219 219 219 219 16 
22 219 219 651 383 378 219 219 290 383 378 
23 219 219 219 219 219 219 219 219 219 219 219 219 
24 219 217 219 219 219 219 219 219 1672 219 1672 316 
25 219 1778 219 219 219 1100 219 219 219 219 316 
26 219 1315 219 1672 219 219 219 219 1407 219 219 219 219 219 67 
27 219 219 219 219 217 219 219 316 219 219 219 52 292 219 320 
28 219 219 219 219 219 219 219 219 219 219 1672 316 219 
29 219 1315 219 1376 21 219 217 52 219 219 744 219 219 219 
30 219 219 52 219 219 219 219 67 219 219 219 1672 219 
31 114 219 219 219 219 219 52 219 219 219 219 316 
32 199 219 219 1672 219 52 217 219 219 219 219 16 383 
33 219 219 219 1672 219 316 219 16 219 219 180 219 219 219 
34 219 219 219 1672 219 219 968 316 217 67 5 219 219 219 219 279 16 219 316 219 
35 1315 67 1672 219 219 219 219 219 248 219 219 219 383 219 219 219 
36 219 383 219 219 52 219 217 219 219 316 1118 219 219 219 1784 
37 219 217 88 219 219 219 219 383 219 5 207 219 219 219 52 219 219 
38 219 219 219 217 67 219 219 219 219 219 143 217 
39 67 219 219 219 1672 219 219 316 219 219 219 219 219 52 219 
40 1025 16 1315 219 1672 934 219 219 219 219 16 67 901 219 
41 219 219 503 219 219 219 1672 219 16 404 219 219 
42 219 378 219 219 219 219 316 67 219 717 584 219 219 219 219 
43 52 219 686 219 16 219 219 1325 
44 219 219 219 219 219 316 16 219 219 219 1746 219 219 67 316 316 1118 
45 219 219 219 219 219 219 219 219 1118 219 219 219 219 219 1497 219 
46 219 1315 219 219 219 1672 219 219 219 219 219 219 219 316 219 
47 219 143 219 219 219 219 219 1325 219 219 219 219 219 316 219 
48 219 217 219 1672 1056 219 219 219 316 503 219 1407 1672 700 
51 52 219 219 219 1672 217 219 219 219 1118 219 219 219 
52 1315 1350 219 219 1672 219 219 1672 219 1350 219 52 67 
53 219 219 1672 219 52 16 219 219 219 219 219 219 219 16 316 16 
54 219 1325 219 94 219 219 219 219 143 316 378 219 219 219 
55 219 219 219 1778 219 106 88 219 88 1407 219 219 219 
56 216 383 219 219 219 219 219 316 219 16 284 378 219 219 219 316 219 
57 219 219 219 1745 219 219 219 219 316 219 219 1118 219 219 219 
58 219 1315 1672 383 217 219 219 180 219 219 219 219 16 
59 219 1778 219 219 219 16 1672 219 316 219 219 16 316 1672 
60 584 133 219 219 219 219 219 219 1315 219 909 219 219 219 1672 219 219 
61 67 219 219 378 378 804 219 877 219 219 248 378 219 219 219 219 219 219 
62 219 1239 219 219 219 219 248 316 219 219 1668 219 219 220 219 16 
63 1497 219 219 219 219 106 717 219 16 219 219 1118 180 219 63 219 219 
64 219 219 1315 219 378 1507 383 219 219 219 219 219 219 16 219 
65 584 1315 219 219 219 219 219 383 219 143 219 316 378 219 1407 316 
66 219 219 53 217 219 823 16 219 133 219 316 219 
67 180 219 219 1672 219 67 52 219 16 316 219 219 
68 1497 219 219 1239 219 219 219 219 219 1407 52 67 219 62 316 
69 219 16 219 219 219 383 15 316 219 219 220 217 219 219 219 219 
70 219 1672 191 1672 1672 219 219 219 219 219 219 383 219 219 
71 219 219 21 219 219 219 316 219 219 1672 383 316 320 
72 219 15 219 378 316 219 219 219 67 219 219 219 219 
73 219 219 219 1672 219 1672 52 219 191 67 316 284 219 219 217 1672 
74 219 219 219 219 219 219 1497 219 1296 217 219 217 
75 219 219 219 219 219 219 219 217 219 219 219 67 
76 217 219 53 219 219 873 383 1672 219 219 219 219 219 219 1672 733 217 219 
78 219 1325 219 1515 219 217 219 316 219 1668 1118 219 891 219 1497 
79 191 219 219 52 1497 845 219 219 219 219 316 
80 219 207 1315 62 219 521 219 219 16 15 219 316 
82 1497 219 219 219 219 717 219 968 219 219 219 54 52 1497 16 16 316 219 
83 219 219 1315 219 219 952 378 219 219 217 219 52 219 316 
84 217 219 219 219 219 219 219 506 219 219 219 16 316 
85 219 16 316 952 219 180 219 219 219 16 219 316 219 219 
86 1497 219 219 219 219 52 133 219 219 219 219 934 219 219 219 219 
88 219 219 334 52 52 219 52 67 219 219 219 52 219 219 16 
89 320 219 219 219 219 1497 761 219 16 219 320 219 
90 1497 219 219 219 67 36 219 316 219 219 219 219 219 1051 217 219 
91 617 219 217 219 934 316 36 219 217 651 219 219 219 52 
92 1672 584 968 219 219 219 219 383 219 219 219 219 219 219 16 
93 219 220 219 38 383 316 217 219 1140 52 219 219 219 219 
94 217 219 219 16 219 219 219 219 219 219 316 219 219 1672 219 1672 316 220 
95 1315 1672 219 219 503 219 217 219 219 219 383 219 16 219 316 
96 219 219 219 383 316 219 219 219 383 217 219 383 52 
97 383 219 219 634 219 219 219 219 316 219 67 219 219 
98 219 219 219 217 219 219 316 383 52 219 219 219 219 
99 219 52 219 219 219 219 219 1118 217 219 316 316 
100 219 219 1325 219 248 150 744 219 383 219 217 219 1539 1497 219 67 
101 279 219 219 219 219 88 219 219 16 219 316 219 383 219 219 316 219 219 
102 219 67 219 67 52 219 219 219 219 219 219 316 
103 219 302 219 219 404 219 219 219 219 219 1051 219 219 1672 316 
104 219 219 219 16 219 219 219 219 219 219 316 67 219 936 219 219 
105 219 219 219 219 219 316 219 717 1118 1007 219 219 1407 
106 217 219 219 219 219 16 143 219 383 219 219 343 67 16 
107 219 219 16 16 1672 219 103 1672 219 316 
108 219 219 219 219 219 219 217 219 219 219 219 219 219 16 1668 219 
109 877 219 219 52 16 219 1668 219 316 52 321 52 219 114 
110 383 219 219 219 219 219 316 219 219 217 219 219 219 219 383 
111 219 909 219 219 15 219 219 219 219 316 219 39 219 
112 219 219 16 219 1672 219 219 217 67 219 16 219 219 383 219 316 
113 219 219 219 1672 219 952 219 219 16 52 1778 52 219 219 316 
114 217 219 219 219 16 219 255 812 219 1118 219 219 219 
115 219 952 219 219 219 219 219 219 219 217 
116 219 217 217 219 219 16 219 316 67 219 651 217 16 219 
117 219 219 1325 219 219 217 316 219 219 219 219 217 383 219 
118 877 219 320 219 219 219 219 219 219 219 219 16 219 219 1672 219 180 316 
119 219 219 217 219 219 219 316 316 316 
120 219 219 1672 219 219 16 316 219 219 219 219 219 219 219 891 
121 219 219 67 219 219 936 16 219 217 196 219 1539 219 
122 219 219 217 219 219 219 219 219 180 316 219 219 52 
123 219 219 219 219 16 219 67 1672 67 219 219 219 
124 219 219 219 219 217 39 219 575 219 219 219 219 219 219 219 704 
125 219 219 219 219 1497 219 16 219 1497 217 219 219 
126 219 217 219 219 1672 217 219 219 316 219 219 219 1672 316 
127 1497 219 219 88 219 1672 219 219 219 219 316 219 219 1118 1497 
128 124 219 1672 219 219 217 219 219 219 88 506 219 219 
129 219 219 133 219 219 217 219 219 219 219 
130 877 219 15 219 584 219 383 219 316 219 16 219 219 1162 
131 219 1325 219 219 503 217 219 316 5 219 133 36 219 1035 1497 219 219 
132 219 1497 219 219 219 219 219 52 16 1497 219 760 1051 219 
133 219 53 1668 219 219 219 219 219 219 219 52 
134 219 219 219 219 219 219 316 316 219 383 39 67 219 63 219 219 219 219 
135 219 219 219 769 219 219 219 219 219 54 219 219 219 
136 219 219 219 219 219 219 219 219 88 219 217 133 219 219 219 16 
137 219 219 53 1407 292 217 219 52 
138 219 219 219 219 219 219 219 219 133 217 219 219 219 219 219 219 219 316 
139 219 219 219 219 207 316 219 5 219 219 219 219 52 
140 217 1325 219 219 219 1672 219 635 220 219 373 219 219 952 67 
141 219 219 219 219 217 219 219 219 219 219 219 316 219 219 219 
142 219 219 1315 219 219 1672 217 219 219 16 219 219 207 219 
143 219 133 584 53 219 219 217 219 219 219 219 1407 635 219 219 16 219 
144 217 217 219 219 1672 52 877 219 16 52 1626 219 1672 316 219 
145 88 219 219 219 219 219 219 67 219 219 219 219 219 
146 219 219 219 219 219 219 219 1672 219 217 1672 219 219 219 219 1497 219 316 
147 219 219 219 219 219 219 217 67 219 28 219 219 219 219 219 
148 378 219 219 133 219 219 219 383 1497 219 219 219 316 
149 219 219 16 217 219 219 67 219 219 219 219 1672 219 1497 217 219 316 
150 16 1672 934 219 219 219 1399 219 1672 88 219 1051 316 
151 219 219 219 219 1672 651 133 106 180 219 248 1603 1407 219 316 
152 219 219 219 219 651 284 219 219 316 219 383 28 284 219 36 
153 219 219 53 219 219 219 219 219 219 219 219 219 219 16 219 316 
154 219 219 217 219 219 219 219 219 52 219 219 219 
155 219 219 219 219 383 219 219 316 219 219 219 219 219 
156 219 219 1497 1315 219 1672 219 52 909 219 219 219 21 1668 316 
157 219 52 219 219 16 219 143 219 16 219 217 219 219 219 
158 378 219 219 219 717 207 219 311 16 133 219 316 219 
159 219 248 219 219 219 219 219 219 219 219 1672 16 219 316 180 
160 219 219 219 124 219 457 219 1672 383 219 219 219 119 219 219 383 
161 219 219 1315 1672 219 219 217 316 219 
162 219 53 16 54 219 219 219 219 316 
163 16 191 219 219 219 16 52 635 1407 219 219 219 
164 219 219 1672 219 1407 378 219 220 219 219 16 
165 219 219 1672 219 219 219 1672 16 219 219 219 316 217 219 383 219 219 316 
166 219 219 219 16 219 219 219 219 219 219 219 1184 180 316 
167 1315 769 219 219 719 219 219 219 219 219 219 219 219 1497 316 5 219 
168 219 219 1672 1672 1672 219 219 316 219 219 1497 219 316 
169 219 584 217 219 219 219 219 383 316 219 219 909 217 219 219 789 
170 219 717 1376 378 1672 909 133 219 219 717 248 316 
171 1497 219 217 378 219 219 219 217 217 16 219 404 219 
172 217 219 219 219 219 383 219 219 1585 219 219 1672 219 219 316 
173 219 219 1315 219 1672 219 1672 219 219 1632 383 316 219 219 
174 219 217 1315 133 1672 217 191 584 219 219 383 934 219 584 
175 219 219 219 217 1672 219 404 316 5 217 219 219 219 16 
176 219 219 219 219 316 219 219 219 219 219 219 248 219 219 
177 219 219 1672 219 219 219 316 219 219 67 219 248 219 1672 
178 219 1668 219 52 219 52 219 219 219 316 
179 16 16 219 219 219 219 219 248 219 219 219 16 28 1399 16 219 
180 219 219 217 217 503 133 219 219 219 383 217 1672 52 219 
181 219 219 219 219 219 219 217 219 219 219 316 219 16 316 67 
182 219 219 1325 219 219 219 67 316 502 219 150 219 219 52 
183 219 219 219 217 219 219 133 219 16 217 217 219 219 16 16 
184 1315 219 1672 52 219 219 219 52 219 67 219 219 219 
185 88 219 133 219 219 219 16 219 316 219 219 219 67 219 16 316 219 
186 219 219 219 219 219 219 1672 16 219 219 316 
187 219 219 219 219 219 1672 219 191 219 38 217 52 316 219 
188 219 219 219 219 219 219 219 219 219 219 219 219 219 219 
189 1315 219 219 219 219 219 383 217 219 52 219 378 316 219 
190 1315 440 1672 1672 217 383 219 219 219 651 219 219 15 
191 219 1315 52 1672 909 219 219 219 219 1497 700 219 219 
192 219 67 219 219 
193 219 1497 219 219 704 36 52 634 217 744 316 
194 88 219 219 52 207 217 219 219 219 313 219 219 219 219 207 219 
195 16 219 88 219 219 219 219 219 219 219 1407 219 16 1497 16 
196 219 219 219 217 219 219 219 219 63 16 219 
197 219 219 219 219 219 219 219 219 219 219 316 
198 383 219 219 52 219 219 219 219 219 
199 219 219 1325 219 219 1220 219 1539 219 219 316 219 
200 217 219 219 219 219 219 88 219 133 219 503 219 67 316 219 219 217 1497 
201 219 219 1672 1672 219 219 219 219 219 383 219 67 1672 316 
202 219 217 53 219 219 1672 219 219 219 219 1325 316 133 16 
203 219 219 219 219 219 219 219 67 217 36 219 219 
204 219 219 219 219 16 219 219 217 219 316 219 1672 219 52 
205 219 219 219 873 219 219 219 316 219 378 219 219 219 
207 219 219 1672 651 219 219 219 1497 219 440 1672 378 219 
208 54 52 16 1672 744 383 219 219 219 219 1239 634 219 
209 219 52 219 1672 219 1672 52 219 1376 191 219 52 219 1672 1051 1672 219 316 
210 219 219 219 651 1672 219 219 316 16 219 219 219 378 217 316 
211 1325 733 16 219 219 219 316 217 219 219 219 219 52 
212 1315 219 1056 383 219 219 219 219 219 316 219 
213 219 219 219 219 219 219 217 1672 383 316 219 219 16 219 1497 
214 219 219 219 219 217 219 219 1672 219 219 219 717 1497 248 316 219 
215 383 219 1315 1672 219 219 219 219 180 316 1296 16 219 316 
216 760 16 219 219 217 219 219 16 219 383 219 16 1414 219 220 
217 219 248 219 219 219 219 669 219 1672 219 219 316 219 219 219 219 
218 16 219 1672 219 717 219 217 219 651 219 635 133 16 
219 219 219 219 404 219 219 219 219 191 219 219 52 54 219 219 52 219 316 
220 1672 219 219 150 219 219 217 219 16 219 16 219 219 
221 219 53 219 1672 219 219 219 219 219 219 1497 1784 219 219 
222 219 1778 1672 219 133 219 124 219 219 219 219 219 52 52 
223 219 219 219 219 219 219 217 219 219 934 1672 219 219 316 219 
224 219 219 219 909 219 219 219 219 1668 1027 219 207 219 
225 1076 1672 219 383 219 219 219 219 316 
226 217 217 219 219 217 219 217 219 219 219 1632 219 219 
227 219 219 219 219 219 219 219 219 16 219 219 219 219 219 
228 219 219 219 219 15 1407 219 219 219 219 936 
229 219 1672 219 219 217 219 207 219 52 219 1349 219 316 
230 219 219 219 1672 219 219 219 316 219 219 219 219 1051 219 292 219 316 
231 219 219 219 219 219 219 219 219 219 52 219 219 316 
232 219 133 39 378 383 219 219 1672 219 760 934 316 
233 219 219 219 36 219 316 219 219 219 1407 219 378 219 219 
234 219 219 219 219 16 219 316 219 219 52 219 1162 71 219 219 
235 219 52 219 219 219 219 1507 219 52 219 316 
236 217 219 455 219 219 219 219 219 36 316 124 219 191 219 1035 219 217 584 219 
237 219 219 217 217 219 217 219 217 219 383 219 217 219 
238 219 219 219 219 219 1672 383 133 219 219 67 219 219 383 219 217 219 
239 219 219 219 219 219 219 219 219 219 219 219 219 1281 316 52 
240 219 217 219 219 219 219 219 67 219 219 219 219 16 1497 219 
241 219 1325 219 219 219 219 219 378 16 219 219 
242 219 219 1497 1396 219 219 219 219 219 316 52 219 219 952 
243 219 219 219 219 1672 219 217 1672 217 219 316 219 219 219 67 219 63 
244 909 217 1672 651 219 219 219 219 219 219 219 16 219 219 219 
245 217 219 219 219 15 219 219 219 219 1668 16 1497 1668 219 
246 219 219 219 219 219 1672 219 16 316 
247 1349 219 219 219 67 219 219 219 219 67 635 634 219 
248 219 219 1315 219 219 909 383 52 219 16 219 
249 67 219 219 1672 219 219 1315 217 1118 219 383 219 219 
250 217 219 53 769 219 54 219 219 219 191 219 54 219 219 219 
251 219 219 1315 1672 219 219 219 316 219 219 1672 16 219 219 219 219 
252 219 219 1315 219 1672 255 219 642 133 67 
253 219 219 219 219 219 219 219 1325 316 219 219 219 219 219 
254 88 207 219 219 219 52 219 219 219 316 219 1497 219 
255 1315 219 219 219 217 219 219 1296 219 219 316 219 
256 53 1315 219 219 52 219 219 1672 1672 503 968 219 219 316 
257 94 383 52 219 219 219 219 634 219 219 219 16 219 316 
258 219 219 217 219 53 219 219 1672 52 1359 219 219 219 219 
259 111 219 1325 219 219 219 219 219 219 219 219 
260 219 219 219 744 219 219 219 219 219 812 219 584 
261 219 52 219 16 219 219 219 1118 378 219 378 1497 219 584 217 
262 219 1325 219 219 219 1672 219 219 180 316 
263 217 1672 219 219 219 219 219 16 219 219 219 219 219 219 219 316 219 
264 219 584 219 62 1672 219 219 219 219 383 219 219 219 219 316 
265 219 219 733 219 219 219 219 1325 219 378 219 219 219 67 
266 133 219 219 1315 219 219 378 1672 717 219 219 
267 219 219 67 219 378 219 248 219 279 16 634 219 141 88 
268 1672 219 219 217 219 67 316 16 219 674 219 219 52 219 52 219 219 
269 521 36 219 219 219 761 219 219 219 219 934 16 219 219 219 
270 16 219 219 219 219 1672 219 316 219 219 219 16 217 16 404 
271 219 143 219 133 219 219 217 952 219 219 219 219 219 219 16 
272 207 219 217 219 219 219 219 219 219 521 219 219 219 219 
273 219 219 219 219 219 217 219 219 219 219 219 219 279 219 316 219 219 219 
274 219 219 114 16 219 219 219 219 1672 219 219 219 316 
275 219 219 219 1315 378 219 219 219 219 219 219 219 
276 383 219 219 219 219 219 217 219 217 219 404 67 16 219 219 217 217 
277 219 219 219 219 1672 219 316 219 378 219 180 219 219 
278 219 219 53 219 219 219 219 219 316 952 219 219 1344 284 316 1434 
280 217 219 219 217 219 16 219 219 52 219 219 219 133 
281 219 52 219 219 219 219 219 16 761 645 1657 334 16 1414 219 248 219 
282 219 219 717 219 219 316 133 219 219 219 219 217 1434 
283 217 219 54 219 219 219 219 219 219 219 219 1660 16 219 219 67 
284 219 219 219 1672 952 219 219 219 219 292 219 219 219 219 
285 219 1315 219 219 1672 1672 934 219 219 219 219 219 219 219 219 219 16 
286 219 219 16 219 217 219 219 219 219 316 219 
287 16 219 219 219 383 219 219 219 217 219 219 219 1407 901 219 219 219 219 
288 219 320 219 217 219 219 219 219 219 219 1497 219 219 219 52 219 219 
289 217 52 191 217 217 219 217 219 67 219 16 5 219 219 320 
