0 5 92 5
1 5 106 5
2 3 38 3
3 6 305 5
4 3 46 3
5 8 137 6
6 3 55 3
7 4 26 4
8 2 20 2
9 4 54 4
10 3 28 3
11 5 181 5
12 6 129 5
13 2 14 2
14 2 33 2
15 2 21 2
16 3 33 3
17 9 57 5
18 2 10 2
19 2 18 2
20 3 21 3
21 3 26 3
22 4 33 4
23 5 90 5
24 5 168 5
25 2 15 2
26 4 275 4
27 3 16 3
28 8 79 5
29 4 46 4
30 2 33 2
31 3 19 3
32 2 30 2
33 2 11 2
34 3 32 3
35 2 12 2
36 4 38 4
37 5 46 4
38 2 11 2
39 4 32 4
40 2 36 2
41 2 17 2
42 4 32 4
43 2 13 2
44 2 51 2
45 3 36 3
46 3 39 3
47 2 17 2
48 4 107 4
49 2 12 2
50 2 26 2
51 2 25 2
52 2 12 2
53 2 13 2
54 6 49 5
55 3 72 3
56 2 14 2
57 3 19 3
58 2 22 2
59 2 13 2
60 7 92 6
61 4 38 4
62 5 24 4
63 3 65 3
64 2 27 2
65 3 29 3
66 4 28 4
67 3 52 3
68 3 51 3
69 3 27 3
70 2 18 2
71 3 18 3
72 2 46 2
73 3 18 3
74 2 23 2
75 2 76 2
76 2 25 2
77 3 24 3
78 2 14 2
79 7 119 5
80 2 13 2
81 3 28 3
82 3 37 3
83 2 13 2
84 2 11 2
85 2 13 2
86 2 17 2
87 7 78 5
88 3 35 3
89 2 21 2
90 2 9 2
91 2 21 2
92 3 30 3
93 2 19 2
94 3 49 3
95 2 23 2
96 2 30 2
97 2 9 2
98 2 26 2
99 3 47 3
100 2 32 2
101 4 39 4
102 2 15 2
103 2 8 2
104 2 13 2
105 2 53 2
106 4 104 4
107 2 19 2
108 2 30 2
109 3 48 3
110 2 13 2
111 3 35 3
112 3 25 3
113 2 14 2
114 3 23 3
115 3 20 3
116 5 41 4
117 3 23 3
118 4 71 4
119 2 10 2
120 2 14 2
121 4 33 4
122 3 29 3
123 3 19 3
124 3 17 3
125 2 15 2
126 5 124 5
127 3 22 3
128 2 23 2
129 2 11 2
130 2 13 2
131 2 38 2
132 2 11 2
133 2 14 2
134 3 135 3
135 2 31 2
136 2 9 2
137 5 41 4
138 7 2189 7
139 2 13 2
140 2 51 2
141 2 16 2
142 3 36 3
143 2 14 2
144 3 25 3
145 2 20 2
146 2 12 2
147 5 37 4
148 2 126 2
149 2 10 2
150 4 29 4
151 2 28 2
152 2 8 2
153 2 18 2
154 2 11 2
155 2 27 2
156 2 46 2
157 4 71 4
158 2 18 2
159 3 37 3
160 3 47 3
161 2 13 2
162 3 29 3
163 2 11 2
164 4 43 4
165 2 25 2
166 2 11 2
167 2 16 2
168 3 22 3
169 2 37 2
170 2 40 2
171 3 59 3
172 4 72 4
173 3 20 3
174 2 16 2
175 5 38 4
176 4 24 4
177 4 55 4
178 2 10 2
179 2 41 2
180 2 12 2
181 2 22 2
182 3 15 3
183 3 52 3
184 2 36 2
185 3 37 3
186 2 13 2
187 2 9 2
188 2 17 2
189 3 64 3
190 4 64 4
191 4 45 4
192 2 11 2
193 2 24 2
194 2 11 2
195 3 15 3
196 4 55 4
197 3 50 3
198 2 19 2
199 2 22 2
200 5 76 5
201 2 13 2
202 5 144 5
203 11 206 8
204 3 97 3
205 2 11 2
206 2 17 2
207 2 23 2
208 2 20 2
209 2 11 2
210 2 11 2
211 2 52 2
212 2 16 2
213 2 8 2
214 2 8 2
215 2 10 2
216 2 20 2
217 2 12 2
218 2 13 2
219 4 92 4
220 2 41 2
221 4 69 4
222 2 10 2
223 3 24 3
224 2 14 2
225 2 15 2
226 2 40 2
227 2 14 2
228 3 25 3
229 2 9 2
230 2 8 2
231 2 104 2
232 3 62 3
233 2 18 2
234 2 12 2
235 3 31 3
236 13 357 8
237 5 104 5
238 2 9 2
239 2 311 2
240 5 39 4
241 4 68 4
242 2 14 2
243 2 9 2
244 2 13 2
245 2 9 2
246 2 16 2
247 2 10 2
248 2 51 2
249 3 14 3
250 4 39 4
251 3 411 3
252 2 17 2
253 2 13 2
254 2 43 2
255 2 11 2
256 2 14 2
257 2 11 2
258 2 8 2
259 2 77 2
260 3 116 3
261 3 18 3
262 3 25 3
263 2 15 2
264 2 13 2
265 2 21 2
266 3 51 3
267 2 24 2
268 2 18 2
269 2 20 2
270 2 24 2
271 2 16 2
272 3 20 3
273 3 19 3
274 3 28 3
275 2 17 2
276 2 11 2
277 2 8 2
278 3 23 3
279 2 12 2
280 3 28 3
281 6 63 5
282 2 10 2
283 3 18 3
284 3 25 3
285 2 12 2
286 2 17 2
287 4 93 4
288 2 32 2
289 3 21 3
290 5 47 4
291 2 31 2
292 3 19 3
293 3 31 3
294 2 11 2
295 2 15 2
296 2 10 2
297 2 11 2
298 2 11 2
299 4 79 4
300 2 9 2
301 2 10 2
302 2 10 2
303 2 8 2
304 2 38 2
305 3 16 3
306 2 9 2
307 2 23 2
308 2 18 2
309 2 10 2
310 2 14 2
311 2 14 2
312 2 13 2
313 2 11 2
314 2 17 2
315 2 9 2
316 3 88 3
317 5 83 5
318 6 355 6
319 2 18 2
320 2 32 2
321 2 9 2
322 4 59 4
323 5 86 5
324 3 23 3
325 3 25 3
326 3 21 3
327 3 52 3
328 2 23 2
329 2 30 2
330 3 16 3
331 4 21 4
332 2 21 2
333 2 25 2
334 2 15 2
335 4 75 4
336 3 23 3
337 2 19 2
338 2 11 2
339 3 44 3
340 3 48 3
341 2 12 2
342 2 13 2
343 3 15 3
344 2 28 2
345 2 15 2
346 3 22 3
347 2 9 2
348 4 24 4
349 3 16 3
350 2 10 2
351 4 34 4
352 4 39 4
353 2 15 2
354 2 11 2
355 5 157 5
356 2 9 2
357 2 15 2
358 2 21 2
359 2 15 2
360 2 11 2
361 3 22 3
362 2 9 2
363 2 15 2
364 2 9 2
365 2 10 2
366 2 70 2
367 7 366 7
368 5 49 5
369 2 25 2
370 3 102 3
371 2 9 2
372 3 23 3
373 2 31 2
374 5 108 5
375 3 69 3
376 5 59 5
377 2 9 2
378 3 17 3
379 2 8 2
380 3 23 3
381 2 16 2
382 2 24 2
383 2 32 2
384 5 56 4
385 2 15 2
386 2 16 2
387 5 186 5
388 2 24 2
389 3 18 3
390 2 33 2
391 2 11 2
392 2 11 2
393 2 10 2
394 2 11 2
395 3 17 3
396 2 39 2
397 3 56 3
398 2 10 2
399 2 68 2
400 4 121 4
401 3 52 3
402 5 140 5
403 3 19 3
404 2 18 2
405 5 70 5
406 2 41 2
407 2 14 2
408 3 30 3
409 2 15 2
410 4 28 4
411 2 22 2
412 3 48 3
413 2 8 2
414 4 140 4
415 3 24 3
416 2 14 2
417 2 19 2
418 2 10 2
419 2 15 2
420 2 27 2
421 2 23 2
422 2 17 2
423 2 11 2
424 2 25 2
425 2 48 2
426 2 27 2
427 3 19 3
428 2 17 2
429 3 18 3
430 9 134 8
431 2 13 2
432 2 23 2
433 2 12 2
434 3 17 3
435 2 18 2
436 2 10 2
437 2 11 2
438 3 29 3
439 2 41 2
440 2 11 2
441 3 129 3
442 2 12 2
443 2 10 2
444 2 12 2
445 3 19 3
446 2 11 2
447 4 24 4
448 2 14 2
449 2 23 2
450 2 15 2
451 2 17 2
452 3 22 3
453 3 100 3
454 2 13 2
455 2 16 2
456 2 17 2
457 3 29 3
458 2 23 2
459 2 17 2
460 2 9 2
461 3 38 3
462 2 13 2
463 2 18 2
464 2 9 2
465 2 13 2
466 2 13 2
467 3 16 3
468 2 38 2
469 3 12 3
470 3 28 3
471 2 9 2
472 2 17 2
473 2 12 2
474 5 64 5
475 4 239 4
476 4 26 4
477 2 16 2
478 2 9 2
479 3 24 3
480 3 32 3
481 2 15 2
482 2 10 2
483 3 37 3
484 2 8 2
485 2 15 2
486 2 15 2
487 2 8 2
488 2 41 2
489 2 9 2
490 4 76 4
491 2 14 2
492 2 10 2
493 2 12 2
494 2 36 2
495 2 10 2
496 2 8 2
497 2 8 2
498 3 29 3
499 3 70 3
500 2 25 2
501 3 22 3
502 2 12 2
503 2 11 2
504 2 40 2
505 2 12 2
506 3 13 3
507 2 18 2
508 2 26 2
509 2 10 2
510 6 38 4
511 3 19 3
512 2 14 2
513 2 13 2
514 2 12 2
515 2 44 2
516 2 63 2
517 2 20 2
518 4 36 4
519 2 25 2
520 2 24 2
521 2 10 2
522 3 35 3
523 2 12 2
524 2 11 2
525 2 10 2
526 2 19 2
527 2 53 2
528 2 18 2
529 2 10 2
530 4 91 4
531 2 11 2
532 2 8 2
533 2 21 2
534 2 16 2
535 4 660 4
536 2 11 2
537 4 26 4
538 2 33 2
539 2 38 2
540 2 15 2
541 2 8 2
542 2 12 2
543 2 57 2
544 3 48 3
545 2 12 2
546 2 25 2
547 3 116 3
548 3 17 3
549 2 50 2
550 2 14 2
551 3 60 3
552 4 30 4
553 2 13 2
554 2 15 2
555 2 13 2
556 5 59 4
557 2 8 2
558 2 34 2
559 2 10 2
560 2 15 2
561 4 54 4
562 3 39 3
563 2 53 2
564 17 553 10
565 2 14 2
566 2 8 2
567 2 8 2
568 4 40 4
569 2 33 2
570 2 14 2
571 4 26 4
572 3 17 3
573 4 82 4
574 3 37 3
575 3 184 3
576 3 61 3
577 3 15 3
578 2 15 2
579 3 67 3
580 2 31 2
581 2 11 2
582 2 14 2
583 2 18 2
584 2 22 2
585 2 14 2
586 2 35 2
587 2 30 2
588 2 37 2
589 2 9 2
590 2 24 2
591 2 23 2
592 3 18 3
593 2 8 2
594 2 10 2
595 3 38 3
596 2 12 2
597 2 14 2
598 3 39 3
599 4 37 4
600 2 10 2
601 2 13 2
602 2 12 2
603 2 13 2
604 3 26 3
605 3 31 3
606 2 10 2
607 2 9 2
608 2 8 2
609 2 84 2
610 2 8 2
611 2 11 2
612 2 34 2
613 2 13 2
614 2 16 2
615 2 10 2
616 2 8 2
617 2 13 2
618 2 13 2
619 2 18 2
620 2 10 2
621 2 9 2
622 2 18 2
623 2 11 2
624 2 15 2
625 3 18 3
626 4 31 4
627 2 13 2
628 2 9 2
629 2 12 2
630 2 26 2
631 3 40 3
632 2 20 2
633 3 106 3
634 2 30 2
635 2 18 2
636 3 33 3
637 3 31 3
638 2 16 2
639 2 55 2
640 4 60 4
641 3 29 3
642 3 24 3
643 2 27 2
644 6 244 6
645 2 30 2
646 3 141 3
647 2 28 2
648 2 9 2
649 7 285 6
650 2 13 2
651 2 9 2
652 2 11 2
653 2 9 2
654 2 21 2
655 2 50 2
656 2 18 2
657 2 9 2
658 2 11 2
659 2 18 2
660 2 12 2
661 3 25 3
662 3 40 3
663 2 58 2
664 5 87 4
665 4 62 4
666 3 76 3
667 2 10 2
668 4 38 4
669 2 8 2
670 3 16 3
671 2 23 2
672 2 23 2
673 2 31 2
674 3 26 3
675 3 39 3
676 2 16 2
677 3 15 3
678 3 38 3
679 2 8 2
680 2 10 2
681 4 21 4
682 2 22 2
683 2 39 2
684 2 29 2
685 2 18 2
686 2 11 2
687 2 17 2
688 2 18 2
689 2 56 2
690 3 38 3
691 4 93 4
692 2 130 2
693 3 32 3
694 2 18 2
695 2 11 2
696 2 18 2
697 3 29 3
698 2 10 2
699 2 14 2
700 2 50 2
701 2 14 2
702 2 14 2
703 3 50 3
704 2 12 2
705 2 29 2
706 2 8 2
707 2 35 2
708 2 12 2
709 2 12 2
710 3 20 3
711 2 12 2
712 2 11 2
713 2 33 2
714 2 14 2
715 4 74 4
716 2 22 2
717 2 10 2
718 2 9 2
719 2 31 2
720 3 91 3
721 3 29 3
722 2 23 2
723 2 10 2
724 2 22 2
725 2 32 2
726 2 28 2
727 2 20 2
728 2 11 2
729 2 17 2
730 2 12 2
731 3 35 3
732 2 14 2
733 2 20 2
734 2 12 2
735 2 15 2
736 4 47 4
737 2 13 2
738 2 57 2
739 3 20 3
740 2 11 2
741 2 17 2
742 4 32 4
743 2 10 2
744 2 26 2
745 9 154 7
746 2 30 2
747 2 14 2
748 3 72 3
749 2 18 2
750 2 34 2
751 3 26 3
752 2 62 2
753 2 8 2
754 2 12 2
755 2 36 2
756 2 20 2
757 3 58 3
758 4 24 4
759 3 17 3
760 2 25 2
761 2 11 2
762 2 16 2
763 2 29 2
764 2 13 2
765 2 17 2
766 6 336 5
767 2 19 2
768 4 106 4
769 3 16 3
770 2 19 2
771 2 28 2
772 2 18 2
773 2 32 2
774 2 16 2
775 3 75 3
776 2 53 2
777 2 20 2
778 2 12 2
779 2 25 2
780 2 11 2
781 2 25 2
782 3 43 3
783 3 19 3
784 3 35 3
785 2 14 2
786 2 53 2
787 2 15 2
788 2 8 2
789 2 73 2
790 2 16 2
791 2 22 2
792 2 23 2
793 2 23 2
794 2 68 2
795 3 103 3
796 3 63 3
797 5 94 5
798 4 31 4
799 2 23 2
800 2 19 2
801 2 11 2
802 2 16 2
803 2 14 2
804 2 12 2
805 2 53 2
806 2 54 2
807 3 26 3
808 2 38 2
809 3 14 3
810 2 10 2
811 3 13 3
812 4 34 4
813 2 9 2
814 2 61 2
815 2 13 2
816 2 42 2
817 3 26 3
818 2 27 2
819 2 10 2
820 3 32 3
821 3 80 3
822 3 83 3
823 2 11 2
824 4 51 4
825 3 24 3
826 2 15 2
827 2 29 2
828 2 12 2
829 3 25 3
830 2 13 2
831 2 11 2
832 2 17 2
833 14 436 9
834 2 11 2
835 2 11 2
836 2 18 2
837 2 21 2
838 3 17 3
839 3 22 3
840 2 10 2
841 3 37 3
842 2 11 2
843 3 20 3
844 3 34 3
845 5 147 5
846 2 10 2
847 3 19 3
848 2 31 2
849 2 57 2
850 3 13 3
851 2 9 2
852 2 12 2
853 4 61 4
854 2 15 2
855 3 19 3
856 4 119 4
857 2 42 2
858 2 27 2
859 3 18 3
860 2 28 2
861 2 56 2
862 2 15 2
863 3 23 3
864 2 15 2
865 2 8 2
866 2 15 2
867 4 59 4
868 2 11 2
869 2 10 2
870 3 34 3
871 2 10 2
872 3 42 3
873 2 43 2
874 2 11 2
875 2 28 2
876 3 46 3
877 2 32 2
878 2 8 2
879 2 16 2
880 2 10 2
881 2 33 2
882 2 26 2
883 2 17 2
884 2 9 2
885 3 22 3
886 2 10 2
887 2 23 2
888 4 519 4
889 3 19 3
890 2 15 2
891 2 14 2
892 2 13 2
893 2 10 2
894 2 10 2
895 3 25 3
896 2 13 2
897 2 24 2
898 2 22 2
899 2 12 2
900 2 21 2
901 2 12 2
902 2 10 2
903 2 20 2
904 2 12 2
905 2 14 2
906 2 33 2
907 3 33 3
908 3 62 3
909 2 13 2
910 2 18 2
911 2 16 2
912 2 9 2
913 2 21 2
914 2 11 2
915 6 160 5
916 4 87 4
917 2 34 2
918 2 16 2
919 2 32 2
920 2 35 2
921 2 11 2
922 2 14 2
923 3 25 3
924 2 16 2
925 2 29 2
926 2 16 2
927 2 17 2
928 5 95 4
929 2 13 2
930 3 45 3
931 2 8 2
932 3 24 3
933 2 13 2
934 2 18 2
935 3 43 3
936 2 35 2
937 4 156 4
938 2 16 2
939 3 28 3
940 2 22 2
941 2 11 2
942 2 25 2
943 2 10 2
944 2 8 2
945 2 15 2
946 2 37 2
947 2 12 2
948 2 75 2
949 2 8 2
950 3 17 3
951 2 10 2
952 2 16 2
953 2 29 2
954 2 11 2
955 2 14 2
956 2 51 2
957 3 29 3
958 2 11 2
959 2 18 2
960 2 13 2
961 2 11 2
962 2 13 2
963 2 11 2
964 2 12 2
965 3 23 3
966 2 10 2
967 2 14 2
968 2 46 2
969 2 8 2
970 2 14 2
971 2 9 2
972 2 19 2
973 2 28 2
974 2 51 2
975 3 14 3
976 2 9 2
977 2 15 2
978 2 16 2
979 2 16 2
980 2 35 2
981 2 23 2
982 3 35 3
983 2 15 2
984 2 18 2
985 2 15 2
986 4 284 4
987 3 14 3
988 3 30 3
989 2 36 2
990 2 11 2
991 2 43 2
992 2 10 2
993 3 26 3
994 2 9 2
995 2 21 2
996 2 38 2
997 2 13 2
998 2 12 2
999 2 19 2
1000 5 60 4
1001 3 28 3
1002 2 26 2
1003 3 28 3
1004 3 36 3
1005 2 9 2
1006 2 21 2
1007 2 18 2
1008 2 9 2
1009 3 18 3
1010 2 22 2
1011 2 18 2
1012 2 23 2
1013 2 10 2
1014 2 8 2
1015 2 9 2
1016 2 48 2
1017 2 11 2
1018 2 10 2
1019 2 106 2
1020 2 8 2
1021 2 13 2
1022 2 16 2
1023 2 11 2
1024 2 21 2
1025 3 85 3
1026 2 12 2
1027 4 78 4
1028 2 8 2
1029 2 9 2
1030 2 29 2
1031 2 10 2
1032 2 11 2
1033 2 34 2
1034 3 14 3
1035 2 35 2
1036 2 12 2
1037 2 19 2
1038 4 471 4
1039 2 21 2
1040 2 15 2
1041 2 19 2
1042 2 12 2
1043 2 9 2
1044 2 50 2
1045 2 13 2
1046 2 18 2
1047 2 14 2
1048 2 17 2
1049 2 19 2
1050 2 19 2
1051 2 11 2
1052 3 22 3
1053 2 22 2
1054 2 16 2
1055 2 29 2
1056 3 30 3
1057 2 8 2
1058 2 15 2
1059 2 9 2
1060 2 19 2
1061 2 46 2
1062 2 16 2
1063 2 8 2
1064 2 11 2
1065 2 14 2
1066 3 27 3
1067 2 18 2
1068 2 9 2
1069 2 12 2
1070 2 17 2
1071 2 31 2
1072 2 17 2
1073 2 43 2
1074 2 12 2
1075 2 11 2
1076 2 42 2
1077 3 18 3
1078 2 10 2
1079 8 174 6
1080 2 11 2
1081 2 10 2
1082 2 8 2
1083 2 10 2
1084 2 12 2
1085 2 18 2
1086 2 18 2
1087 2 47 2
1088 2 210 2
1089 2 14 2
1090 2 13 2
1091 2 29 2
1092 2 8 2
1093 2 23 2
1094 2 40 2
1095 2 15 2
1096 3 20 3
1097 2 10 2
1098 2 10 2
1099 2 15 2
1100 2 72 2
1101 2 28 2
1102 4 149 4
1103 5 64 4
1104 2 24 2
1105 2 11 2
1106 3 26 3
1107 4 269 4
1108 2 72 2
1109 2 68 2
1110 2 14 2
1111 2 28 2
1112 2 14 2
1113 3 32 3
1114 3 22 3
1115 2 39 2
1116 2 11 2
1117 2 15 2
1118 2 28 2
1119 2 19 2
1120 2 10 2
1121 2 8 2
1122 4 48 4
1123 2 40 2
1124 2 19 2
1125 2 14 2
1126 3 39 3
1127 2 18 2
1128 3 30 3
1129 2 35 2
1130 2 20 2
1131 3 27 3
1132 2 20 2
1133 3 64 3
1134 2 18 2
1135 3 23 3
1136 2 27 2
1137 2 17 2
1138 3 22 3
1139 2 27 2
1140 2 26 2
1141 4 80 4
1142 2 14 2
1143 2 12 2
1144 2 16 2
1145 3 44 3
1146 2 114 2
1147 2 10 2
1148 2 80 2
1149 2 11 2
1150 2 24 2
1151 2 10 2
1152 2 13 2
1153 2 10 2
1154 3 103 3
1155 2 26 2
1156 3 29 3
1157 2 13 2
1158 6 102 5
1159 2 20 2
1160 5 41 4
1161 2 25 2
1162 2 13 2
1163 2 45 2
1164 4 32 4
1165 2 13 2
1166 4 39 4
1167 3 41 3
1168 2 50 2
1169 4 73 4
1170 2 11 2
1171 2 17 2
1172 2 38 2
1173 3 14 3
1174 2 11 2
1175 2 13 2
1176 2 11 2
1177 2 20 2
1178 2 36 2
1179 2 9 2
1180 2 9 2
1181 2 18 2
1182 4 22 4
1183 2 19 2
1184 2 10 2
1185 2 8 2
1186 2 13 2
1187 2 9 2
1188 2 12 2
1189 2 18 2
1190 2 17 2
1191 3 34 3
1192 3 42 3
1193 4 71 4
1194 2 10 2
1195 2 23 2
1196 2 8 2
1197 3 25 3
1198 4 34 4
1199 2 9 2
1200 2 27 2
1201 11 169 8
1202 2 8 2
1203 3 28 3
1204 2 9 2
1205 4 572 4
1206 2 13 2
1207 2 9 2
1208 2 12 2
1209 2 26 2
1210 2 9 2
1211 2 20 2
1212 3 29 3
1213 2 17 2
1214 2 15 2
1215 2 45 2
1216 4 32 4
1217 2 9 2
1218 3 141 3
1219 2 9 2
1220 2 18 2
1221 3 44 3
1222 2 20 2
1223 2 15 2
1224 2 11 2
1225 2 28 2
1226 3 31 3
1227 2 14 2
1228 2 10 2
1229 2 30 2
1230 2 13 2
1231 2 17 2
1232 2 12 2
1233 2 31 2
1234 2 20 2
1235 3 23 3
1236 3 22 3
1237 2 12 2
1238 2 27 2
1239 2 14 2
1240 2 22 2
1241 2 11 2
1242 2 13 2
1243 2 61 2
1244 2 12 2
1245 2 16 2
1246 4 92 4
1247 2 10 2
1248 2 21 2
1249 3 35 3
1250 2 11 2
1251 2 51 2
1252 2 13 2
1253 2 139 2
1254 3 68 3
1255 2 12 2
1256 3 18 3
1257 2 9 2
1258 2 15 2
1259 2 11 2
1260 5 74 5
1261 2 18 2
1262 2 30 2
1263 3 73 3
1264 2 23 2
1265 2 51 2
1266 2 51 2
1267 3 48 3
1268 2 19 2
1269 2 18 2
1270 2 8 2
1271 2 24 2
1272 2 12 2
1273 2 43 2
1274 2 30 2
1275 4 38 4
1276 2 24 2
1277 2 75 2
1278 2 174 2
1279 2 16 2
1280 2 20 2
1281 2 17 2
1282 3 23 3
1283 3 14 3
1284 2 17 2
1285 2 13 2
1286 2 17 2
1287 2 20 2
1288 2 52 2
1289 2 25 2
1290 2 17 2
1291 2 15 2
1292 3 19 3
1293 2 13 2
1294 3 50 3
1295 2 10 2
1296 2 9 2
1297 2 23 2
1298 2 13 2
1299 3 39 3
1300 3 27 3
1301 2 11 2
1302 2 37 2
1303 2 25 2
1304 2 40 2
1305 3 108 3
1306 2 11 2
1307 2 14 2
1308 2 13 2
1309 2 31 2
1310 2 16 2
1311 4 57 4
1312 2 14 2
1313 2 10 2
1314 3 92 3
1315 2 18 2
1316 2 19 2
1317 3 17 3
1318 2 29 2
1319 3 16 3
1320 3 16 3
1321 2 20 2
1322 3 61 3
1323 2 18 2
1324 2 14 2
1325 4 33 4
1326 2 14 2
1327 3 65 3
1328 2 23 2
1329 2 9 2
1330 3 20 3
1331 2 76 2
1332 2 25 2
1333 2 12 2
1334 2 31 2
1335 2 10 2
1336 2 25 2
1337 2 12 2
1338 4 60 4
1339 2 63 2
1340 2 17 2
1341 2 8 2
1342 5 59 4
1343 2 17 2
1344 2 11 2
1345 3 26 3
1346 2 18 2
1347 2 8 2
1348 2 19 2
1349 2 19 2
1350 2 9 2
1351 2 15 2
1352 2 9 2
1353 2 56 2
1354 2 15 2
1355 2 18 2
1356 2 13 2
1357 2 15 2
1358 2 16 2
1359 2 22 2
1360 2 11 2
1361 2 14 2
1362 2 21 2
1363 2 8 2
1364 2 13 2
1365 2 17 2
1366 2 9 2
1367 2 14 2
1368 2 10 2
1369 2 11 2
1370 2 22 2
1371 2 16 2
1372 2 24 2
1373 2 49 2
1374 2 12 2
1375 3 62 3
1376 2 10 2
1377 2 14 2
1378 2 19 2
1379 2 9 2
1380 2 26 2
1381 3 22 3
1382 2 17 2
1383 2 16 2
1384 2 14 2
1385 2 10 2
1386 2 59 2
1387 4 144 4
1388 2 27 2
1389 2 12 2
1390 2 14 2
1391 2 35 2
1392 2 14 2
1393 2 12 2
1394 2 15 2
1395 2 15 2
1396 2 29 2
1397 3 22 3
1398 3 74 3
1399 4 87 4
1400 2 10 2
1401 2 19 2
1402 2 64 2
1403 2 13 2
1404 3 119 3
1405 2 29 2
1406 2 12 2
1407 2 76 2
1408 2 19 2
1409 4 76 4
1410 3 95 3
1411 2 91 2
1412 2 22 2
1413 2 32 2
1414 2 11 2
1415 2 14 2
1416 2 12 2
1417 2 24 2
1418 2 42 2
1419 2 19 2
1420 3 57 3
1421 2 21 2
1422 2 18 2
1423 2 10 2
1424 3 51 3
1425 2 21 2
1426 3 38 3
1427 2 9 2
1428 2 18 2
1429 2 19 2
1430 2 21 2
1431 2 17 2
1432 2 10 2
1433 2 24 2
1434 2 61 2
1435 2 10 2
1436 2 52 2
1437 2 18 2
1438 2 9 2
1439 4 216 4
1440 2 9 2
1441 2 60 2
1442 2 15 2
1443 3 60 3
1444 2 19 2
1445 2 11 2
1446 2 16 2
1447 2 35 2
1448 2 22 2
1449 2 12 2
1450 2 9 2
1451 3 15 3
1452 2 11 2
1453 2 33 2
1454 5 64 5
1455 2 39 2
1456 2 14 2
1457 2 35 2
1458 2 8 2
1459 2 30 2
1460 2 23 2
1461 3 15 3
1462 2 10 2
1463 2 10 2
1464 2 10 2
1465 2 63 2
1466 2 12 2
1467 2 8 2
1468 2 8 2
1469 2 15 2
1470 2 157 2
1471 3 33 3
1472 2 13 2
1473 3 96 3
1474 4 30 4
1475 2 32 2
1476 2 16 2
1477 2 10 2
1478 3 29 3
1479 2 14 2
1480 2 25 2
1481 3 59 3
1482 2 26 2
1483 3 20 3
1484 3 40 3
1485 3 20 3
1486 2 17 2
1487 3 28 3
1488 2 15 2
1489 3 16 3
1490 2 18 2
1491 2 30 2
1492 2 9 2
1493 3 35 3
1494 2 18 2
1495 2 8 2
1496 2 18 2
1497 2 25 2
1498 3 45 3
1499 2 14 2
1500 2 177 2
1501 2 11 2
1502 2 48 2
1503 2 13 2
1504 2 18 2
1505 4 29 4
1506 2 29 2
1507 3 56 3
1508 2 14 2
1509 2 14 2
1510 2 19 2
1511 4 71 4
1512 2 20 2
1513 2 51 2
1514 2 9 2
1515 2 22 2
1516 3 94 3
1517 3 16 3
1518 3 15 3
1519 2 17 2
1520 2 18 2
1521 2 11 2
1522 2 11 2
1523 2 14 2
1524 5 102 5
1525 2 10 2
1526 3 74 3
1527 2 10 2
1528 3 23 3
1529 2 23 2
1530 6 61 5
1531 2 20 2
1532 2 16 2
1533 2 16 2
1534 2 16 2
1535 2 9 2
1536 2 40 2
1537 2 54 2
1538 2 21 2
1539 4 58 4
1540 3 31 3
1541 2 11 2
1542 2 12 2
1543 2 13 2
1544 2 10 2
1545 2 14 2
1546 2 9 2
1547 2 16 2
1548 2 28 2
1549 2 26 2
1550 3 27 3
1551 2 10 2
1552 2 21 2
1553 2 10 2
1554 3 79 3
1555 2 11 2
1556 2 9 2
1557 2 12 2
1558 2 14 2
1559 2 31 2
1560 2 20 2
1561 5 135 5
1562 2 71 2
1563 2 32 2
1564 2 10 2
1565 2 18 2
1566 3 32 3
1567 2 10 2
1568 2 8 2
1569 2 10 2
1570 2 18 2
1571 2 15 2
1572 2 11 2
1573 2 24 2
1574 2 12 2
1575 2 12 2
1576 2 11 2
1577 2 20 2
1578 2 34 2
1579 2 304 2
1580 2 16 2
1581 2 22 2
1582 4 44 4
1583 2 10 2
1584 2 12 2
1585 3 37 3
1586 2 14 2
1587 2 19 2
1588 2 10 2
1589 3 27 3
1590 2 24 2
1591 2 9 2
1592 2 38 2
1593 2 9 2
1594 2 19 2
1595 2 8 2
1596 2 13 2
1597 2 8 2
1598 2 18 2
1599 2 21 2
1600 2 60 2
1601 3 17 3
1602 3 16 3
1603 2 23 2
1604 2 15 2
1605 3 32 3
1606 2 11 2
1607 3 22 3
1608 2 16 2
1609 3 95 3
1610 3 22 3
1611 2 13 2
1612 3 37 3
1613 2 8 2
1614 3 34 3
1615 2 14 2
1616 2 11 2
1617 5 35 4
1618 2 9 2
1619 2 16 2
1620 2 20 2
1621 2 10 2
1622 2 27 2
1623 2 8 2
1624 2 14 2
1625 3 18 3
1626 2 8 2
1627 2 13 2
1628 3 101 3
1629 2 68 2
1630 3 36 3
1631 4 266 4
1632 2 10 2
1633 4 27 4
1634 2 30 2
1635 2 13 2
1636 2 9 2
1637 2 10 2
1638 2 14 2
1639 2 12 2
1640 2 11 2
1641 2 14 2
1642 3 23 3
1643 2 47 2
1644 6 190 6
1645 2 13 2
1646 2 23 2
1647 2 29 2
1648 3 82 3
1649 2 35 2
1650 2 10 2
1651 2 29 2
1652 2 13 2
1653 2 22 2
1654 2 11 2
1655 2 48 2
1656 2 11 2
1657 3 36 3
1658 2 17 2
1659 4 31 4
1660 2 13 2
1661 2 12 2
1662 2 10 2
1663 4 38 4
1664 2 9 2
1665 2 16 2
1666 2 12 2
1667 2 14 2
1668 2 42 2
1669 2 9 2
1670 2 22 2
1671 2 36 2
1672 4 72 4
1673 2 55 2
1674 3 23 3
1675 2 57 2
1676 2 18 2
1677 5 65 4
1678 3 23 3
1679 2 17 2
1680 2 15 2
1681 2 17 2
1682 2 14 2
1683 2 22 2
1684 2 9 2
1685 2 35 2
1686 2 8 2
1687 2 15 2
1688 2 11 2
1689 2 11 2
1690 2 26 2
1691 2 13 2
1692 2 13 2
1693 3 19 3
1694 2 9 2
1695 2 9 2
1696 2 28 2
1697 2 15 2
1698 2 70 2
1699 2 11 2
1700 2 16 2
1701 2 36 2
1702 2 13 2
1703 2 9 2
1704 2 19 2
1705 2 8 2
1706 2 28 2
1707 2 13 2
1708 2 13 2
1709 2 9 2
1710 2 18 2
1711 2 19 2
1712 2 27 2
1713 2 43 2
1714 2 13 2
1715 2 18 2
1716 2 25 2
1717 2 19 2
1718 2 12 2
1719 2 22 2
1720 2 27 2
1721 2 26 2
1722 3 27 3
1723 2 11 2
1724 2 16 2
1725 2 20 2
1726 2 40 2
1727 2 20 2
1728 2 11 2
1729 2 16 2
1730 2 25 2
1731 2 16 2
1732 3 32 3
1733 2 11 2
1734 2 54 2
1735 2 24 2
1736 2 10 2
1737 3 20 3
1738 2 14 2
1739 2 8 2
1740 3 20 3
1741 2 37 2
1742 2 14 2
1743 2 18 2
1744 2 10 2
1745 2 10 2
1746 2 9 2
1747 3 61 3
1748 2 14 2
1749 2 23 2
1750 3 21 3
1751 2 25 2
1752 2 13 2
1753 2 11 2
1754 2 26 2
1755 2 13 2
1756 4 38 4
1757 3 12 3
1758 2 31 2
1759 2 13 2
1760 2 10 2
1761 3 31 3
1762 2 31 2
1763 2 12 2
1764 2 16 2
1765 2 10 2
1766 2 18 2
1767 2 12 2
1768 3 29 3
1769 2 11 2
1770 2 9 2
1771 2 15 2
1772 4 49 4
1773 2 14 2
1774 3 21 3
1775 2 16 2
1776 2 19 2
1777 2 9 2
1778 2 25 2
1779 2 13 2
1780 2 14 2
1781 2 15 2
1782 2 34 2
1783 2 8 2
1784 2 25 2
1785 2 14 2
1786 2 18 2
1787 2 22 2
1788 2 10 2
1789 3 18 3
1790 2 12 2
1791 2 12 2
1792 2 17 2
1793 2 26 2