181	5	92	5
267	5	106	5
470	3	38	3
166	6	305	5
471	3	46	3
16	8	137	6
472	3	55	3
473	4	26	4
103	2	20	2
359	4	54	4
927	3	28	3
926	5	181	5
450	6	129	5
378	2	14	2
137	2	33	2
13	2	21	2
2	3	33	3
40	9	57	5
379	2	10	2
21	2	18	2
928	3	21	3
218	3	26	3
184	4	33	4
272	5	90	5
61	5	168	5
168	2	15	2
273	4	275	4
274	3	16	3
33	8	79	5
931	4	46	4
295	2	33	2
98	3	19	3
183	2	30	2
268	2	11	2
431	3	32	3
647	2	12	2
75	4	38	4
136	5	46	4
102	2	11	2
15	4	32	4
496	2	36	2
306	2	17	2
392	4	32	4
60	2	13	2
219	2	51	2
258	3	36	3
56	3	39	3
250	2	17	2
259	4	107	4
196	2	12	2
630	2	26	2
1057	2	25	2
8	2	12	2
320	2	13	2
73	6	49	5
217	3	72	3
631	2	14	2
66	3	19	3
357	2	22	2
36	2	13	2
1059	7	92	6
51	4	38	4
31	5	24	4
18	3	65	3
301	2	27	2
497	3	29	3
498	4	28	4
3	3	52	3
499	3	51	3
1736	3	27	3
701	2	18	2
65	3	18	3
702	2	46	2
234	3	18	3
235	2	23	2
220	2	76	2
101	2	25	2
278	3	24	3
290	2	14	2
1062	7	119	5
106	2	13	2
1063	3	28	3
999	3	37	3
703	2	13	2
1064	2	11	2
337	2	13	2
59	2	17	2
704	7	78	5
37	3	35	3
1741	2	21	2
248	2	9	2
1065	2	21	2
1066	3	30	3
255	2	19	2
53	3	49	3
705	2	23	2
111	2	30	2
179	2	9	2
1744	2	26	2
1745	3	47	3
504	2	32	2
308	4	39	4
368	2	15	2
32	2	8	2
1068	2	13	2
899	2	53	2
127	4	104	4
323	2	19	2
324	2	30	2
109	3	48	3
322	2	13	2
100	3	35	3
30	3	25	3
455	2	14	2
43	3	23	3
1069	3	20	3
1070	5	41	4
1747	3	23	3
1071	4	71	4
58	2	10	2
211	2	14	2
154	4	33	4
362	3	29	3
706	3	19	3
297	3	17	3
1586	2	15	2
629	5	124	5
175	3	22	3
225	2	23	2
192	2	11	2
1748	2	13	2
461	2	38	2
231	2	11	2
25	2	14	2
900	3	135	3
83	2	31	2
795	2	9	2
1072	5	41	4
438	7	2189	7
393	2	13	2
394	2	51	2
5	2	16	2
395	3	36	3
317	2	14	2
318	3	25	3
319	2	20	2
233	2	12	2
442	5	37	4
1076	2	126	2
561	2	10	2
19	4	29	4
562	2	28	2
35	2	8	2
1349	2	18	2
449	2	11	2
645	2	27	2
828	2	46	2
1351	4	71	4
832	2	18	2
309	3	37	3
564	3	47	3
565	2	13	2
566	3	29	3
428	2	11	2
429	4	43	4
426	2	25	2
85	2	11	2
24	2	16	2
833	3	22	3
72	2	37	2
1352	2	40	2
271	3	59	3
305	4	72	4
372	3	20	3
230	2	16	2
294	5	38	4
293	4	24	4
236	4	55	4
221	2	10	2
834	2	41	2
4	2	12	2
313	2	22	2
263	3	15	3
93	3	52	3
1353	2	36	2
1356	3	37	3
1357	2	13	2
81	2	9	2
571	2	17	2
459	3	64	3
835	4	64	4
7	4	45	4
153	2	11	2
572	2	24	2
108	2	11	2
573	3	15	3
63	4	55	4
418	3	50	3
1361	2	19	2
838	2	22	2
839	5	76	5
574	2	13	2
876	5	144	5
189	11	206	8
1369	3	97	3
1370	2	11	2
997	2	17	2
10	2	23	2
132	2	20	2
182	2	11	2
167	2	11	2
464	2	52	2
579	2	16	2
1373	2	8	2
840	2	8	2
1374	2	10	2
55	2	20	2
48	2	12	2
46	2	13	2
1	4	92	4
11	2	41	2
478	4	69	4
185	2	10	2
198	3	24	3
199	2	14	2
49	2	15	2
62	2	40	2
283	2	14	2
590	3	25	3
1520	2	9	2
1521	2	8	2
655	2	104	2
361	3	62	3
978	2	18	2
1522	2	12	2
1523	3	31	3
979	13	357	8
1524	5	104	5
1525	2	9	2
171	2	311	2
169	5	39	4
94	4	68	4
170	2	14	2
139	2	9	2
87	2	13	2
479	2	9	2
228	2	16	2
1526	2	10	2
20	2	51	2
656	3	14	3
657	4	39	4
658	3	411	3
284	2	17	2
435	2	13	2
877	2	43	2
878	2	11	2
223	2	14	2
1527	2	11	2
980	2	8	2
1530	2	77	2
1226	3	116	3
1532	3	18	3
1533	3	25	3
1534	2	15	2
174	2	13	2
982	2	21	2
614	3	51	3
615	2	24	2
983	2	18	2
1067	2	20	2
69	2	24	2
1537	2	16	2
985	3	20	3
986	3	19	3
989	3	28	3
987	2	17	2
988	2	11	2
990	2	8	2
352	3	23	3
14	2	12	2
616	3	28	3
994	6	63	5
582	2	10	2
417	3	18	3
28	3	25	3
481	2	12	2
480	2	17	2
1541	4	93	4
1012	2	32	2
1013	3	21	3
41	5	47	4
995	2	31	2
482	3	19	3
483	3	31	3
1542	2	11	2
880	2	15	2
1543	2	10	2
870	2	11	2
287	2	11	2
226	4	79	4
1714	2	9	2
163	2	10	2
1721	2	10	2
1722	2	8	2
493	2	38	2
494	3	16	3
388	2	9	2
389	2	23	2
390	2	18	2
391	2	10	2
155	2	14	2
23	2	14	2
176	2	13	2
1728	2	11	2
367	2	17	2
165	2	9	2
897	3	88	3
1729	5	83	5
1056	6	355	6
1732	2	18	2
300	2	32	2
38	2	9	2
1733	4	59	4
281	5	86	5
1734	3	23	3
460	3	25	3
495	3	21	3
311	3	52	3
416	2	23	2
632	2	30	2
1058	3	16	3
1735	4	21	4
270	2	21	2
321	2	25	2
34	2	15	2
1060	4	75	4
1737	3	23	3
1061	2	19	2
307	2	11	2
500	3	44	3
501	3	48	3
1738	2	12	2
1739	2	13	2
17	3	15	3
1740	2	28	2
659	2	15	2
363	3	22	3
502	2	9	2
503	4	24	4
1743	3	16	3
1600	2	10	2
451	4	34	4
164	4	39	4
92	2	15	2
401	2	11	2
402	5	157	5
403	2	9	2
404	2	15	2
405	2	21	2
291	2	15	2
514	2	11	2
761	3	22	3
1149	2	9	2
515	2	15	2
466	2	9	2
124	2	10	2
763	2	70	2
1150	7	366	7
54	5	49	5
764	2	25	2
1155	3	102	3
1156	2	9	2
328	3	23	3
70	2	31	2
1157	5	108	5
765	3	69	3
1158	5	59	5
1159	2	9	2
6	3	17	3
1240	2	8	2
1160	3	23	3
1161	2	16	2
638	2	24	2
47	2	32	2
1162	5	56	4
766	2	15	2
767	2	16	2
768	5	186	5
1163	2	24	2
1164	3	18	3
406	2	33	2
407	2	11	2
516	2	11	2
517	2	10	2
303	2	11	2
519	3	17	3
518	2	39	2
1165	3	56	3
1166	2	10	2
1016	2	68	2
1167	4	121	4
1168	3	52	3
358	5	140	5
348	3	19	3
22	2	18	2
769	5	70	5
910	2	41	2
856	2	14	2
1169	3	30	3
1170	2	15	2
1171	4	28	4
1215	2	22	2
611	3	48	3
1172	2	8	2
770	4	140	4
771	3	24	3
212	2	14	2
123	2	19	2
1313	2	10	2
816	2	15	2
325	2	27	2
1314	2	23	2
1315	2	17	2
346	2	11	2
232	2	25	2
29	2	48	2
916	2	27	2
1322	3	19	3
1324	2	17	2
546	3	18	3
186	9	134	8
1326	2	13	2
1327	2	23	2
1329	2	12	2
413	3	17	3
222	2	18	2
548	2	10	2
549	2	11	2
551	3	29	3
1331	2	41	2
552	2	11	2
553	3	129	3
554	2	12	2
555	2	10	2
312	2	12	2
556	3	19	3
1333	2	11	2
1334	4	24	4
1335	2	14	2
1336	2	23	2
1337	2	15	2
1338	2	17	2
821	3	22	3
822	3	100	3
1339	2	13	2
191	2	16	2
823	2	17	2
557	3	29	3
558	2	23	2
1340	2	17	2
1341	2	9	2
425	3	38	3
374	2	13	2
423	2	18	2
424	2	9	2
1342	2	13	2
1343	2	13	2
1344	3	16	3
824	2	38	2
119	3	12	3
112	3	28	3
113	2	9	2
95	2	17	2
114	2	12	2
115	5	64	5
116	4	239	4
117	4	26	4
118	2	16	2
559	2	9	2
262	3	24	3
911	3	32	3
338	2	15	2
1345	2	10	2
825	3	37	3
644	2	8	2
560	2	15	2
86	2	15	2
640	2	8	2
364	2	41	2
826	2	9	2
827	4	76	4
241	2	14	2
1602	2	10	2
1346	2	12	2
596	2	36	2
125	2	10	2
188	2	8	2
1347	2	8	2
1590	3	29	3
1348	3	70	3
829	2	25	2
229	3	22	3
1350	2	12	2
12	2	11	2
830	2	40	2
831	2	12	2
641	3	13	3
1468	2	18	2
954	2	26	2
955	2	10	2
1469	6	38	4
1470	3	19	3
869	2	14	2
1471	2	13	2
842	2	12	2
1478	2	44	2
1479	2	63	2
1480	2	20	2
1481	4	36	4
1483	2	25	2
1482	2	24	2
135	2	10	2
1484	3	35	3
195	2	12	2
360	2	11	2
610	2	10	2
1491	2	19	2
960	2	53	2
961	2	18	2
651	2	10	2
650	4	91	4
453	2	11	2
1492	2	8	2
84	2	21	2
963	2	16	2
964	4	660	4
524	2	11	2
863	4	26	4
1498	2	33	2
965	2	38	2
1499	2	15	2
1501	2	8	2
261	2	12	2
652	2	57	2
190	3	48	3
873	2	12	2
314	2	25	2
315	3	116	3
316	3	17	3
1509	2	50	2
1510	2	14	2
121	3	60	3
246	4	30	4
969	2	13	2
970	2	15	2
1513	2	13	2
477	5	59	4
653	2	8	2
971	2	34	2
1514	2	10	2
180	2	15	2
613	4	54	4
156	3	39	3
589	2	53	2
245	17	553	10
972	2	14	2
973	2	8	2
974	2	8	2
975	4	40	4
976	2	33	2
875	2	14	2
1516	4	26	4
1515	3	17	3
178	4	82	4
654	3	37	3
1517	3	184	3
608	3	61	3
977	3	15	3
1518	2	15	2
1519	3	67	3
1642	2	31	2
440	2	11	2
1643	2	14	2
1644	2	18	2
126	2	22	2
1026	2	14	2
1651	2	35	2
1652	2	30	2
1653	2	37	2
683	2	9	2
365	2	24	2
1654	2	23	2
1664	3	18	3
1030	2	8	2
1674	2	10	2
327	3	38	3
422	2	12	2
1676	2	14	2
688	3	39	3
1677	4	37	4
1678	2	10	2
1031	2	13	2
342	2	12	2
1683	2	13	2
1397	3	26	3
626	3	31	3
1685	2	10	2
138	2	9	2
238	2	8	2
239	2	84	2
1035	2	8	2
1036	2	11	2
1245	2	34	2
1689	2	13	2
1037	2	16	2
1695	2	10	2
1696	2	8	2
207	2	13	2
694	2	13	2
1038	2	18	2
1702	2	10	2
1703	2	9	2
1704	2	18	2
110	2	11	2
1705	2	15	2
383	3	18	3
384	4	31	4
385	2	13	2
386	2	9	2
387	2	12	2
697	2	26	2
698	3	40	3
1043	2	20	2
1711	3	106	3
280	2	30	2
88	2	18	2
214	3	33	3
1712	3	31	3
1046	2	16	2
122	2	55	2
1047	4	60	4
1048	3	29	3
42	3	24	3
1049	2	27	2
1713	6	244	6
1422	2	30	2
599	3	141	3
492	2	28	2
635	2	9	2
723	7	285	6
722	2	13	2
50	2	9	2
728	2	11	2
463	2	9	2
1096	2	21	2
1380	2	50	2
588	2	18	2
1097	2	9	2
730	2	11	2
733	2	18	2
731	2	12	2
732	3	25	3
734	3	40	3
735	2	58	2
339	5	87	4
310	4	62	4
736	3	76	3
1102	2	10	2
1103	4	38	4
1104	2	8	2
1399	3	16	3
854	2	23	2
1109	2	23	2
143	2	31	2
120	3	26	3
145	3	39	3
146	2	16	2
147	3	15	3
148	3	38	3
149	2	8	2
140	2	10	2
141	4	21	4
128	2	22	2
142	2	39	2
144	2	29	2
1111	2	18	2
530	2	11	2
531	2	17	2
745	2	18	2
746	2	56	2
747	3	38	3
433	4	93	4
79	2	130	2
398	3	32	3
347	2	18	2
1120	2	11	2
1127	2	18	2
508	3	29	3
749	2	10	2
750	2	14	2
509	2	50	2
510	2	14	2
1128	2	14	2
1131	3	50	3
52	2	12	2
752	2	29	2
753	2	8	2
74	2	35	2
1136	2	12	2
1138	2	12	2
754	3	20	3
755	2	12	2
1140	2	11	2
759	2	33	2
851	2	14	2
465	4	74	4
99	2	22	2
105	2	10	2
513	2	9	2
39	2	31	2
760	3	91	3
908	3	29	3
597	2	23	2
1229	2	10	2
1230	2	22	2
1231	2	32	2
1232	2	28	2
1233	2	20	2
1234	2	11	2
1260	2	17	2
1220	2	12	2
1236	3	35	3
266	2	14	2
1241	2	20	2
330	2	12	2
331	2	15	2
332	4	47	4
333	2	13	2
366	2	57	2
1242	3	20	3
1243	2	11	2
1244	2	17	2
868	4	32	4
1251	2	10	2
9	2	26	2
412	9	154	7
264	2	30	2
414	2	14	2
797	3	72	3
798	2	18	2
1264	2	34	2
799	3	26	3
539	2	62	2
1265	2	8	2
1266	2	12	2
800	2	36	2
801	2	20	2
1275	3	58	3
1277	4	24	4
1278	3	17	3
203	2	25	2
104	2	11	2
1284	2	16	2
1285	2	29	2
642	2	13	2
808	2	17	2
1286	6	336	5
1008	2	19	2
454	4	106	4
1296	3	16	3
810	2	19	2
811	2	28	2
1298	2	18	2
1299	2	32	2
1300	2	16	2
1301	3	75	3
525	2	53	2
370	2	20	2
1303	2	12	2
885	2	25	2
1305	2	11	2
1304	2	25	2
1306	3	43	3
1307	3	19	3
434	3	35	3
813	2	14	2
607	2	53	2
1309	2	15	2
1015	2	8	2
408	2	73	2
815	2	16	2
326	2	22	2
1319	2	23	2
1320	2	23	2
194	2	68	2
817	3	103	3
591	3	63	3
592	5	94	5
537	4	31	4
538	2	23	2
335	2	19	2
1321	2	11	2
107	2	16	2
1323	2	14	2
269	2	12	2
474	2	53	2
475	2	54	2
948	3	26	3
1454	2	38	2
944	3	14	3
260	2	10	2
943	3	13	3
131	4	34	4
1452	2	9	2
1451	2	61	2
1446	2	13	2
1445	2	42	2
1460	3	26	3
841	2	27	2
609	2	10	2
1455	3	32	3
1413	3	80	3
953	3	83	3
150	2	11	2
452	4	51	4
1466	3	24	3
1467	2	15	2
1463	2	29	2
1476	2	12	2
1474	3	25	3
216	2	13	2
351	2	11	2
1473	2	17	2
1551	14	436	9
536	2	11	2
872	2	11	2
1489	2	18	2
205	2	21	2
1488	3	17	3
959	3	22	3
958	2	10	2
1485	3	37	3
1377	2	11	2
966	3	20	3
586	3	34	3
336	5	147	5
1494	2	10	2
1495	3	19	3
1493	2	31	2
612	2	57	2
962	3	13	3
1505	2	9	2
1503	2	12	2
1504	4	61	4
1502	2	15	2
1603	3	19	3
967	4	119	4
968	2	42	2
276	2	27	2
277	3	18	3
275	2	28	2
1506	2	56	2
1508	2	15	2
874	3	23	3
1507	2	15	2
1512	2	8	2
1511	2	15	2
1623	4	59	4
1624	2	11	2
679	2	10	2
677	3	34	3
678	2	10	2
1620	3	42	3
71	2	43	2
674	2	11	2
675	2	28	2
676	3	46	3
26	2	32	2
1210	2	8	2
1627	2	16	2
1614	2	10	2
1021	2	33	2
458	2	26	2
623	2	17	2
1020	2	9	2
1630	3	22	3
570	2	10	2
80	2	23	2
1641	4	519	4
1022	3	19	3
1023	2	15	2
1639	2	14	2
1637	2	13	2
1635	2	10	2
1027	2	10	2
625	3	25	3
1025	2	13	2
681	2	24	2
682	2	22	2
1645	2	12	2
1663	2	21	2
45	2	12	2
1661	2	10	2
1659	2	20	2
421	2	12	2
1028	2	14	2
1675	2	33	2
1671	3	33	3
1552	3	62	3
381	2	13	2
382	2	18	2
490	2	16	2
1584	2	9	2
1665	2	21	2
1666	2	11	2
892	6	160	5
684	4	87	4
685	2	34	2
1032	2	16	2
1033	2	32	2
690	2	35	2
691	2	11	2
692	2	14	2
1679	3	25	3
1692	2	16	2
1688	2	29	2
157	2	16	2
693	2	17	2
1007	5	95	4
1686	2	13	2
627	3	45	3
1707	2	8	2
1041	3	24	3
1042	2	13	2
441	2	18	2
1040	3	43	3
68	2	35	2
696	4	156	4
1701	2	16	2
1430	3	28	3
1039	2	22	2
695	2	11	2
343	2	25	2
200	2	10	2
201	2	8	2
202	2	15	2
1081	2	37	2
1082	2	12	2
715	2	75	2
716	2	8	2
1785	3	17	3
1786	2	10	2
329	2	16	2
1784	2	29	2
1086	2	11	2
1087	2	14	2
1083	2	51	2
1084	3	29	3
717	2	11	2
906	2	18	2
718	2	13	2
719	2	11	2
721	2	13	2
448	2	11	2
1090	2	12	2
1091	3	23	3
720	2	10	2
1088	2	14	2
302	2	46	2
420	2	8	2
1095	2	14	2
890	2	9	2
1094	2	19	2
1092	2	28	2
859	2	51	2
256	3	14	3
507	2	9	2
729	2	15	2
249	2	16	2
737	2	16	2
1107	2	35	2
396	2	23	2
397	3	35	3
369	2	15	2
1105	2	18	2
1118	2	15	2
743	4	284	4
744	3	14	3
1114	3	30	3
1113	2	36	2
1112	2	11	2
1250	2	43	2
1122	2	10	2
1123	3	26	3
996	2	9	2
618	2	21	2
1121	2	38	2
1137	2	13	2
1135	2	12	2
1133	2	19	2
1130	5	60	4
751	3	28	3
905	2	26	2
758	3	28	3
757	3	36	3
783	2	9	2
782	2	21	2
1218	2	18	2
1221	2	9	2
1219	3	18	3
802	2	22	2
528	2	18	2
1224	2	23	2
785	2	10	2
784	2	8	2
296	2	9	2
794	2	48	2
793	2	11	2
790	2	10	2
789	2	106	2
791	2	8	2
788	2	13	2
1235	2	16	2
787	2	11	2
786	2	21	2
1227	3	85	3
1239	2	12	2
89	4	78	4
533	2	8	2
532	2	9	2
411	2	29	2
410	2	10	2
409	2	11	2
1249	2	34	2
1262	3	14	3
1259	2	35	2
1255	2	12	2
913	2	19	2
1253	4	471	4
1252	2	21	2
603	2	15	2
855	2	19	2
1425	2	12	2
850	2	9	2
1567	2	50	2
227	2	13	2
1274	2	18	2
1272	2	14	2
1270	2	17	2
1269	2	19	2
807	2	19	2
27	2	11	2
860	3	22	3
914	2	22	2
1282	2	16	2
1281	2	29	2
806	3	30	3
1279	2	8	2
1297	2	15	2
540	2	9	2
543	2	19	2
542	2	46	2
541	2	16	2
1295	2	8	2
1294	2	11	2
1292	2	14	2
427	3	27	3
1291	2	18	2
1290	2	9	2
1287	2	12	2
812	2	17	2
1386	2	31	2
204	2	17	2
849	2	43	2
848	2	12	2
884	2	11	2
1573	2	42	2
1390	3	18	3
1389	2	10	2
587	8	174	6
197	2	11	2
373	2	10	2
853	2	8	2
852	2	10	2
1393	2	12	2
920	2	18	2
1392	2	18	2
902	2	47	2
1395	2	210	2
467	2	14	2
535	2	13	2
534	2	29	2
857	2	8	2
606	2	23	2
1402	2	40	2
1401	2	15	2
1400	3	20	3
1398	2	10	2
1405	2	10	2
1404	2	15	2
1403	2	72	2
917	2	28	2
1415	4	149	4
1414	5	64	4
866	2	24	2
1412	2	11	2
1379	3	26	3
1411	4	269	4
1410	2	72	2
1409	2	68	2
1408	2	14	2
1407	2	28	2
1416	2	14	2
595	3	32	3
594	3	22	3
593	2	39	2
879	2	11	2
1419	2	15	2
253	2	28	2
858	2	19	2
1418	2	10	2
1746	2	8	2
867	4	48	4
646	2	40	2
91	2	19	2
1417	2	14	2
861	3	39	3
469	2	18	2
468	3	30	3
1429	2	35	2
1428	2	20	2
1426	3	27	3
605	2	20	2
1424	3	64	3
1423	2	18	2
240	3	23	3
563	2	27	2
1435	2	17	2
1434	3	22	3
1433	2	27	2
57	2	26	2
882	4	80	4
1432	2	14	2
925	2	12	2
924	2	16	2
923	3	44	3
922	2	114	2
648	2	10	2
1442	2	80	2
1441	2	11	2
941	2	24	2
279	2	10	2
1440	2	13	2
1438	2	10	2
1437	3	103	3
939	2	26	2
938	3	29	3
937	2	13	2
936	6	102	5
934	2	20	2
935	5	41	4
946	2	25	2
945	2	13	2
1003	2	45	2
1002	4	32	4
1450	2	13	2
1449	4	39	4
1588	3	41	3
334	2	50	2
1447	4	73	4
1448	2	11	2
1459	2	17	2
952	2	38	2
580	3	14	3
243	2	11	2
354	2	13	2
1564	2	11	2
1563	2	20	2
663	2	36	2
662	2	9	2
1561	2	9	2
1560	2	18	2
567	4	22	4
1572	2	19	2
664	2	10	2
1569	2	8	2
1568	2	13	2
1001	2	9	2
1000	2	12	2
1578	2	18	2
1577	2	17	2
415	3	34	3
1580	3	42	3
1579	4	71	4
484	2	10	2
177	2	23	2
1006	2	8	2
1582	3	25	3
1005	4	34	4
292	2	9	2
1581	2	27	2
1585	11	169	8
90	2	8	2
1421	3	28	3
1248	2	9	2
620	4	572	4
1583	2	13	2
209	2	9	2
668	2	12	2
667	2	26	2
1011	2	9	2
1010	2	20	2
886	3	29	3
1587	2	17	2
78	2	15	2
1589	2	45	2
1009	4	32	4
1595	2	9	2
1014	3	141	3
1592	2	9	2
887	2	18	2
1597	3	44	3
1591	2	20	2
489	2	15	2
488	2	11	2
487	2	28	2
486	3	31	3
485	2	14	2
1604	2	10	2
1237	2	30	2
1599	2	13	2
1598	2	17	2
439	2	12	2
282	2	31	2
1613	2	20	2
888	3	23	3
1611	3	22	3
1610	2	12	2
1609	2	27	2
210	2	14	2
1608	2	22	2
672	2	11	2
671	2	13	2
670	2	61	2
1625	2	12	2
1622	2	16	2
1618	4	92	4
1617	2	10	2
1615	2	21	2
1634	3	35	3
1633	2	11	2
1631	2	51	2
77	2	13	2
600	2	139	2
901	3	68	3
288	2	12	2
1749	3	18	3
445	2	9	2
1073	2	15	2
628	2	11	2
1075	5	74	5
1074	2	18	2
1750	2	30	2
446	3	73	3
208	2	23	2
1751	2	51	2
1755	2	51	2
1754	3	48	3
1753	2	19	2
1752	2	18	2
1742	2	8	2
1078	2	24	2
1077	2	12	2
1756	2	43	2
710	2	30	2
709	4	38	4
708	2	24	2
707	2	75	2
298	2	174	2
1757	2	16	2
1758	2	20	2
224	2	17	2
845	3	23	3
1761	3	14	3
1760	2	17	2
447	2	13	2
1079	2	17	2
1767	2	20	2
1766	2	52	2
712	2	25	2
1765	2	17	2
903	2	15	2
1763	3	19	3
1768	2	13	2
1762	3	50	3
714	2	10	2
713	2	9	2
1774	2	23	2
1080	2	13	2
506	3	39	3
505	3	27	3
1771	2	11	2
215	2	37	2
1770	2	25	2
864	2	40	2
1769	3	108	3
1783	2	11	2
1782	2	14	2
1781	2	13	2
1779	2	31	2
1778	2	16	2
1777	4	57	4
1776	2	14	2
1775	2	10	2
341	3	92	3
1085	2	18	2
1794	2	19	2
1792	3	17	3
1791	2	29	2
1276	3	16	3
1176	3	16	3
1175	2	20	2
1174	3	61	3
895	2	18	2
1173	2	14	2
604	4	33	4
1177	2	14	2
1181	3	65	3
1180	2	23	2
1179	2	9	2
1178	3	20	3
1184	2	76	2
1183	2	25	2
621	2	12	2
772	2	31	2
1182	2	10	2
1190	2	25	2
1189	2	12	2
1187	4	60	4
1188	2	63	2
1186	2	17	2
1185	2	8	2
1191	5	59	4
436	2	17	2
773	2	11	2
1193	3	26	3
437	2	18	2
1192	2	8	2
550	2	19	2
151	2	19	2
1238	2	9	2
1194	2	15	2
774	2	9	2
1195	2	56	2
775	2	15	2
1198	2	18	2
1197	2	13	2
665	2	15	2
521	2	16	2
520	2	22	2
285	2	11	2
1209	2	14	2
776	2	21	2
251	2	8	2
1207	2	13	2
1206	2	17	2
1205	2	9	2
1204	2	14	2
1203	2	10	2
1202	2	11	2
777	2	22	2
1211	2	16	2
1200	2	24	2
289	2	49	2
134	2	12	2
97	3	62	3
82	2	10	2
780	2	14	2
779	2	19	2
778	2	9	2
1214	2	26	2
1213	3	22	3
1212	2	17	2
1217	2	16	2
152	2	14	2
781	2	10	2
639	2	59	2
286	4	144	4
1216	2	27	2
444	2	12	2
1225	2	14	2
129	2	35	2
527	2	14	2
526	2	12	2
1223	2	15	2
1222	2	15	2
912	2	29	2
1355	3	22	3
1354	3	74	3
44	4	87	4
837	2	10	2
1360	2	19	2
1359	2	64	2
836	2	13	2
1358	3	119	3
1364	2	29	2
1363	2	12	2
1362	2	76	2
633	2	19	2
1365	4	76	4
1368	3	95	3
1367	2	91	2
1366	2	22	2
883	2	32	2
1556	2	11	2
1371	2	14	2
1372	2	12	2
257	2	24	2
576	2	42	2
578	2	19	2
577	3	57	3
1376	2	21	2
349	2	18	2
1375	2	10	2
844	3	51	3
843	2	21	2
1378	3	38	3
583	2	9	2
847	2	18	2
846	2	19	2
1383	2	21	2
1382	2	17	2
1381	2	10	2
918	2	24	2
585	2	61	2
1384	2	10	2
1388	2	52	2
602	2	18	2
1387	2	9	2
919	4	216	4
1391	2	9	2
1385	2	60	2
1529	2	15	2
1528	3	60	3
1531	2	19	2
1536	2	11	2
981	2	16	2
1535	2	35	2
984	2	22	2
1406	2	12	2
1538	2	9	2
1539	3	15	3
993	2	11	2
992	2	33	2
991	5	64	5
187	2	39	2
1540	2	14	2
617	2	35	2
1548	2	8	2
1547	2	30	2
1546	2	23	2
1545	3	15	3
1544	2	10	2
1550	2	10	2
1549	2	10	2
998	2	63	2
881	2	12	2
64	2	8	2
1553	2	8	2
1555	2	15	2
1554	2	157	2
661	3	33	3
660	2	13	2
1004	3	96	3
1559	4	30	4
1558	2	32	2
1557	2	16	2
353	2	10	2
598	3	29	3
1565	2	14	2
1566	2	25	2
1562	3	59	3
419	2	26	2
619	3	20	3
1576	3	40	3
1574	3	20	3
1571	2	17	2
1570	3	28	3
380	2	15	2
1657	3	16	3
1656	2	18	2
1655	2	30	2
893	2	9	2
894	3	35	3
1673	2	18	2
1672	2	8	2
909	2	18	2
1669	2	25	2
1034	3	45	3
1684	2	14	2
356	2	177	2
1682	2	11	2
1396	2	48	2
1681	2	13	2
1680	2	18	2
624	4	29	4
689	2	29	2
304	3	56	3
1697	2	14	2
1694	2	14	2
1693	2	19	2
1691	4	71	4
1690	2	20	2
491	2	51	2
1687	2	9	2
1706	2	22	2
1700	3	94	3
1699	3	16	3
1698	3	15	3
700	2	17	2
699	2	18	2
643	2	11	2
1044	2	11	2
1710	2	14	2
1709	5	102	5
1708	2	10	2
1051	3	74	3
1050	2	10	2
443	3	23	3
1045	2	23	2
1723	6	61	5
1720	2	20	2
1719	2	16	2
1718	2	16	2
1717	2	16	2
1716	2	9	2
1715	2	40	2
1246	2	54	2
67	2	21	2
1052	4	58	4
244	3	31	3
1727	2	11	2
1726	2	12	2
1725	2	13	2
213	2	10	2
896	2	14	2
1724	2	9	2
1053	2	16	2
1055	2	28	2
1054	2	26	2
898	3	27	3
1731	2	10	2
1730	2	21	2
462	2	10	2
742	3	79	3
741	2	11	2
740	2	9	2
739	2	12	2
738	2	14	2
265	2	31	2
1117	2	20	2
1116	5	135	5
1115	2	71	2
162	2	32	2
161	2	10	2
160	2	18	2
159	3	32	3
158	2	10	2
1126	2	8	2
1125	2	10	2
1124	2	18	2
748	2	15	2
575	2	11	2
371	2	24	2
400	2	12	2
399	2	12	2
1134	2	11	2
1132	2	20	2
1129	2	34	2
756	2	304	2
1139	2	16	2
512	2	22	2
511	4	44	4
547	2	10	2
1142	2	12	2
173	3	37	3
1141	2	14	2
193	2	19	2
915	2	10	2
1147	3	27	3
1148	2	24	2
1146	2	9	2
1145	2	38	2
1144	2	9	2
1143	2	19	2
350	2	8	2
237	2	13	2
762	2	8	2
1151	2	18	2
1154	2	21	2
1153	2	60	2
1152	3	17	3
1263	3	16	3
206	2	23	2
1261	2	15	2
1258	3	32	3
1256	2	11	2
796	3	22	3
1268	2	16	2
1267	3	95	3
1254	3	22	3
1273	2	13	2
1271	3	37	3
242	2	8	2
792	3	34	3
1283	2	14	2
805	2	11	2
804	5	35	4
803	2	9	2
1280	2	16	2
133	2	20	2
809	2	10	2
1293	2	27	2
1289	2	8	2
1288	2	14	2
1308	3	18	3
172	2	8	2
545	2	13	2
544	3	101	3
254	2	68	2
1302	3	36	3
345	4	266	4
344	2	10	2
1312	4	27	4
1311	2	30	2
814	2	13	2
1310	2	9	2
862	2	10	2
1420	2	14	2
1257	2	12	2
1318	2	11	2
1317	2	14	2
430	3	23	3
1316	2	47	2
891	6	190	6
1328	2	13	2
1575	2	23	2
1325	2	29	2
1332	3	82	3
818	2	35	2
1330	2	10	2
820	2	29	2
819	2	13	2
568	2	22	2
299	2	11	2
377	2	48	2
376	2	11	2
375	3	36	3
921	2	17	2
1427	4	31	4
1431	2	13	2
569	2	12	2
76	2	10	2
930	4	38	4
929	2	9	2
933	2	16	2
932	2	12	2
1436	2	14	2
476	2	42	2
940	2	9	2
865	2	22	2
1439	2	36	2
432	4	72	4
1444	2	55	2
1443	3	23	3
950	2	57	2
949	2	18	2
947	5	65	4
1453	3	23	3
942	2	17	2
1458	2	15	2
1457	2	17	2
951	2	14	2
1456	2	22	2
581	2	9	2
1465	2	35	2
1464	2	8	2
649	2	15	2
1462	2	11	2
1461	2	11	2
1477	2	26	2
1475	2	13	2
1472	2	13	2
957	3	19	3
956	2	9	2
1490	2	9	2
1487	2	28	2
1486	2	15	2
871	2	70	2
1500	2	11	2
1497	2	16	2
1496	2	36	2
1596	2	13	2
1394	2	9	2
1594	2	19	2
1593	2	8	2
355	2	28	2
669	2	13	2
456	2	13	2
1605	2	9	2
1601	2	18	2
1606	2	19	2
247	2	27	2
1017	2	43	2
622	2	13	2
1612	2	18	2
673	2	25	2
1018	2	19	2
457	2	12	2
1607	2	22	2
1626	2	27	2
1621	2	26	2
1619	3	27	3
1616	2	11	2
130	2	16	2
1632	2	20	2
1019	2	40	2
1629	2	20	2
1628	2	11	2
252	2	16	2
680	2	25	2
889	2	16	2
1024	3	32	3
1640	2	11	2
1638	2	54	2
1636	2	24	2
1228	2	10	2
1247	3	20	3
1650	2	14	2
1649	2	8	2
1648	3	20	3
340	2	37	2
1647	2	14	2
1646	2	18	2
1662	2	10	2
1660	2	10	2
529	2	9	2
1658	3	61	3
687	2	14	2
686	2	23	2
1670	3	21	3
1668	2	25	2
1667	2	13	2
1029	2	11	2
1759	2	26	2
96	2	13	2
711	4	38	4
1764	3	12	3
904	2	31	2
1773	2	13	2
666	2	10	2
1772	3	31	3
1780	2	31	2
1787	2	12	2
1793	2	16	2
1790	2	10	2
1789	2	18	2
1788	2	12	2
634	3	29	3
1089	2	11	2
636	2	9	2
727	2	15	2
726	4	49	4
725	2	14	2
724	3	21	3
907	2	16	2
1093	2	19	2
1101	2	9	2
637	2	25	2
1100	2	13	2
1099	2	14	2
1098	2	15	2
1110	2	34	2
601	2	8	2
1108	2	25	2
584	2	14	2
1106	2	18	2
1119	2	22	2
1196	2	10	2
1199	3	18	3
1208	2	12	2
523	2	12	2
522	2	17	2
1201	2	26	2
