0 2
1 5
2 14
3 20
4 21
5 29
6 33
7 36
8 43
9 46
10 47
11 48
12 56
13 59
14 62
15 63
16 64
17 81
18 82
19 86
20 93
21 94
22 111
23 123
24 126
25 127
26 135
27 144
28 152
29 153
30 194
31 197
32 201
33 232
34 239
35 252
36 255
37 262
38 264
39 270
40 283
41 287
42 299
43 309
44 310
45 320
46 321
47 322
48 337
49 338
50 351
51 358
52 364
53 381
54 385
55 390
56 394
57 401
58 405
59 409
60 411
61 431
62 434
63 435
64 440
65 442
66 445
67 461
68 467
69 468
70 482
71 486
72 505
73 511
74 530
75 545
76 550
77 561
78 567
79 573
80 581
81 586
82 598
83 606
84 612
85 629
86 647
87 651
88 653
89 659
90 667
91 668
92 682
93 688
94 692
95 696
96 710
97 712
98 728
99 736
100 742
101 756
102 760
103 763
104 771
105 788
106 790
107 808
108 817
109 818
110 845
111 854
112 858
113 861
114 872
115 888
116 907
117 916
118 917
119 940
120 955
121 956
122 973
123 983
124 1014
125 1018
126 1021
127 1031
128 1038
129 1040
130 1043
131 1044
132 1083
133 1099
134 1121
135 1126
136 1141
137 1144
138 1166
139 1170
140 1183
141 1201
142 1206
143 1215
144 1229
145 1230
146 1245
147 1261
148 1281
149 1282
150 1283
151 1285
152 1298
153 1301
154 1305
155 1326
156 1346
157 1359
158 1371
159 1410
160 1423
161 1426
162 1437
163 1457
164 1467
165 1485
166 1493
167 1497
168 1523
169 1527
170 1547
171 1554
172 1570
173 1577
174 1584
175 1592
176 1632
177 1635
178 1637
179 1654
180 1656
181 1677
182 1692
183 1694
184 1699
185 1705
186 1714
187 1726
188 1728
189 1732
190 1742
191 1750
192 1755
193 1765
194 1767
195 1775
196 1792
197 1805
198 1811
199 1814
200 1847
201 1866
202 1876
203 1883
204 1910
205 1927
206 1942
207 1998
208 2009
209 2041
210 2050
211 2063
212 2072
213 2084
214 2109
215 2124
216 2137
217 2174
218 2195
219 2296
220 2342
221 2357
222 2361
223 2387
224 2471
225 2511
226 2515
227 2524
228 2531
229 2545
230 2562
231 2569
232 2572
233 2574
234 2599
235 2624
236 2626
237 2631
238 2634
239 2650
240 2662
241 2677
242 2678
243 2684
244 2687
245 2701
246 2710
247 2716
248 2736
249 2743
250 2758
251 2763
252 2770
253 2784
254 2790
255 2796
256 2804
257 2824
258 2868
259 2895
260 2905
261 2918
262 2967
263 2973
264 2978
265 3005
266 3042
267 3056
268 3093
269 3102
270 3110
271 3115
272 3134
273 3139
274 3140
275 3148
276 3153
277 3160
278 3204
279 3221
280 3223
281 3225
282 3229
283 3251
284 3255
285 3276
286 3281
287 3289
288 3323
289 3343
290 3345
291 3375
292 3394
293 3467
294 3480
295 3509
296 3512
297 3519
298 3540
299 3552
300 3605
301 3628
302 3647
303 3653
304 3674
305 3682
306 3688
307 3694
308 3696
309 3710
310 3737
311 3751
312 3754
313 3760
314 3768
315 3794
316 3816
317 3828
318 3831
319 3849
320 3856
321 3889
322 3913
323 3914
324 3972
325 3980
326 3999
327 4000
328 4018
329 4021
330 4040
331 4043
332 4106
333 4114
334 4115
335 4118
336 4124
337 4129
338 4137
339 4141
340 4152
341 4154
342 4162
343 4163
344 4177
345 4210
346 4214
347 4215
348 4218
349 4252
350 4255
351 4274
352 4283
353 4286
354 4291
355 4340
356 4347
357 4363
358 4373
359 4441
360 4475
361 4479
362 4494
363 4506
364 4511
365 4521
366 4540
367 4557
368 4576
369 4603
370 4610
371 4622
372 4630
373 4654
374 4679
375 4693
376 4696
377 4706
378 4717
379 4721
380 4750
381 4760
382 4777
383 4782
384 4794
385 4810
386 4814
387 4839
388 4859
389 4884
390 4906
391 4936
392 4965
393 4968
394 4984
395 5014
396 5022
397 5038
398 5061
399 5071
400 5107
401 5131
402 5146
403 5160
404 5166
405 5211
406 5222
407 5233
408 5236
409 5278
410 5302
411 5332
412 5333
413 5346
414 5365
415 5385
416 5390
417 5417
418 5422
419 5432
420 5455
421 5460
422 5468
423 5487
424 5525
425 5588
426 5602
427 5634
428 5666
429 5744
430 5761
431 5774
432 5780
433 5815
434 5834
435 5859
436 5887
437 5903
438 5926
439 5989
440 5995
441 6031
442 6035
443 6051
444 6108
445 6115
446 6117
447 6122
448 6145
449 6150
450 6158
451 6191
452 6197
453 6246
454 6252
455 6297
456 6310
457 6327
458 6368
459 6383
460 6387
461 6395
462 6417
463 6468
464 6474
465 6504
466 6507
467 6512
468 6526
469 6539
470 6577
471 6607
472 6647
473 6673
474 6691
475 6697
476 6698
477 6713
478 6731
479 6736
480 6792
481 6834
482 6840
483 6859
484 6880
485 6883
486 6900
487 6912
488 6961
489 6962
490 6975
491 6996
492 7023
493 7031
494 7036
495 7038
496 7044
497 7060
498 7077
499 7080
500 7087
501 7093
502 7147
503 7156
504 7186
505 7205
506 7233
507 7239
508 7249
509 7301
510 7339
511 7350
512 7359
513 7390
514 7429
515 7468
516 7504
517 7515
518 7573
519 7600
520 7603
521 7622
522 7647
523 7652
524 7660
525 7689
526 7741
527 7742
528 7753
529 7754
530 7773
531 7785
532 7906
533 7924
534 7927
535 7956
536 7983
537 7985
538 7994
539 8011
540 8028
541 8033
542 8111
543 8116
544 8119
545 8128
546 8172
547 8182
548 8351
549 8374
550 8379
551 8456
552 8461
553 8492
554 8496
555 8504
556 8511
557 8514
558 8533
559 8580
560 8599
561 8618
562 8627
563 8680
564 8700
565 8708
566 8747
567 8752
568 8771
569 8774
570 8790
571 8828
572 8869
573 8885
574 8917
575 8938
576 8978
577 8994
578 9011
579 9015
580 9047
581 9109
582 9124
583 9143
584 9196
585 9197
586 9249
587 9265
588 9268
589 9293
590 9302
591 9306
592 9352
593 9356
594 9406
595 9441
596 9494
597 9518
598 9587
599 9638
600 9662
601 9689
602 9746
603 9759
604 9762
605 9765
606 9798
607 9829
608 9852
609 9953
610 9962
611 10005
612 10034
613 10057
614 10113
615 10146
616 10167
617 10199
618 10208
619 10215
620 10277
621 10383
622 10396
623 10409
624 10474
625 10492
626 10496
627 10535
628 10587
629 10655
630 10657
631 10694
632 10716
633 10729
634 10776
635 10818
636 10852
637 10873
638 10901
639 10931
640 10950
641 10952
642 10975
643 10990
644 10991
645 11005
646 11031
647 11032
648 11043
649 11046
650 11101
651 11124
652 11233
653 11292
654 11341
655 11396
656 11405
657 11430
658 11444
659 11475
660 11527
661 11531
662 11631
663 11638
664 11657
665 11664
666 11670
667 11697
668 11701
669 11719
670 11758
671 11806
672 11893
673 11906
674 11912
675 11925
676 11956
677 11962
678 12024
679 12061
680 12080
681 12082
682 12150
683 12185
684 12250
685 12258
686 12271
687 12337
688 12376
689 12388
690 12437
691 12453
692 12474
693 12512
694 12564
695 12569
696 12580
697 12581
698 12596
699 12611
700 12619
701 12650
702 12655
703 12698
704 12715
705 12739
706 12769
707 12779
708 12809
709 12810
710 12913
711 12941
712 12977
713 12991
714 13075
715 13083
716 13093
717 13112
718 13118
719 13167
720 13190
721 13243
722 13349
723 13455
724 13468
725 13470
726 13518
727 13522
728 13523
729 13600
730 13650
731 13668
732 13698
733 13703
734 13730
735 13742
736 13744
737 13757
738 13840
739 13851
740 13859
741 13882
742 13891
743 13911
744 13931
745 14047
746 14155
747 14172
748 14246
749 14327
750 14372
751 14388
752 14402
753 14418
754 14490
755 14511
756 14535
757 14544
758 14565
759 14570
760 14600
761 14661
762 14730
763 14740
764 14757
765 14774
766 14775
767 14789
768 14791
769 14864
770 14875
771 14989
772 14996
773 15063
774 15108
775 15186
776 15199
777 15231
778 15241
779 15250
780 15276
781 15312
782 15326
783 15335
784 15342
785 15350
786 15371
787 15388
788 15403
789 15463
790 15506
791 15530
792 15531
793 15572
794 15583
795 15595
796 15632
797 15682
798 15720
799 15729
800 15730
801 15846
802 15859
803 15860
804 15878
805 15906
806 15994
807 16002
808 16127
809 16201
810 16208
811 16211
812 16372
813 16397
814 16433
815 16436
816 16461
817 16484
818 16493
819 16554
820 16587
821 16612
822 16616
823 16725
824 16763
825 16809
826 16846
827 16875
828 16884
829 16895
830 16956
831 16969
832 16993
833 16999
834 17030
835 17057
836 17069
837 17092
838 17103
839 17197
840 17217
841 17265
842 17267
843 17277
844 17302
845 17339
846 17367
847 17398
848 17431
849 17439
850 17529
851 17533
852 17615
853 17653
854 17691
855 17711
856 17761
857 17790
858 17808
859 17853
860 17893
861 17904
862 17921
863 17926
864 18024
865 18042
866 18059
867 18208
868 18215
869 18239
870 18300
871 18315
872 18339
873 18372
874 18399
875 18433
876 18463
877 18495
878 18593
879 18610
880 18637
881 18664
882 18669
883 18700
884 18864
885 18877
886 18887
887 18934
888 18943
889 19077
890 19111
891 19130
892 19135
893 19159
894 19164
895 19165
896 19240
897 19242
898 19291
899 19344
900 19360
901 19456
902 19491
903 19525
904 19544
905 19564
906 19632
907 19670
908 19719
909 19749
910 19870
911 19894
912 19912
913 19924
914 19959
915 20068
916 20070
917 20099
918 20117
919 20145
920 20217
921 20275
922 20283
923 20335
924 20355
925 20410
926 20416
927 20419
928 20455
929 20499
930 20566
931 20583
932 20619
933 20706
934 20714
935 20734
936 20759
937 20832
938 20867
939 20959
940 20973
941 20974
942 21014
943 21031
944 21044
945 21065
946 21075
947 21087
948 21152
949 21181
950 21186
951 21189
952 21220
953 21226
954 21302
955 21319
956 21342
957 21414
958 21426
959 21434
960 21443
961 21480
962 21483
963 21542
964 21567
965 21587
966 21650
967 21724
968 21749
969 21779
970 21837
971 21895
972 21897
973 21913
974 21925
975 21962
976 21965
977 22002
978 22026
979 22067
980 22148
981 22189
982 22250
983 22362
984 22385
985 22459
986 22460
987 22512
988 22638
989 22697
990 22726
991 22771
992 22779
993 22799
994 22803
995 22809
996 22833
997 22909
998 22962
999 22979
1000 22989
1001 23036
1002 23041
1003 23053
1004 23058
1005 23068
1006 23124
1007 23129
1008 23135
1009 23147
1010 23163
1011 23192
1012 23203
1013 23259
1014 23265
1015 23280
1016 23305
1017 23335
1018 23355
1019 23371
1020 23399
1021 23456
1022 23465
1023 23467
1024 23475
1025 23509
1026 23532
1027 23547
1028 23566
1029 23637
1030 23704
1031 23718
1032 23747
1033 23772
1034 23782
1035 23786
1036 23794
1037 23879
1038 23908
1039 23983
1040 24014
1041 24091
1042 24165
1043 24280
1044 24326
1045 24386
1046 24410
1047 24496
1048 24507
1049 24518
1050 24531
1051 24583
1052 24617
1053 24711
1054 24714
1055 24748
1056 24758
1057 24774
1058 24832
1059 24883
1060 24894
1061 24937
1062 24991
1063 25047
1064 25103
1065 25124
1066 25161
1067 25177
1068 25226
1069 25291
1070 25304
1071 25305
1072 25382
1073 25425
1074 25448
1075 25461
1076 25472
1077 25513
1078 25531
1079 25627
1080 25642
1081 25667
1082 25683
1083 25730
1084 25809
1085 27045
1086 27100
1087 27153
1088 27255
1089 27265
1090 27310
1091 27328
1092 27383
1093 27450
1094 27467
1095 27477
1096 27558
1097 27637
1098 27659
1099 27725
1100 27732
1101 27759
1102 27879
1103 27893
1104 27949
1105 27950
1106 28055
1107 28187
1108 28213
1109 28326
1110 28360
1111 28370
1112 28406
1113 28431
1114 28459
1115 28512
1116 28544
1117 28584
1118 28730
1119 28751
1120 28801
1121 28926
1122 29055
1123 29064
1124 29116
1125 29194
1126 29284
1127 29289
1128 29309
1129 29328
1130 29352
1131 29363
1132 29403
1133 29415
1134 29468
1135 29489
1136 29522
1137 29532
1138 29543
1139 29544
1140 29596
1141 29613
1142 29636
1143 29668
1144 29712
1145 29723
1146 29767
1147 29775
1148 29801
1149 29829
1150 29903
1151 29913
1152 29961
1153 29963
1154 29985
1155 30019
1156 30061
1157 30091
1158 30119
1159 30210
1160 30317
1161 30374
1162 30383
1163 30477
1164 30551
1165 30609
1166 30621
1167 30626
1168 30637
1169 30692
1170 30696
1171 30734
1172 30787
1173 30788
1174 30824
1175 30862
1176 30932
1177 31018
1178 31045
1179 31087
1180 31104
1181 31348
1182 31366
1183 31368
1184 31378
1185 31383
1186 31460
1187 31511
1188 31514
1189 31561
1190 31593
1191 31701
1192 31720
1193 31752
1194 31773
1195 31805
1196 31823
1197 32906
1198 32919
1199 32975
1200 33021
1201 33074
1202 33085
1203 33196
1204 33285
1205 33297
1206 33319
1207 33333
1208 33357
1209 33448
1210 33553
1211 33561
1212 33564
1213 33596
1214 33624
1215 33669
1216 33698
1217 33700
1218 33703
1219 33737
1220 33760
1221 33894
1222 33937
1223 33943
1224 34047
1225 34079
1226 34132
1227 34136
1228 34151
1229 34173
1230 34313
1231 34356
1232 34358
1233 34381
1234 34484
1235 34525
1236 34603
1237 34633
1238 34730
1239 34754
1240 34765
1241 34766
1242 34947
1243 34955
1244 34976
1245 34979
1246 35015
1247 35081
1248 35177
1249 35182
1250 35219
1251 35225
1252 35271
1253 35277
1254 35292
1255 35316
1256 35325
1257 35327
1258 35380
1259 35424
1260 35459
1261 35480
1262 35497
1263 35500
1264 35529
1265 35565
1266 35579
1267 35596
1268 35616
1269 35755
1270 35812
1271 35821
1272 35847
1273 35893
1274 35910
1275 35932
1276 36056
1277 36073
1278 36081
1279 36163
1280 36244
1281 36345
1282 36432
1283 36522
1284 36539
1285 36603
1286 36612
1287 36815
1288 36828
1289 36870
1290 36875
1291 36917
1292 36943
1293 36979
1294 37014
1295 37034
1296 37038
1297 37058
1298 37149
1299 37162
1300 37252
1301 37280
1302 37354
1303 37363
1304 37379
1305 37427
1306 37491
1307 37557
1308 37600
1309 37609
1310 37627
1311 38708
1312 38722
1313 38758
1314 38793
1315 38803
1316 38808
1317 38992
1318 39058
1319 39081
1320 39128
1321 39239
1322 39344
1323 39421
1324 39572
1325 39589
1326 39596
1327 39611
1328 39652
1329 39689
1330 39703
1331 39815
1332 39833
1333 39844
1334 39936
1335 39968
1336 40045
1337 40141
1338 40221
1339 40272
1340 40280
1341 40373
1342 40441
1343 40481
1344 40488
1345 40492
1346 40516
1347 40567
1348 40580
1349 40656
1350 40673
1351 40703
1352 40738
1353 40830
1354 40833
1355 40980
1356 40987
1357 41067
1358 41215
1359 41223
1360 41239
1361 41343
1362 41413
1363 41476
1364 41574
1365 41577
1366 41608
1367 41709
1368 41754
1369 41765
1370 41854
1371 41938
1372 41961
1373 42180
1374 42214
1375 42290
1376 42532
1377 42539
1378 42553
1379 42561
1380 42721
1381 42837
1382 42889
1383 42998
1384 43099
1385 43254
1386 43352
1387 43452
1388 43457
1389 43490
1390 43580
1391 43632
1392 43772
1393 43802
1394 43812
1395 43823
1396 43854
1397 43910
1398 43937
1399 44084
1400 44188
1401 44498
1402 44507
1403 44533
1404 44585
1405 44657
1406 44764
1407 44784
1408 44785
1409 44796
1410 44908
1411 44956
1412 44992
1413 45087
1414 45095
1415 45137
1416 45179
1417 45296
1418 45302
1419 45461
1420 45579
1421 45589
1422 45655
1423 45665
1424 45708
1425 45712
1426 45846
1427 45870
1428 45876
1429 45926
1430 45934
1431 46009
1432 46011
1433 46074
1434 46102
1435 46125
1436 46127
1437 46273
1438 46289
1439 46373
1440 46408
1441 46410
1442 46486
1443 46577
1444 46672
1445 46870
1446 46942
1447 46957
1448 46980
1449 47025
1450 47046
1451 47051
1452 47058
1453 47098
1454 47127
1455 47186
1456 47237
1457 47266
1458 47267
1459 47295
1460 47304
1461 47345
1462 47356
1463 47357
1464 47402
1465 47431
1466 47444
1467 47545
1468 47842
1469 47861
1470 48011
1471 48055
1472 48072
1473 48108
1474 48166
1475 48365
1476 48390
1477 48405
1478 48408
1479 48458
1480 48462
1481 48525
1482 48537
1483 48580
1484 48630
1485 48643
1486 48705
1487 48731
1488 48760
1489 48872
1490 48898
1491 48899
1492 48923
1493 48991
1494 49140
1495 49385
1496 49398
1497 49744
1498 49757
1499 49803
1500 49947
1501 49984
1502 50016
1503 50076
1504 50127
1505 50231
1506 50355
1507 50391
1508 50652
1509 50664
1510 50708
1511 50727
1512 50741
1513 50797
1514 50826
1515 50837
1516 50867
1517 50906
1518 50951
1519 51155
1520 51215
1521 51219
1522 51340
1523 51349
1524 51440
1525 51524
1526 51945
1527 51970
1528 52005
1529 52129
1530 52244
1531 52314
1532 52317
1533 52358
1534 52492
1535 52517
1536 52632
1537 52641
1538 52698
1539 52766
1540 52826
1541 52828
1542 52845
1543 52929
1544 52968
1545 53085
1546 53105
1547 53151
1548 53201
1549 53462
1550 53726
1551 53815
1552 53995
1553 54059
1554 54149
1555 54261
1556 54283
1557 54318
1558 54377
1559 54403
1560 54608
1561 54893
1562 54943
1563 54954
1564 55019
1565 55198
1566 55327
1567 55363
1568 55368
1569 55383
1570 55498
1571 55550
1572 55568
1573 56023
1574 56045
1575 56096
1576 56130
1577 56304
1578 56374
1579 56482
1580 56494
1581 56527
1582 56616
1583 56804
1584 56844
1585 56876
1586 56893
1587 56897
1588 56930
1589 57058
1590 57418
1591 57445
1592 57723
1593 57785
1594 58214
1595 58284
1596 58308
1597 58312
1598 58341
1599 58455
1600 58772
1601 58888
1602 59000
1603 59006
1604 59062
1605 59128
1606 59170
1607 59193
1608 59447
1609 59472
1610 59509
1611 59770
1612 59776
1613 59840
1614 59916
1615 60108
1616 60129
1617 60179
1618 60342
1619 60449
1620 60465
1621 60480
1622 60590
1623 60651
1624 60777
1625 60789
1626 60837
1627 61163
1628 61212
1629 61246
1630 61293
1631 61520
1632 61616
1633 61633
1634 62029
1635 62051
1636 62129
1637 62144
1638 62165
1639 62208
1640 62500
1641 62576
1642 62598
1643 62660
1644 62812
1645 62884
1646 62976
1647 63131
1648 63138
1649 63255
1650 63506
1651 63553
1652 63641
1653 63661
1654 63676
1655 63681
1656 63825
1657 64013
1658 64084
1659 64256
1660 64270
1661 64727
1662 64876
1663 65142
1664 65257
1665 65262
1666 65351
1667 65609
1668 65922
1669 66014
1670 66118
1671 66249
1672 66387
1673 66471
1674 66553
1675 66616
1676 66741
1677 66840
1678 67852
1679 67875
1680 67985
1681 68077
1682 68089
1683 68150
1684 68264
1685 68266
1686 68639
1687 68700
1688 68771
1689 68991
1690 69043
1691 69081
1692 69354
1693 69361
1694 69467
1695 69655
1696 69656
1697 69953
1698 71393
1699 71596
1700 71608
1701 71852
1702 71961
1703 72083
1704 72134
1705 72330
1706 72358
1707 72493
1708 72641
1709 72750
1710 72770
1711 72816
1712 72858
1713 72864
1714 72974
1715 73226
1716 73635
1717 73680
1718 73711
1719 73826
1720 73850
1721 73921
1722 74283
1723 74306
1724 74343
1725 74457
1726 74461
1727 74517
1728 74627
1729 74679
1730 74752
1731 74773
1732 74879
1733 75091
1734 75142
1735 75214
1736 75335
1737 75408
1738 75439
1739 75451
1740 75550
1741 75821
1742 75876
1743 75894
1744 75990
1745 76021
1746 76038
1747 76091
1748 76130
1749 76207
1750 76273
1751 76302
1752 76375
1753 76628
1754 76788
1755 76802
1756 76834
1757 77247
1758 77298
1759 77376
1760 77402
1761 77489
1762 77560
1763 77639
1764 77664
1765 77894
1766 77935
1767 78061
1768 78196
1769 78242
1770 78265
1771 78323
1772 78341
1773 78564
1774 78569
1775 79980
1776 80140
1777 80264
1778 80374
1779 80514
1780 80618
1781 80695
1782 80710
1783 80817
1784 80951
1785 81011
1786 81035
1787 81065
1788 81094
1789 81245
1790 81277
1791 81310
1792 81311
1793 81369
1794 81388
1795 81460
1796 81552
1797 81595
1798 81607
1799 81631
1800 82000
1801 82094
1802 82161
1803 82304
1804 82414
1805 82573
1806 82604
1807 82824
1808 82921
1809 83125
1810 83164
1811 83421
1812 83984
1813 84090
1814 84204
1815 84297
1816 84333
1817 84434
1818 84607
1819 84801
1820 84833
1821 86263
1822 86274
1823 86312
1824 86313
1825 86383
1826 86415
1827 86432
1828 86526
1829 86596
1830 86636
1831 86724
1832 86779
1833 86802
1834 86855
1835 87122
1836 87145
1837 87300
1838 87317
1839 87330
1840 87355
1841 87435
1842 87467
1843 87692
1844 88794
1845 88942
1846 89031
1847 89670
1848 89676
1849 89760
1850 89815
1851 90033
1852 90137
1853 90258
1854 90354
1855 90482
1856 90858
1857 91223
1858 91247
1859 91338
1860 91388
1861 91509
1862 92117
1863 93510
1864 93588
1865 93823
1866 94545
1867 94552
1868 94717
1869 94887
1870 95425
1871 95595
1872 95600
1873 95646
1874 95740
1875 96000
1876 96039
1877 96245
1878 96331
1879 96346
1880 96556
1881 96743
1882 96917
1883 97171
1884 97470
1885 97738
1886 97773
1887 97781
1888 97898
1889 98529
1890 98553
1891 98575
1892 98745
1893 98949
1894 98954
1895 99317
1896 99326
1897 99334
1898 100643
1899 100665
1900 100749
1901 100899
1902 100965
1903 101211
1904 101917
1905 102066
1906 102208
1907 102292
1908 102370
1909 102463
1910 102492
1911 102605
1912 102620
1913 102677
1914 102745
1915 102903
1916 103273
1917 103402
1918 103625
1919 103688
1920 103815
1921 104172
1922 104192
1923 104378
1924 104421
1925 104460
1926 104565
1927 104573
1928 104596
1929 104898
1930 104987
1931 105023
1932 105195
1933 105386
1934 105431
1935 105443
1936 105461
1937 105525
1938 105537
1939 105965
1940 105999
1941 106001
1942 106014
1943 106037
1944 106126
1945 106264
1946 106539
1947 106632
1948 106762
1949 106795
1950 106898
1951 107078
1952 107096
1953 107238
1954 107475
1955 107549
1956 107556
1957 107597
1958 107669
1959 107744
1960 107820
1961 107947
1962 108129
1963 108210
1964 108266
1965 108287
1966 108290
1967 108710
1968 108952
1969 108975
1970 109078
1971 109210
1972 109377
1973 109392
1974 110460
1975 110774
1976 110781
1977 110880
1978 110911
1979 110916
1980 110949
1981 111013
1982 111095
1983 111187
1984 111223
1985 111258
1986 111334
1987 111335
1988 111347
1989 111419
1990 111462
1991 111477
1992 111487
1993 111897
1994 112090
1995 112094
1996 112167
1997 112179
1998 112408
1999 112424
2000 112576
2001 112810
2002 112876
2003 112992
2004 113122
2005 114260
2006 114332
2007 114337
2008 114360
2009 114376
2010 114403
2011 114503
2012 114555
2013 114580
2014 114665
2015 114774
2016 114850
2017 114856
2018 114902
2019 115136
2020 115175
2021 115201
2022 115270
2023 115338
2024 115339
2025 115391
2026 115461
2027 115621
2028 115765
2029 115913
2030 115943
2031 116054
2032 116142
2033 116240
2034 116280
2035 116330
2036 116347
2037 116361
2038 116365
2039 116368
2040 116494
2041 116521
2042 116552
2043 116615
2044 116731
2045 116747
2046 116965
2047 117036
2048 117146
2049 117193
2050 117306
2051 117391
2052 117469
2053 117484
2054 117567
2055 117734
2056 117740
2057 118057
2058 118158
2059 118178
2060 118331
2061 118452
2062 118458
2063 118492
2064 118649
2065 118729
2066 118737
2067 118823
2068 118880
2069 119621
2070 119865
2071 120060
2072 120064
2073 120488
2074 120635
2075 120756
2076 120945
2077 121034
2078 121160
2079 121208
2080 121236
2081 121370
2082 121804
2083 121877
2084 121982
2085 122262
2086 122582
2087 122623
2088 122666
2089 122707
2090 122756
2091 122823
2092 122926
2093 123327
2094 123664
2095 123863
2096 123969
2097 123978
2098 124082
2099 124204
2100 124785
2101 124847
2102 124896
2103 124947
2104 124949
2105 125069
2106 125171
2107 125190
2108 125198
2109 125251
2110 125272
2111 125279
2112 125300
2113 125308
2114 125399
2115 125422
2116 125494
2117 125504
2118 125617
2119 125771
2120 125850
2121 125885
2122 125886
2123 125915
2124 125985
2125 126003
2126 126030
2127 126095
2128 126127
2129 126154
2130 126235
2131 126246
2132 126446
2133 126495
2134 126604
2135 126632
2136 126846
2137 126852
2138 126871
2139 126969
2140 126996
2141 127083
2142 127158
2143 127221
2144 127303
2145 127316
2146 127405
2147 127537
2148 127613
2149 127617
2150 127639
2151 127737
2152 128314
2153 128348
2154 128424
2155 128433
2156 128474
2157 128535
2158 128914
2159 129090
2160 129358
2161 129504
2162 129522
2163 129659
2164 129694
2165 129747
2166 129751
2167 129785
2168 129827
2169 129854
2170 130018
2171 130028
2172 130141
2173 130321
2174 130392
2175 130399
2176 130441
2177 130606
2178 130659
2179 131204
2180 131310
2181 131350
2182 131400
2183 131634
2184 131759
2185 131801
2186 132029
2187 132155
2188 132170
2189 132293
2190 132437
2191 132673
2192 132689
2193 132851
2194 132951
2195 132966
2196 133208
2197 133384
2198 133546
2199 133556
2200 133651
2201 133712
2202 134016
2203 134027
2204 134129
2205 134296
2206 134525
2207 134555
2208 134685
2209 134704
2210 134741
2211 134828
2212 134898
2213 135032
2214 135142
2215 135150
2216 135365
2217 135420
2218 135455
2219 135478
2220 135645
2221 135717
2222 135720
2223 135745
2224 135814
2225 135887
2226 136225
2227 136235
2228 136239
2229 136268
2230 136674
2231 136733
2232 136894
2233 137045
2234 137097
2235 137200
2236 137391
2237 137472
2238 137704
2239 137791
2240 137911
2241 138029
2242 138080
2243 138114
2244 138311
2245 138315
2246 138357
2247 138522
2248 138720
2249 138724
2250 138800
2251 139021
2252 139106
2253 139131
2254 139213
2255 139290
2256 139358
2257 139382
2258 139480
2259 139702
2260 139746
2261 139758
2262 139776
2263 139912
2264 139969
2265 139986
2266 140247
2267 140363
2268 140369
2269 140493
2270 140558
2271 140568
2272 140576
2273 140604
2274 140632
2275 140756
2276 140790
2277 140896
2278 140909
2279 140943
2280 141092
2281 141129
2282 141175
2283 141239
2284 141464
2285 141527
2286 141594
2287 141789
2288 141804
2289 142080
2290 142139
2291 142282
2292 142305
2293 142330
2294 142331
2295 142552
2296 142714
2297 142825
2298 142960
2299 143008
2300 143132
2301 143157
2302 143342
2303 143601
2304 143861
2305 143941
2306 144096
2307 144100
2308 144214
2309 144591
2310 145163
2311 145204
2312 145665
2313 145982
2314 146011
2315 146543
2316 146610
2317 146750
2318 146993
2319 147039
2320 147112
2321 147775
2322 147976
2323 148386
2324 148395
2325 148443
2326 148523
2327 148641
2328 148665
2329 148784
2330 148788
2331 148858
2332 148876
2333 149459
2334 149630
2335 149796
2336 149811
2337 150158
2338 150207
2339 151169
2340 151183
2341 151199
2342 151431
2343 151453
2344 151522
2345 151550
2346 151691
2347 151813
2348 152301
2349 152488
2350 152501
2351 152659
2352 153274
2353 153295
2354 153392
2355 153420
2356 153458
2357 153519
2358 153586
2359 153738
2360 153747
2361 154032
2362 154061
2363 154227
2364 154251
2365 154262
2366 154471
2367 154574
2368 154766
2369 154841
2370 155219
2371 155332
2372 155580
2373 155650
2374 155684
2375 155952
2376 155998
2377 156028
2378 156068
2379 156164
2380 156359
2381 156545
2382 156553
2383 156827
2384 157045
2385 157334
2386 157501
2387 157515
2388 157696
2389 157790
2390 157893
2391 157912
2392 158092
2393 158201
2394 158205
2395 158291
2396 158602
2397 158617
2398 158693
2399 158957
2400 158988
2401 159069
2402 159115
2403 159227
2404 159229
2405 159413
2406 159462
2407 159710
2408 160216
2409 160281
2410 160290
2411 160343
2412 160354
2413 160530
2414 160794
2415 160872
2416 160924
2417 161220
2418 161586
2419 161752
2420 161824
2421 161849
2422 162042
2423 162227
2424 162232
2425 162452
2426 162514
2427 162906
2428 163154
2429 163448
2430 163528
2431 163557
2432 163875
2433 164043
2434 164046
2435 164166
2436 164260
2437 164329
2438 164382
2439 164463
2440 164526
2441 164711
2442 164922
2443 165230
2444 165439
2445 165798
2446 165912
2447 165966
2448 166024
2449 166117
2450 166205
2451 166374
2452 166493
2453 166747
2454 166792
2455 166843
2456 166877
2457 167031
2458 167036
2459 167037
2460 167086
2461 167096
2462 167201
2463 167486
2464 167489
2465 167709
2466 167727
2467 168022
2468 168116
2469 168134
2470 168276
2471 168303
2472 168402
2473 168590
2474 168726
2475 168815
2476 168833
2477 169123
2478 169372
2479 169458
2480 170579
2481 170803
2482 170849
2483 171030
2484 171194
2485 171337
2486 171365
2487 171425
2488 171510
2489 171654
2490 171855
2491 172275
2492 172289
2493 172521
2494 172903
2495 173190
2496 173309
2497 173335
2498 173367
2499 173435
2500 173831
2501 173868
2502 173895
2503 174044
2504 174069
2505 174219
2506 174249
2507 174353
2508 174694
2509 174739
2510 175073
2511 175674
2512 175682
2513 176023
2514 176246
2515 176666
2516 176935
2517 177009
2518 177022
2519 177032
2520 177083
2521 177114
2522 177162
2523 177369
2524 177463
2525 177518
2526 177622
2527 177652
2528 177803
2529 178056
2530 179500
2531 179623
2532 180006
2533 180136
2534 180197
2535 180461
2536 181593
2537 181594
2538 181598
2539 181732
2540 182189
2541 182227
2542 182233
2543 182275
2544 182331
2545 182410
2546 182420
2547 182580
2548 182728
2549 182731
2550 182860
2551 183046
2552 183087
2553 183891
2554 183984
2555 184149
2556 184288
2557 184525
2558 184617
2559 185044
2560 185123
2561 185376
2562 185662
2563 186257
2564 186339
2565 186597
2566 186631
2567 186638
2568 186778
2569 187090
2570 187207
2571 187342
2572 187369
2573 187568
2574 187688
2575 187807
2576 188016
2577 188044
2578 188203
2579 188231
2580 188335
2581 188667
2582 188793
2583 189484
2584 189607
2585 189676
2586 189928
2587 190073
2588 190090
2589 190782
2590 191146
2591 191393
2592 191440
2593 191552
2594 191595
2595 191803
2596 191825
2597 192208
2598 192364
2599 192524
2600 192901
2601 193138
2602 193154
2603 193287
2604 193362
2605 193394
2606 193777
2607 193783
2608 193875
2609 194131
2610 194222
2611 194315
2612 194684
2613 194975
2614 195085
2615 195338
2616 195763
2617 195775
2618 195923
2619 195937
2620 196030
2621 196158
2622 196219
2623 196220
2624 196330
2625 196570
2626 196600
2627 196931
2628 196938
2629 197142
2630 197360
2631 197363
2632 197789
2633 197870
2634 197937
2635 198170
2636 198408
2637 198473
2638 198513
2639 198611
2640 198789
2641 199144
2642 199202
2643 199226
2644 199487
2645 199842
2646 199853
2647 199961
2648 200161
2649 200269
2650 200279
2651 200352
2652 201598
2653 201719
2654 202000
2655 202086
2656 202211
2657 202254
2658 202419
2659 202707
2660 203130
2661 203402
2662 203499
2663 203612
2664 203877
2665 203981
2666 204011
2667 204087
2668 204096
2669 204302
2670 204339
2671 204532
2672 204545
2673 204565
2674 204597
2675 204757
2676 204920
2677 205012
2678 205026
2679 205065
2680 205073
2681 205190
2682 205341
2683 205342
2684 205587
2685 205684
2686 205727
2687 205790
2688 206055
2689 206170
2690 206241
2691 206426
2692 206481
2693 206678
2694 206815
2695 206832
2696 206934
2697 206975
2698 207262
2699 207371
2700 207456
2701 207496
2702 207671
2703 207706
2704 207984
2705 208170
2706 208178
2707 208372
2708 208487
2709 208520
2710 208731
2711 209084
2712 209384
2713 209546
2714 209583
2715 209695
2716 209989
2717 210066
2718 210249
2719 210865
2720 211352
2721 211700
2722 212003
2723 212435
2724 212533
2725 212707
2726 212742
2727 212770
2728 212781
2729 212797
2730 213010
2731 213199
2732 213317
2733 213608
2734 213791
2735 213922
2736 214757
2737 214863
2738 215043
2739 215078
2740 215172
2741 215212
2742 215382
2743 215491
2744 215534
2745 215699
2746 215868
2747 216417
2748 216816
2749 216919
2750 216999
2751 217019
2752 217419
2753 217424
2754 217653
2755 217788
2756 218315
2757 218479
2758 218871
2759 218962
2760 219936
2761 220266
2762 220270
2763 220363
2764 220560
2765 221191
2766 221290
2767 221349
2768 221531
2769 222987
2770 223392
2771 223496
2772 223906
2773 224871
2774 224913
2775 225240
2776 225274
2777 226356
2778 226610
2779 226792
2780 226838
2781 226946
2782 227267
2783 227288
2784 228561
2785 228597
2786 228695
2787 228789
2788 228868
2789 229012
2790 229064
2791 229070
2792 229103
2793 229559
2794 229784
2795 230074
2796 230303
2797 230328
2798 230491
2799 230722
2800 230993
2801 231228
2802 231460
2803 231474
2804 231628
2805 231647
2806 231682
2807 231862
2808 232048
2809 232120
2810 232943
2811 233382
2812 233610
2813 233642
2814 233674
2815 233716
2816 233783
2817 233851
2818 233861
2819 233884
2820 234086
2821 234144
2822 234221
2823 234303
2824 234368
2825 235085
2826 235153
2827 235197
2828 235227
2829 235412
2830 235465
2831 235469
2832 236675
2833 236768
2834 237128
2835 237312
2836 237418
2837 237475
2838 237494
2839 237509
2840 237671
2841 237684
2842 237935
2843 238263
2844 238350
2845 238714
2846 238783
2847 238873
2848 239314
2849 239400
2850 239646
2851 239788
2852 240469
2853 240503
2854 240540
2855 240742
2856 241302
2857 241607
2858 241656
2859 242187
2860 242649
2861 242813
2862 242908
2863 243115
2864 243484
2865 244000
2866 244345
2867 244756
2868 245148
2869 245178
2870 245699
2871 245781
2872 245983
2873 246015
2874 246372
2875 246448
2876 246495
2877 246649
2878 246734
2879 246804
2880 246832
2881 246888
2882 247090
2883 247411
2884 248503
2885 248587
2886 248610
2887 249465
2888 249520
2889 249593
2890 249617
2891 249715
2892 249838
2893 250166
2894 250395
2895 250490
2896 250573
2897 251034
2898 251805
2899 251988
2900 252191
2901 252661
2902 253166
2903 253873
2904 253924
2905 254252
