44
8
23
12
5
12
6
5
22
61
15
8
15
18
15
135
116
16
5
4
17
25
17
57
22
10
9
11
6
5
22
26
7
7
4
6
9
9
11
16
15
7
16
5
9
14
81
8
50
14
28
67
4
10
17
25
6
6
8
25
8
17
4
13
16
4
13
7
5
4
4
11
5
4
4
6
4
6
12
7
4
10
8
4
14
17
5
5
6
38
16
23
7
6
29
46
71
12
10
11
4
156
7
102
10
4
5
7
8
32
7
4
13
5
6
4
7
4
16
19
27
6
10
4
5
22
8
6
5
16
8
8
6
6
9
8
15
6
22
4
4
6
10
6
5
8
16
4
4
7
29
7
10
13
10
4
5
5
8
29
22
25
6
5
17
13
9
13
4
56
23
13
15
7
5
15
11
7
18
5
7
8
5
13
5
9
7
7
8
43
21
8
10
4
4
11
4
15
7
9
4
29
18
9
10
14
8
4
9
10
15
4
5
4
5
5
5
52
9
4
17
10
12
12
5
9
7
8
4
10
37
5
38
8
5
7
13
7
7
11
4
9
5
19
27
7
5
6
16
7
45
31
18
7
10
9
5
4
10
9
42
5
5
23
21
14
9
4
11
6
11
17
5
15
7
6
6
5
4
9
4
13
13
7
5
5
8
32
8
14
17
4
12
9
5
4
6
15
7
18
5
7
12
40
4
5
15
8
25
5
5
4
5
21
19
7
21
12
20
5
19
5
10
8
7
4
4
9
4
44
9
55
30
6
13
14
5
18
12
19
15
14
6
7
21
5
9
12
9
4
5
9
4
8
11
10
4
6
14
8
6
9
4
10
4
9
9
14
41
7
5
5
8
6
10
13
4
6
12
12
5
8
5
6
7
6
4
4
11
60
36
15
6
7
12
6
4
16
7
7
4
6
7
27
11
7
4
10
4
84
20
31
16
15
4
5
4
21
6
5
5
1563
71
358
110
33
19
35
6
7
26
25
11
5
6
23
7
8
6
4
12
9
13
7
6
6
11
9
8
4
5
6
120
6
4
6
14
4
5
22
6
4
4
6
12
7
4
9
18
14
32
10
34
23
4
5
13
11
21
5
29
13
5
9
4
15
10
4
7
4
27
6
4
6
18
7
5
6
8
8
10
5
7
9
28
5
35
15
27
17
39
21
5
7
6
5
9
9
7
9
6
4
12
7
5
7
4
8
13
24
10
8
6
4
27
14
6
6
11
11
5
6
4
14
9
29
17
19
7
7
23
4
9
4
5
5
12
25
4
35
29
13
14
8
17
17
5
6
6
5
17
7
4
7
4
7
4
41
5
4
5
19
5
26
12
7
14
8
5
6
14
8
43
7
6
20
81
20
5
18
18
28
8
12
20
63
7
8
27
9
6
72
16
9
4
7
11
6
15
8
10
10
7
4
6
5
4
48
9
7
4
4
4
4
6
4
15
5
5
7
8
5
42
6
28
16
27
14
30
7
22
10
6
4
13
7
4
9
5
6
9
35
5
8
6
8
12
5
5
4
4
4
83
21
42
7
13
10
8
5
7
13
10
8
27
18
18
57
37
141
16
8
7
14
5
4
5
11
49
31
8
5
4
5
304
7
7
10
8
10
4
4
42
11
11
10
4
4
5
8
5
4
5
9
7
4
6
19
32
6
4
4
16
4
14
5
326
72
13
13
4
8
5
33
10
7
4
10
4
6
5
4
4
55
22
14
53
49
6
5
7
15
6
4
10
5
7
6
14
7
35
5
11
19
5
7
11
10
10
16
8
7
9
4
12
4
6
8
5
15
7
6
12
5
6
5
4
4
4
13
6
6
6
15
9
4
24
7
12
4
5
11
4
6
5
4
9
14
6
5
5
7
4
13
50
24
10
9
6
26
8
8
5
24
7
7
4
5
10
21
11
4
4
14
11
6
7
4
6
9
5
5
7
4
6
5
13
40
17
9
5
4
5
5
5
5
4
4
25
13
6
6
4
5
4
19
4
13
5
6
4
8
6
10
4
4
9
6
5
7
10
5
4
26
22
40
11
41
19
5
7
122
112
10
83
15
13
5
13
5
27
5
4
23
23
6
7
6
15
8
5
52
6
5
12
9
12
4
11
5
5
4
27
21
14
9
9
21
4
6
6
8
5
4
4
9
12
11
14
9
6
34
15
4
22
10
4
9
10
9
6
5
28
6
10
31
10
7
7
5
6
7
4
5
6
23
5
8
7
10
4
8
5
4
10
5
5
4
4
5
7
5
5
6
4
10
14
8
19
6
6
5
10
7
4
92
14
29
13
9
4
5
10
5
6
15
6
9
4
7
10
8
4
4
5
11
4
5
4
5
5
18
52
32
10
229
58
10
14
13
13
14
8
9
5
11
14
73
24
5
4
5
6
13
4
25
6
17
37
15
23
16
38
12
19
5
17
6
16
15
4
5
5
7
5
4
4
5
7
11
5
11
7
17
24
8
7
22
4
17
6
5
10
8
8
29
125
15
9
8
19
5
4
5
9
21
12
6
5
7
4
5
5
7
4
9
4
4
30
9
5
39
12
4
6
25
43
78
5
27
11
12
28
12
29
12
79
8
12
8
5
6
14
4
11
30
15
9
5
6
35
7
7
6
6
18
8
7
11
6
6
5
17
5
36
6
6
4
4
62
25
14
39
6
9
9
6
8
12
7
5
5
10
5
10
17
9
14
9
8
6
5
14
11
32
16
14
13
5
6
8
13
4
6
4
8
12
9
27
41
10
8
9
7
11
8
5
11
12
8
4
4
9
4
6
12
4
6
7
4
17
8
4
18
23
5
6
39
71
19
7
5
4
6
5
7
4
10
5
6
5
4
6
4
10
10
4
15
8
7
8
12
5
6
11
5
28
64
8
8
5
8
8
5
12
7
10
12
18
5
12
5
5
4
12
8
18
7
6
11
7
4
5
9
4
5
8
5
6
5
5
33
4
4
4
9
11
8
5
4
10
7
7
5
8
30
8
10
8
26
190
15
8
8
5
6
7
8
8
4
5
10
9
5
10
13
9
7
8
6
4
23
8
6
4
4
5
10
5
10
4
4
10
31
4
5
8
51
7
10
10
4
6
4
7
5
20
16
6
4
4
4
4
4
11
7
11
23
13
34
6
19
4
13
5
8
4
7
4
13
27
5
7
5
4
4
5
13
19
7
5
5
7
4
7
5
4
11
7
8
4
7
7
9
4
5
7
35
9
58
5
14
6
6
21
4
5
9
16
15
9
4
6
5
8
22
8
4
6
5
5
5
7
12
37
16
10
8
5
5
33
17
35
6
7
4
4
4
15
6
10
6
547
29
73
11
4
7
13
4
5
4
21
12
33
5
7
8
4
4
4
8
31
26
19
16
13
7
5
13
12
96
8
12
7
6
4
40
10
4
10
12
41
7
5
4
17
4
9
4
10
5
5
8
6
4
6
27
16
4
4
5
29
5
5
9
6
30
13
7
4
10
24
5
21
32
78
8
152
19
20
33
20
14
8
135
11
7
16
9
8
10
5
7
7
4
4
4
4
19
5
7
9
13
20
4
10
5
6
11
4
4
5
8
33
30
11
8
5
24
8
8
165
11
6
36
19
5
6
4
10
5
9
44
14
5
26
7
4
7
7
4
14
9
13
9
5
27
8
26
4
32
5
5
4
15
9
5
18
7
5
6
4
4
5
5
22
9
7
8
4
6
8
8
26
5
8
15
5
9
6
4
8
5
8
4
9
4
16
4
6
17
10
4
6
4
4
5
4
4
11
73
4
4
7
4
26
8
6
7
9
7
5
5
4
4
9
4
4
9
11
7
4
6
4
5
12
6
4
7
11
4
4
7
7
12
6
7
6
9
4
4
5
7
5
15
11
26
10
4
16
4
57
25
24
17
13
12
6
21
5
7
11
9
11
12
4
36
19
13
6
17
24
4
14
11
4
14
6
9
18
96
74
38
7
20
9
4
26
86
37
18
9
19
5
4
29
14
11
201
16
8
6
4
9
4
5
6
5
4
5
11
10
23
27
13
5
4
5
6
5
9
9
6
6
6
5
14
14
9
17
54
4
13
9
31
30
4
44
5
8
5
53
12
11
4
6
10
10
12
6
4
4
4
7
5
11
12
19
4
4
27
15
6
5
17
18
4
11
5
7
4
4
9
11
18
4
4
5
5
6
4
5
6
17
5
25
14
15
14
6
12
7
4
8
9
13
5
6
50
10
21
7
63
6
10
14
112
18
21
6
5
6
12
6
5
11
7
8
5
16
6
4
8
6
21
29
4
10
9
5
22
4
24
6
6
21
8
4
4
13
22
8
4
8
4
10
6
4
7
5
5
6
26
7
7
7
15
6
41
12
18
4
5
5
5
4
24
7
14
10
67
5
20
4
18
5
4
6
6
16
15
17
24
4
10
10
5
6
8
9
5
7
24
7
4
9
5
7
13
7
5
4
11
18
11
13
5
8
5
14
43
4
5
11
7
4
12
5
7
11
8
6
6
4
5
21
46
7
7
5
5
12
36
9
27
4
26
8
6
37
20
15
10
8
10
24
10
12
4
20
42
4
4
5
7
19
17
8
12
6
23
29
4
4
10
6
4
7
6
18
7
4
7
9
7
16
13
8
5
8
9
17
271
29
5
6
8
13
6
68
20
4
14
5
7
4
6
13
24
4
11
7
25
7
4
12
47
24
4
49
4
4
16
4
8
16
9
7
4
13
12
30
9
4
10
4
5
14
11
10
7
7
30
23
10
5
4
4
39
34
8
8
11
11
4
19
7
16
14
54
22
20
61
25
32
6
21
9
19
11
34
9
5
8
9
14
9
8
11
5
6
5
11
6
8
4
8
28
25
4
50
8
5
13
13
25
4
6
4
4
6
4
4
5
20
4
4
6
5
4
31
30
9
4
33
9
5
10
11
11
16
4
6
22
4
6
65
10
5
74
5
4
5
6
17
9
12
13
13
5
6
11
4
25
4
5
7
5
8
12
9
4
5
6
12
5
109
70
33
116
7
12
23
18
6
6
9
18
5
4
7
4
5
6
12
6
13
8
7
5
5
5
7
10
6
4
20
12
5
6
5
6
6
8
8
22
4
18
92
16
10
11
5
5
5
8
6
25
6
12
45
4
4
5
4
5
4
8
32
8
6
15
8
7
6
5
8
73
4
10
32
35
7
20
7
8
6
4
23
5
32
24
11
4
4
12
7
11
4
4
4
9
6
38
7
9
5
6
5
4
6
6
6
22
6
4
8
30
4
29
14
7
4
20
8
33
4
9
17
15
4
4
10
6
6
4
14
19
16
10
8
9
5
4
6
7
9
4
6
6
17
356
72
85
6
4
4
11
4
11
8
6
4
9
4
6
4
6
7
6
12
5
8
5
19
14
8
6
6
12
9
8
4
4
6
9
11
8
4
7
7
18
15
16
5
12
32
6
24
8
5
14
4
11
5
5
4
13
8
7
4
45
9
11
83
8
4
14
59
10
4
24
10
5
11
16
16
10
25
6
5
6
8
4
13
8
12
4
9
20
8
8
7
10
52
24
10
4
5
8
5
8
15
22
4
4
6
5
13
8
5
7
11
26
7
10
8
27
14
37
101
4
11
5
5
7
16
18
4
7
4
7
18
6
4
4
4
6
9
32
5
7
5
37
38
4
4
8
4
5
4
6
11
5
24
5
7
4
9
5
12
39
13
10
6
4
7
10
8
4
9
6
5
9
4
7
4
8
4
10
9
4
5
5
9
5
41
5
4
4
8
6
4
5
11
8
19
9
44
7
4
6
4
5
4
10
5
6
10
4
12
8
27
16
7
22
6
7
9
6
6
12
10
5
259
7
6
12
4
4
6
10
11
9
22
14
6
5
11
32
4
6
7
11
8
5
4
14
7
28
10
7
6
6
6
6
13
18
11
15
12
4
13
8
7
11
15
9
4
15
22
9
5
5
4
9
12
9
9
5
4
8
6
4
6
16
14
4
19
4
5
5
4
4
5
4
21
27
5
6
4
6
14
92
4
4
7
6
9
7
4
7
4
17
48
32
5
6
6
39
9
23
7
4
4
5
4
25
4
6
4
6
5
7
27
6
4
4
29
6
5
7
5
14
324
115
27
5
15
6
6
9
7
12
8
4
5
4
32
18
5
8
5
13
7
7
11
6
12
7
15
4
5
6
11
7
4
17
5
12
4
21
8
8
18
4
4
4
9
6
5
4
9
10
10
36
9
7
4
4
5
6
8
6
14
7
6
11
7
4
5
6
6
13
4
13
18
11
6
29
14
4
8
7
4
35
7
5
7
6
4
6
14
33
4
69
31
9
9
5
5
6
4
6
4
4
6
4
6
6
7
11
12
6
11
36
176
34
7
7
7
6
21
8
4
4
10
13
30
10
6
9
8
6
6
5
5
6
4
10
5
43
29
17
11
16
118
11
4
4
17
30
7
6
7
17
5
6
13
4
9
54
177
18
20
61
11
43
25
9
5
19
9
4
10
17
7
8
13
4
5
25
14
4
7
9
6
22
6
12
7
5
5
4
4
6
8
27
7
31
9
15
4
5
9
8
16
15
6
12
4
8
18
31
4
13
7
8
5
14
16
4
38
19
7
12
6
4
12
7
20
7
5
12
8
7
7
17
10
14
12
45
7
7
21
5
9
7
5
8
8
20
4
20
102
12
6
4
62
18
7
4
18
6
4
6
7
6
6
4
47
39
17
19
7
9
10
10
8
5
11
17
50
7
13
4
6
14
4
9
7
6
15
4
21
9
4
34
11
17
4
4
7
7
6
8
16
10
5
29
8
4
5
45
26
27
8
12
4
7
6
11
22
16
5
4
5
7
4
5
8
7
4
8
12
30
6
4
5
5
4
14
4
5
6
6
5
13
6
4
6
4
4
4
9
5
4
6
6
10
8
11
6
26
4
4
16
21
5
6
48
5
12
5
5
8
15
4
4
8
12
5
4
6
12
12
4
5
5
22
35
34
5
9
7
17
17
8
16
10
11
4
4
18
6
4
5
4
269
254
38
11
9
4
4
5
4
8
17
9
4
5
16
4
18
7
4
10
7
5
10
7
38
10
6
7
9
5
4
118
12
11
4
5
12
6
25
15
4
11
9
10
5
4
7
5
23
9
10
12
4
10
4
6
8
22
5
8
11
6
5
7
22
9
5
15
4
9
10
10
5
7
7
5
8
19
6
8
8
14
4
7
4
9
9
52
8
4
10
6
6
5
5
76
4
6
9
12
6
24
5
4
7
45
6
6
7
103
36
46
15
7
7
5
6
5
7
4
5
7
8
4
7
20
6
13
25
10
9
9
19
11
34
16
23
17
6
29
22
30
21
27
7
14
10
9
11
7
4
4
7
17
8
4
9
34
15
15
13
7
5
13
19
5
66
9
32
142
7
9
16
4
9
8
5
9
9
4
6
4
10
7
6
7
9
8
5
15
13
39
18
7
13
4
7
8
8
5
6
5
8
14
24
12
5
5
5
4
10
13
8
5
30
4
5
16
6
5
6
5
8
29
5
20
27
13
4
67
37
4
7
6
8
9
4
27
4
8
8
32
10
11
4
9
5
5
5
26
53
13
8
10
6
13
4
4
9
10
19
6
5
5
5
4
7
6
14
16
5
40
11
7
10
4
18
4
5
6
9
5
48
11
6
9
14
5
4
6
8
6
23
53
6
19
6
6
17
14
5
5
20
5
7
5
24
9
18
9
13
50
6
11
4
4
28
5
15
7
4
7
10
5
6
9
6
11
6
12
4
4
14
5
7
12
5
4
9
6
4
5
51
5
5
10
12
6
6
7
4
11
4
12
17
5
4
7
10
4
6
15
4
4
8
5
4
13
4
5
8
6
4
6
5
6
6
16
5
11
7
17
24
25
5
7
49
8
5
6
4
7
7
6
13
5
4
20
6
7
4
11
12
5
6
10
7
7
5
5
45
14
18
9
113
4
5
22
8
4
5
9
11
24
10
4
4
8
10
5
11
4
16
13
13
5
4
13
43
18
50
22
6
9
5
5
7
12
5
59
8
5
95
8
16
8
21
4
8
67
9
14
5
10
5
45
16
49
8
38
15
76
9
13
8
24
5
6
10
4
7
5
16
8
6
36
13
6
23
18
16
17
4
6
12
4
6
28
18
5
13
8
20
9
9
5
4
8
10
4
15
13
8
8
9
5
5
15
9
57
4
6
4
35
17
7
11
4
5
140
36
30
10
5
4
21
39
10
5
30
19
11
7
12
5
6
5
11
25
10
15
7
5
7
5
4
4
4
7
6
5
7
26
12
18
12
14
8
7
32
9
5
28
7
4
4
18
12
6
17
4
5
6
4
6
6
4
4
6
15
48
5
7
4
4
4
4
5
10
139
18
5
20
8
6
7
9
79
8
12
6
8
4
7
25
12
4
5
5
14
7
8
10
4
9
16
38
14
7
4
22
6
5
9
8
23
9
6
7
7
12
5
5
17
6
7
8
7
5
4
4
14
20
10
5
4
17
8
10
7
11
4
4
5
13
21
4
31
6
8
10
4
71
106
5
6
10
38
8
5
9
9
10
7
6
6
16
13
9
43
4
8
6
4
10
6
13
18
18
23
12
8
12
45
6
4
5
4
18
10
46
38
5
6
5
5
6
4
9
8
13
5
5
6
5
6
9
5
50
24
10
13
5
6
4
49
8
17
5
5
4
9
10
4
19
21
7
11
5
10
7
14
6
6
10
9
7
10
6
5
4
33
7
30
24
8
13
5
4
42
7
7
15
9
6
5
7
5
8
5
4
6
4
10
4
5
12
4
21
7
20
6
6
4
17
4
6
11
10
4
6
65
8
6
5
6
4
5
4
8
7
7
24
7
11
9
43
12
6
59
15
56
15
18
14
4
6
12
6
8
4
20
4
6
4
4
5
5
14
4
5
10
7
4
5
19
6
6
8
4
6
5
16
4
28
6
238
66
12
4
13
9
14
15
8
7
4
6
5
7
25
6
6
4
10
6
13
5
5
5
6
16
15
9
4
5
22
16
4
5
8
11
4
4
4
9
4
4
8
10
12
9
8
52
8
4
5
4
5
7
13
10
11
4
12
11
9
5
6
9
6
7
4
12
33
17
45
8
9
5
9
4
27
4
6
4
4
8
7
19
8
6
6
5
4
5
7
15
4
5
4
8
8
11
9
4
6
19
8
4
4
9
5
10
4
4
4
4
7
6
5
86
10
56
12
22
5
9
226
23
12
5
4
6
11
4
7
5
8
22
4
9
4
5
6
4
10
4
6
6
5
6
4
10
8
7
8
42
5
45
11
24
71
18
21
9
4
8
15
6
23
46
25
11
22
13
5
5
18
11
6
7
4
18
7
4
29
19
5
6
11
21
4
13
4
10
7
7
7
6
7
8
4
4
6
5
7
12
14
5
4
9
7
7
5
4
10
36
6
4
5
16
6
20
16
48
6
5
13
4
51
10
8
5
29
28
13
5
24
11
21
4
5
9
7
7
5
12
7
8
9
8
8
6
16
6
4
5
25
10
4
4
8
7
6
5
4
7
22
4
6
7
5
8
5
10
4
5
4
4
5
24
4
9
6
9
61
6
5
6
10
9
27
6
7
4
5
15
4
4
4
16
12
8
5
5
8
5
4
4
14
8
11
21
6
15
28
7
6
5
13
20
5
5
14
6
6
15
7
18
9
20
6
17
5
5
5
6
6
10
15
5
12
28
9
11
5
6
4
12
17
8
5
11
14
13
5
6
5
24
30
19
5
4
6
4
9
7
7
7
4
4
8
7
5
13
24
4
10
4
14
5
5
6
4
4
5
22
32
7
8
6
14
9
9
8
4
21
4
7
6
4
7
17
9
4
9
14
6
9
9
4
4
4
18
13
4
9
5
5
10
11
10
8
23
6
6
7
9
5
5
12
6
8
4
19
6
4
4
7
5
4
5
10
6
9
18
16
4
10
10
7
4
9
7
8
11
5
4
10
15
6
7
7
7
10
5
24
10
4
4
8
17
4
10
4
14
12
10
5
5
4
6
8
6
6
7
5
7
10
10
16
4
9
6
4
21
10
5
4
8
13
5
4
31
4
6
4
5
4
24
9
5
7
8
11
4
8
4
9
17
14
4
5
6
24
14
12
4
25
42
13
23
17
4
15
13
11
22
5
5
9
9
6
5
6
4
8
5
4
5
7
22
10
4
5
8
11
14
5
8
5
12
9
6
4
4
4
9
12
7
11
5
4
10
10
10
4
9
5
11
20
6
6
4
5
5
6
5
6
6
6
5
4
5
10
4
7
4
4
6
5
4
4
5
7
4
4
9
7
11
4
5
6
4
6
12
6
4
10
6
7
12
9
4
9
8
4
34
15
9
4
6
9
12
8
22
4
5
12
6
5
17
14
4
7
13
5
4
20
13
26
14
12
4
10
10
19
5
15
4
58
24
5
6
26
5
4
16
8
10
5
7
5
4
4
4
7
6
5
21
19
19
23
94
8
6
4
6
7
6
6
4
4
8
4
20
9
9
22
10
5
6
7
5
11
7
5
6
5
18
10
7
56
5
7
9
10
7
5
20
4
9
5
5
4
4
8
5
4
4
5
31
12
10
6
6
10
36
13
33
32
4
5
4
16
29
5
5
6
13
4
4
4
26
15
9
10
6
10
11
24
6
9
12
6
5
5
11
4
4
25
32
7
4
5
10
8
4
9
9
9
5
5
4
4
8
8
22
7
6
4
9
6
4
4
5
11
14
5
18
6
7
6
13
4
4
5
4
28
30
29
7
10
10
4
9
6
6
4
13
5
7
9
4
7
7
8
8
4
4
5
5
5
6
8
15
8
4
5
19
8
6
6
4
5
8
9
20
4
4
5
5
4
5
8
5
7
4
5
14
6
6
5
5
5
16
5
4
5
5
10
5
5
6
6
5
7
4
4
8
9
4
6
14
11
7
12
9
16
11
5
5
11
6
15
7
32
25
7
4
4
6
15
8
17
5
10
4
5
24
7
46
4
9
4
14
14
7
5
4
6
4
6
5
6
4
7
11
4
8
6
6
8
17
6
5
8
12
6
8
11
24
12
5
42
4
25
19
13
8
10
6
13
9
8
4
4
8
4
4
5
6
5
7
7
6
6
8
5
12
10
13
5
6
4
4
10
20
6
6
10
4
4
16
15
8
5
7
12
4
8
5
6
10
9
10
6
10
8
8
7
4
5
12
6
7
10
5
4
7
4
5
5
12
5
8
6
6
7
6
7
5
9
26
15
5
12
9
5
5
7
12
5
5
6
7
12
8
13
10
7
9
4
15
7
21
7
27
9
6
12
4
25
13
10
7
9
9
17
6
6
24
5
7
8
7
4
14
5
5
6
42
41
14
10
23
6
15
9
8
4
6
6
12
4
8
9
8
4
17
4
10
7
4
6
5
6
5
14
4
61
8
5
4
4
4
5
7
5
11
4
8
4
4
6
8
4
22
4
4
5
6
4
6
6
4
4
15
4
4
4
20
6
4
4
4
5
5
7
4
4
8
4
10
4
9
11
5
4
4
4
13
6
4
4
10
6
4
4
23
4
12
4
4
9
4
6
4
7
5
4
4
4
4
6
15
11
7
10
8
4
20
6
23
5
11
52
20
8
9
15
22
13
13
7
14
5
4
4
6
10
6
9
9
4
4
9
12
4
9
4
6
15
28
5
11
5
7
11
4
5
5
25
18
4
4
5
4
9
6
5
19
37
15
12
118
42
216
7
21
10
134
5
11
8
9
23
4
4
4
9
5
6
5
12
5
4
8
6
7
8
6
8
6
7
4
24
7
13
24
5
5
5
4
10
16
5
5
12
7
5
5
4
4
13
5
6
5
5
9
5
6
6
5
7
9
4
4
4
20
7
17
10
14
4
4
5
20
9
4
7
7
14
6
59
12
8
8
22
4
4
4
4
7
6
6
6
45
11
4
5
4
5
9
17
5
10
4
5
5
19
22
8
13
15
5
4
4
18
15
7
4
4
4
5
4
4
4
9
11
12
13
12
4
4
6
7
5
5
13
10
6
19
5
13
6
24
14
11
8
6
6
4
11
25
16
4
5
9
6
7
7
7
16
6
6
4
8
9
12
4
4
8
5
4
4
4
6
31
6
6
10
11
9
12
6
16
5
4
7
6
4
6
4
16
5
5
7
11
4
6
4
6
17
4
14
6
4
4
4
9
6
5
7
4
7
5
7
5
4
10
11
4
6
10
4
5
14
4
5
4
5
8
5
6
4
6
5
7
5
5
5
5
19
8
9
6
4
40
11
6
5
5
6
12
12
5
10
4
9
4
7
4
11
4
6
9
8
8
5
6
9
6
5
8
6
22
22
4
8
9
7
5
7
8
8
4
11
9
5
6
7
27
8
5
6
6
10
8
20
29
7
10
9
10
16
33
7
6
5
11
7
9
6
24
11
9
15
7
5
6
13
20
8
5
13
8
9
12
7
22
5
13
21
17
4
11
4
7
9
4
6
9
8
7
6
16
12
9
4
7
7
4
4
4
6
4
6
4
4
16
7
4
4
4
11
26
6
8
4
6
10
19
5
7
7
4
27
5
5
4
5
5
12
6
11
9
15
47
38
13
10
5
7
7
23
6
7
4
5
6
4
9
13
13
12
6
19
6
13
8
5
17
80
19
6
7
7
4
13
8
6
7
4
4
5
5
11
7
8
8
18
5
5
9
9
15
5
4
32
12
55
8
5
31
10
7
7
12
10
4
8
26
33
6
4
8
7
5
4
5
91
6
58
14
4
5
9
7
6
8
4
6
19
6
8
6
5
4
317
9
13
6
5
21
21
4
5
43
10
7
8
4
29
21
9
4
38
25
8
4
8
7
6
10
4
5
15
6
4
4
4
7
7
12
59
6
4
6
4
4
6
4
4
7
4
6
8
8
7
28
16
7
6
4
5
6
8
12
18
7
12
5
10
6
6
14
9
7
5
5
22
9
4
14
38
22
4
14
4
4
4
4
6
6
8
12
10
4
5
5
14
4
4
6
10
4
7
12
10
8
4
5
12
9
4
5
11
4
6
4
6
4
4
7
15
6
16
13
4
4
9
10
4
8
18
6
4
5
22
44
4
4
4
5
11
12
13
4
8
6
9
7
7
6
10
11
9
9
5
4
5
43
14
7
30
9
4
51
8
4
7
18
6
6
11
88
27
9
7
6
5
9
5
11
4
6
5
6
9
9
4
8
6
5
8
4
8
6
8
4
7
4
6
11
6
5
7
4
5
5
4
5
29
16
6
4
4
6
4
4
4
4
5
44
12
11
22
4
8
7
5
13
5
4
15
4
7
7
5
4
10
8
9
7
6
7
5
8
24
8
4
8
4
6
7
6
11
5
22
10
5
14
9
12
36
26
7
21
28
10
6
4
5
4
4
5
5
15
17
6
5
4
5
5
4
28
26
6
14
5
7
6
6
4
5
5
5
4
7
7
9
13
7
8
9
18
4
4
4
8
31
6
5
4
19
28
6
7
5
4
8
13
55
10
7
7
4
7
5
18
15
13
9
6
8
8
6
10
8
7
4
6
8
12
6
5
6
7
4
7
4
8
6
68
9
11
7
6
7
7
10
17
22
4
22
9
4
5
9
9
4
5
17
8
9
25
4
5
4
5
7
11
8
27
6
5
5
9
5
11
10
4
6
10
12
5
4
5
26
4
6
4
10
7
10
4
10
5
16
18
11
6
4
10
4
4
13
5
5
4
6
4
4
4
4
4
5
15
7
4
8
15
17
14
5
7
4
8
7
5
5
8
5
4
6
10
6
8
8
13
7
13
10
8
4
7
10
12
6
4
10
30
4
5
4
4
12
13
7
8
6
5
12
12
5
15
6
5
6
8
9
9
12
8
6
6
4
5
4
12
19
10
11
5
4
4
7
11
5
4
8
13
4
15
11
15
14
5
6
10
6
11
7
11
14
8
9
5
7
5
6
11
4
5
14
10
5
6
15
8
12
24
7
18
6
5
26
15
8
4
6
4
6
8
7
6
6
6
13
4
4
5
4
6
11
16
5
8
4
5
7
12
11
4
11
8
6
4
4
16
8
9
12
5
5
5
8
7
4
6
4
6
5
7
6
9
12
10
7
11
5
8
12
8
6
11
7
9
8
5
5
5
6
4
4
5
5
7
5
5
26
5
16
12
5
4
19
4
5
5
13
6
7
7
6
12
32
4
6
5
6
28
30
7
4
5
9
8
