0 7
1 18
2 26
3 25
4 174
5 832
6 24
7 34
8 30
9 31
10 60
11 106
12 41
13 186
14 4939
15 43
16 22
17 14
18 61
19 877
20 1876
21 2326
22 63
23 46
24 386
25 45
26 77
27 79
28 130
29 107
30 970
31 44
32 34007
33 351
34 102
35 50
36 139
37 151
38 3417
39 33203
40 80
41 19
42 157
43 13
44 99
45 92
46 244
47 708
48 22411
49 112
50 136
51 78
52 11
53 39
54 82
55 101
56 116
57 29
58 109
59 120
60 1603
61 154
62 172
63 953
64 3459
65 121
66 125
67 97
68 119
69 51
70 68
71 321
72 2092
73 418
74 1336
75 12885
76 860
77 630
78 11122
79 165
80 8545
81 21137
82 42414
83 153
84 64
85 3847
86 5138
87 290
88 163
89 16
90 110
91 81
92 48
93 63780
94 62705
95 67
96 53
97 177
98 4325
99 555
100 180
101 88
102 1097
103 171
104 8484
105 533
106 4229
107 379
108 1469
109 20179
110 9434
111 76
112 83
113 182
114 190
115 274
116 2833
117 2660
118 5501
119 515
120 191
121 261
122 193
123 2455
124 2047
125 208
126 247
127 105
128 162
129 415
130 176
131 253
132 3466
133 260
134 508
135 686
136 243
137 86
138 7074
139 69
140 307
141 24246
142 283
143 371
144 373
145 377
146 392
147 115
148 394
149 192
150 1710
151 87
152 361
153 331
154 435
155 809
156 4839
157 492
158 278
159 511
160 23721
161 473
162 72633
163 527
164 528
165 542
166 547
167 3455
168 4704
169 1396
170 79735
171 563
172 530
173 576
174 586
175 365
176 2882
177 3528
178 583
179 94938
180 594
181 599
182 308
183 588
184 648
185 655
186 659
187 674
188 592
189 426
190 661
191 679
192 33413
193 6965
194 693
195 203
196 660
197 710
198 691
199 7823
200 456
201 4386
202 738
203 3354
204 440
205 729
206 805
207 393
208 71
209 826
210 15880
211 22049
212 841
213 871
214 21575
215 48235
216 60146
217 874
218 886
219 736
220 11240
221 895
222 906
223 650
224 18155
225 322
226 79433
227 892
228 1196
229 10271
230 26131
231 940
232 14506
233 15754
234 1997
235 45509
236 966
237 6355
238 983
239 993
240 1008
241 1004
242 1160
243 5868
244 8278
245 146
246 10
247 1048
248 941
249 1056
250 973
251 1089
252 1095
253 1032
254 1111
255 1108
256 3480
257 1120
258 10298
259 3690
260 1012
261 1170
262 1172
263 287
264 911
265 1167
266 1268
267 558
268 35444
269 1198
270 554
271 1376
272 61514
273 1210
274 1217
275 1219
276 1201
277 1256
278 1259
279 1096
280 863
281 6776
282 1303
283 88806
284 1348
285 574
286 972
287 3684
288 272
289 1369
290 5754
291 1290
292 1174
293 1406
294 1392
295 158
296 1428
297 1321
298 1485
299 1533
300 1562
301 1064
302 1357
303 1561
304 1543
305 1186
306 8783
307 26790
308 1625
309 1978
310 2050
311 3640
312 1050
313 1669
314 2554
315 123
316 1579
317 1705
318 1607
319 1634
320 1726
321 1682
322 8546
323 1752
324 1756
325 1580
326 1758
327 85642
328 1807
329 1803
330 31358
331 1832
332 374
333 50252
334 7832
335 1854
336 4084
337 1721
338 1856
339 1611
340 1875
341 18861
342 35341
343 34999
344 33354
345 1923
346 1908
347 1860
348 1935
349 141401
350 1941
351 1822
352 1047
353 22230
354 16892
355 1842
356 462
357 5092
358 1996
359 1663
360 847
361 2004
362 2015
363 1896
364 1238
365 69835
366 2023
367 1781
368 2024
369 2074
370 7680
371 2043
372 2063
373 2069
374 2109
375 3594
376 7490
377 1926
378 2136
379 2150
380 2035
381 3551
382 2179
383 2293
384 90846
385 2252
386 521
387 2224
388 3106
389 2227
390 2201
391 2249
392 2257
393 3086
394 51816
395 2291
396 97859
397 1777
398 4648
399 1817
400 2319
401 2335
402 2344
403 2346
404 2349
405 2351
406 2352
407 2355
408 1507
409 610
410 2374
411 2381
412 2382
413 2430
414 3769
415 2386
416 6343
417 2397
418 2131
419 2416
420 2423
421 2431
422 2420
423 32138
424 25836
425 1438
426 507
427 2465
428 2492
429 2058
430 2511
431 2503
432 1285
433 2417
434 2493
435 1954
436 2129
437 18059
438 2528
439 2532
440 2538
441 2498
442 4224
443 2549
444 976
445 1188
446 2566
447 2574
448 2038
449 2274
450 2584
451 2190
452 2573
453 2251
454 2613
455 2626
456 11440
457 1805
458 1439
459 2618
460 2638
461 61796
462 140614
463 2662
464 82947
465 108321
466 30035
467 37492
468 2663
469 5555
470 2682
471 2691
472 2693
473 1262
474 2718
475 2453
476 786
477 1828
478 28984
479 2766
480 285
481 2415
482 1910
483 2796
484 2241
485 3046
486 2835
487 1419
488 2334
489 2869
490 820
491 1197
492 2928
493 2946
494 2974
495 34637
496 2965
497 4967
498 21728
499 121237
500 3068
501 3076
502 2028
503 3087
504 3064
505 3098
506 1857
507 3110
508 3143
509 1767
510 53729
511 3153
512 7788
513 1426
514 152889
515 3173
516 2467
517 3635
518 2945
519 2756
520 3211
521 3236
522 3233
523 3234
524 3267
525 2260
526 3258
527 3286
528 2767
529 2992
530 35142
531 65939
532 42
533 3351
534 1043
535 33466
536 47448
537 3279
538 3142
539 3432
540 2695
541 3434
542 3409
543 1639
544 3055
545 3548
546 3400
547 3607
548 2142
549 6393
550 3583
551 7882
552 77365
553 83982
554 111872
555 2506
556 3592
557 876
558 3121
559 3585
560 2407
561 11587
562 30006
563 3659
564 2135
565 3694
566 746
567 3734
568 3731
569 3755
570 3834
571 8215
572 3808
573 3815
574 9365
575 3848
576 3216
577 6236
578 3844
579 3841
580 2620
581 12800
582 3908
583 3916
584 3935
585 3967
586 1573
587 3968
588 90862
589 34069
590 3473
591 3998
592 2399
593 4000
594 4007
595 4008
596 2689
597 4021
598 4031
599 38400
600 4093
601 4065
602 3859
603 1192
604 4104
605 4105
606 1136
607 2294
608 4154
609 4149
610 4134
611 4151
612 4179
613 4213
614 47
615 4103
616 3394
617 4259
618 2844
619 3748
620 4279
621 4293
622 22707
623 4099
624 4312
625 100801
626 4315
627 4328
628 4314
629 4331
630 15715
631 68606
632 4384
633 4395
634 4396
635 7099
636 1863
637 7061
638 1326
639 4403
640 4180
641 2602
642 950
643 4468
644 4469
645 4480
646 25995
647 4492
648 1945
649 4517
650 4494
651 4512
652 408
653 56811
654 4425
655 5219
656 3609
657 16057
658 4567
659 4571
660 4601
661 569
662 4684
663 2744
664 16189
665 3789
666 2248
667 56431
668 76537
669 3802
670 2703
671 3761
672 4752
673 4786
674 4831
675 2880
676 4805
677 4806
678 4817
679 4846
680 4659
681 3511
682 1514
683 24700
684 2704
685 4864
686 664
687 3914
688 4909
689 4438
690 3461
691 4238
692 42104
693 4956
694 4116
695 1754
696 4953
697 5121
698 5006
699 5019
700 5035
701 3941
702 2447
703 4779
704 792
705 4552
706 3168
707 4838
708 5208
709 5133
710 7274
711 15533
712 37007
713 5142
714 5184
715 5160
716 557
717 5157
718 231
719 9540
720 2479
721 28198
722 5175
723 5185
724 4843
725 4957
726 5201
727 5203
728 5199
729 5236
730 5072
731 5248
732 3243
733 5303
734 3510
735 27924
736 2930
737 3403
738 5351
739 5355
740 5266
741 5360
742 3475
743 807
744 4792
745 464
746 7183
747 14501
748 5435
749 5424
750 31066
751 930
752 69133
753 5469
754 5475
755 1584
756 5463
757 5486
758 4613
759 5506
760 2728
761 4456
762 5527
763 5531
764 49019
765 5540
766 2452
767 5558
768 2445
769 5562
770 5573
771 5621
772 11238
773 48095
774 5189
775 5099
776 5728
777 5726
778 3735
779 5732
780 5735
781 3710
782 5915
783 5737
784 5778
785 5717
786 5315
787 6671
788 2232
789 5030
790 1750
791 5854
792 5845
793 5883
794 6782
795 8221
796 41302
797 3423
798 5090
799 22447
800 23623
801 5378
802 5951
803 5864
804 5946
805 5871
806 5880
807 3858
808 3993
809 4946
810 15035
811 8527
812 5992
813 6039
814 15857
815 8337
816 10776
817 5398
818 5986
819 30859
820 6045
821 13119
822 109813
823 250
824 32815
825 6167
826 1636
827 6206
828 6173
829 16668
830 6261
831 2145
832 33733
833 33992
834 6271
835 5512
836 5286
837 5145
838 4012
839 6235
840 21809
841 6280
842 53304
843 9105
844 5693
845 4119
846 6311
847 3654
848 6304
849 6334
850 6742
851 1990
852 4195
853 101095
854 79544
855 6365
856 6037
857 4740
858 6391
859 5031
860 37192
861 200
862 6417
863 5687
864 3347
865 6435
866 6370
867 5116
868 6481
869 6515
870 6512
871 47366
872 90973
873 89503
874 31158
875 26863
876 5736
877 6578
878 16938
879 139739
880 5935
881 4408
882 6567
883 36366
884 6568
885 32791
886 6612
887 3931
888 3651
889 6627
890 6688
891 6909
892 6597
893 6059
894 5691
895 552
896 2151
897 6667
898 6675
899 1701
900 5622
901 16029
902 34746
903 6321
904 5301
905 2883
906 3460
907 6791
908 6830
909 4947
910 14706
911 6839
912 5234
913 680
914 6793
915 11635
916 6864
917 11151
918 6872
919 113359
920 6897
921 3798
922 114104
923 6887
924 130034
925 6911
926 18927
927 6919
928 35479
929 6599
930 6928
931 6952
932 6958
933 2193
934 1698
935 6960
936 1339
937 6687
938 3996
939 6626
940 6998
941 7005
942 7042
943 7131
944 7059
945 4097
946 3787
947 1423
948 6564
949 3396
950 8015
951 8641
952 7157
953 5089
954 4364
955 7200
956 7118
957 6622
958 7178
959 7214
960 5743
961 1470
962 1830
963 10312
964 6819
965 132220
966 7336
967 7338
968 7346
969 7370
970 671
971 48375
972 7385
973 3974
974 1397
975 4203
976 7511
977 7531
978 7536
979 7541
980 7551
981 45139
982 2621
983 7251
984 4826
985 13292
986 81333
987 7542
988 67685
989 1782
990 57559
991 7287
992 7269
993 7024
994 2187
995 70693
996 3196
997 7689
998 7710
999 7742
1000 53657
1001 7737
1002 5525
1003 6141
1004 7846
1005 7820
1006 8335
1007 3303
1008 5645
1009 25998
1010 6361
1011 73196
1012 4533
1013 8304
1014 7902
1015 8070
1016 7988
1017 6823
1018 1353
1019 21435
1020 22893
1021 8166
1022 51444
1023 2755
1024 6219
1025 7343
1026 7279
1027 8213
1028 8224
1029 8303
1030 7970
1031 8379
1032 24122
1033 85955
1034 8493
1035 8360
1036 2897
1037 4735
1038 8397
1039 8408
1040 8411
1041 8422
1042 8418
1043 8426
1044 34652
1045 8447
1046 8044
1047 2222
1048 8449
1049 25441
1050 8488
1051 2645
1052 8502
1053 8519
1054 10361
1055 2832
1056 4102
1057 8194
1058 7169
1059 15321
1060 30417
1061 55293
1062 24553
1063 112485
1064 8558
1065 8226
1066 8852
1067 68346
1068 8575
1069 8578
1070 2502
1071 44705
1072 8654
1073 7016
1074 2639
1075 68127
1076 6934
1077 8727
1078 7119
1079 2425
1080 8332
1081 8789
1082 16642
1083 6562
1084 8792
1085 31215
1086 45616
1087 1193
1088 25837
1089 8283
1090 7627
1091 2103
1092 23886
1093 8244
1094 8945
1095 11526
1096 1342
1097 9000
1098 9088
1099 8771
1100 8824
1101 4490
1102 7154
1103 6563
1104 8279
1105 9036
1106 9234
1107 9280
1108 9261
1109 9317
1110 9339
1111 1564
1112 124084
1113 795
1114 56173
1115 9470
1116 9345
1117 6441
1118 9533
1119 9525
1120 9555
1121 9581
1122 24985
1123 9587
1124 9377
1125 9598
1126 100315
1127 10095
1128 33568
1129 77103
1130 9647
1131 9652
1132 7203
1133 9655
1134 21086
1135 9797
1136 9712
1137 66695
1138 9718
1139 9558
1140 4249
1141 9008
1142 154752
1143 97224
1144 6503
1145 2681
1146 9922
1147 9823
1148 9824
1149 9846
1150 9932
1151 9825
1152 9908
1153 9842
1154 9843
1155 9866
1156 9865
1157 5371
1158 9914
1159 22676
1160 2321
1161 3928
1162 9963
1163 64489
1164 90197
1165 6028
1166 10059
1167 81550
1168 42017
1169 143235
1170 10072
1171 9003
1172 16798
1173 9277
1174 3071
1175 6318
1176 10167
1177 6548
1178 10166
1179 10190
1180 9237
1181 10197
1182 9356
1183 10220
1184 4316
1185 15819
1186 41581
1187 16732
1188 21272
1189 13212
1190 10290
1191 67515
1192 9933
1193 10181
1194 39384
1195 10339
1196 10330
1197 10082
1198 10414
1199 3160
1200 44336
1201 6810
1202 36066
1203 10386
1204 10387
1205 10408
1206 9761
1207 7104
1208 10442
1209 79632
1210 1764
1211 152144
1212 10596
1213 68051
1214 10568
1215 38099
1216 10602
1217 9853
1218 9415
1219 10612
1220 4
1221 2676
1222 133905
1223 10656
1224 10624
1225 10650
1226 10267
1227 10723
1228 14578
1229 10790
1230 695
1231 10829
1232 8302
1233 10854
1234 10768
1235 10930
1236 10927
1237 10319
1238 2264
1239 10973
1240 10984
1241 10681
1242 11015
1243 215
1244 546
1245 8823
1246 8487
1247 2357
1248 11064
1249 5246
1250 9617
1251 11079
1252 5365
1253 9428
1254 9611
1255 8412
1256 3863
1257 10251
1258 10090
1259 11060
1260 10937
1261 10303
1262 11145
1263 11155
1264 11178
1265 10522
1266 28009
1267 20333
1268 85706
1269 138509
1270 11212
1271 15587
1272 11360
1273 26604
1274 11272
1275 10064
1276 10832
1277 72290
1278 3330
1279 11292
1280 11246
1281 33226
1282 24327
1283 47722
1284 92554
1285 11006
1286 84013
1287 5606
1288 9803
1289 9164
1290 11391
1291 10890
1292 64493
1293 11454
1294 3296
1295 7482
1296 63684
1297 8701
1298 111311
1299 5517
1300 10144
1301 11625
1302 10803
1303 11313
1304 36983
1305 11251
1306 11651
1307 9406
1308 11537
1309 6384
1310 12838
1311 12913
1312 3833
1313 13032
1314 49126
1315 12879
1316 12878
1317 72776
1318 12912
1319 12938
1320 1288
1321 10562
1322 11315
1323 13241
1324 653
1325 7342
1326 26618
1327 5983
1328 13097
1329 13131
1330 11525
1331 11255
1332 11063
1333 8834
1334 13169
1335 13096
1336 14504
1337 13180
1338 13185
1339 15876
1340 13023
1341 13247
1342 12792
1343 121096
1344 8514
1345 13268
1346 9643
1347 15375
1348 13283
1349 45849
1350 13338
1351 9159
1352 8380
1353 14562
1354 14576
1355 1413
1356 5654
1357 13101
1358 2953
1359 35657
1360 8343
1361 14689
1362 5678
1363 13073
1364 14769
1365 14867
1366 1379
1367 14776
1368 2808
1369 9332
1370 10356
1371 15091
1372 72635
1373 14809
1374 44223
1375 106724
1376 14821
1377 11588
1378 14500
1379 60187
1380 14887
1381 8607
1382 14907
1383 3035
1384 14974
1385 24164
1386 37889
1387 52543
1388 6171
1389 29178
1390 65940
1391 12707
1392 15386
1393 15163
1394 15169
1395 64142
1396 13053
1397 12818
1398 90146
1399 8211
1400 13184
1401 14795
1402 11383
1403 15391
1404 15718
1405 48785
1406 94025
1407 15545
1408 3024
1409 5068
1410 15256
1411 15427
1412 15655
1413 15668
1414 14988
1415 5103
1416 15725
1417 15750
1418 29401
1419 7611
1420 93384
1421 15781
1422 4790
1423 15305
1424 14857
1425 15837
1426 1074
1427 14456
1428 118736
1429 15804
1430 15871
1431 15698
1432 26006
1433 128145
1434 14533
1435 41145
1436 15351
1437 15966
1438 16008
1439 72070
1440 2275
1441 16075
1442 15940
1443 4844
1444 16181
1445 3698
1446 16275
1447 16299
1448 38839
1449 92585
1450 16386
1451 14849
1452 33955
1453 16372
1454 16341
1455 16336
1456 16382
1457 10505
1458 931
1459 15011
1460 16496
1461 16497
1462 16495
1463 16548
1464 6977
1465 3481
1466 169074
1467 16673
1468 16715
1469 16731
1470 16721
1471 143145
1472 16784
1473 13113
1474 6855
1475 16115
1476 10721
1477 5937
1478 13362
1479 16950
1480 16956
1481 9210
1482 15518
1483 92406
1484 58071
1485 6294
1486 5125
1487 12714
1488 18140
1489 16719
1490 18263
1491 18266
1492 18270
1493 18198
1494 7031
1495 10756
1496 18429
1497 16855
1498 6462
1499 16664
1500 18506
1501 19152
1502 18524
1503 22162
1504 127725
1505 4903
1506 24862
1507 57177
1508 8799
1509 3568
1510 3020
1511 18682
1512 18695
1513 46027
1514 92616
1515 32281
1516 34430
1517 18523
1518 50676
1519 18810
1520 16415
1521 18681
1522 18936
1523 18767
1524 2814
1525 18943
1526 3650
1527 19012
1528 18607
1529 1542
1530 4687
1531 5968
1532 34681
1533 6974
1534 20293
1535 103630
1536 15908
1537 18779
1538 14786
1539 20364
1540 27049
1541 20442
1542 136496
1543 20643
1544 3912
1545 5751
1546 59981
1547 12932
1548 15287
1549 20510
1550 20512
1551 18625
1552 19117
1553 20552
1554 20578
1555 20597
1556 18583
1557 6096
1558 783
1559 6816
1560 12671
1561 20648
1562 20565
1563 20664
1564 20225
1565 20401
1566 53681
1567 20716
1568 20781
1569 20783
1570 81574
1571 20840
1572 5544
1573 20927
1574 20877
1575 20931
1576 15084
1577 46305
1578 20983
1579 6783
1580 21029
1581 15525
1582 12926
1583 2631
1584 24549
1585 40924
1586 153447
1587 21199
1588 21338
1589 21261
1590 138561
1591 21574
1592 21243
1593 81161
1594 3687
1595 21390
1596 21401
1597 21358
1598 46021
1599 44271
1600 154216
1601 16418
1602 7194
1603 94401
1604 134138
1605 29183
1606 7586
1607 21527
1608 21580
1609 60750
1610 21629
1611 93658
1612 8968
1613 1319
1614 21452
1615 21763
1616 2598
1617 21083
1618 20605
1619 4653
1620 8841
1621 21590
1622 5664
1623 7517
1624 11165
1625 7933
1626 21877
1627 10079
1628 5745
1629 8791
1630 15833
1631 22084
1632 7863
1633 27899
1634 21777
1635 22206
1636 39278
1637 18763
1638 23221
1639 12720
1640 63738
1641 22703
1642 22346
1643 267
1644 75736
1645 15077
1646 22465
1647 22403
1648 18697
1649 15583
1650 22473
1651 22523
1652 22530
1653 5740
1654 22553
1655 22585
1656 15778
1657 33090
1658 20841
1659 23687
1660 22681
1661 22680
1662 22747
1663 22721
1664 22701
1665 124763
1666 24764
1667 22778
1668 18236
1669 22799
1670 9119
1671 115924
1672 11580
1673 5903
1674 22828
1675 6239
1676 1759
1677 15410
1678 103070
1679 109576
1680 105863
1681 2459
1682 23076
1683 15535
1684 23049
1685 23051
1686 38125
1687 23013
1688 23098
1689 21372
1690 23222
1691 5200
1692 9950
1693 23349
1694 22673
1695 13305
1696 16909
1697 14774
1698 9616
1699 21731
1700 10561
1701 23539
1702 23634
1703 21816
1704 410
1705 23824
1706 20256
1707 23159
1708 23959
1709 6268
1710 1295
1711 15143
1712 2561
1713 20554
1714 24094
1715 34177
1716 22453
1717 10469
1718 24289
1719 21924
1720 24404
1721 22765
1722 24466
1723 7975
1724 11530
1725 3174
1726 18400
1727 8270
1728 23720
1729 24579
1730 9405
1731 23273
1732 2583
1733 107033
1734 24529
1735 2542
1736 81559
1737 24784
1738 24946
1739 24967
1740 24969
1741 14753
1742 13231
1743 36438
1744 25083
1745 22628
1746 25098
1747 24477
1748 25190
1749 21959
1750 11517
1751 21684
1752 74250
1753 24330
1754 4124
1755 72529
1756 8951
1757 18592
1758 6984
1759 25569
1760 20535
1761 25592
1762 27041
1763 5436
1764 25608
1765 25615
1766 25633
1767 9486
1768 21862
1769 78230
1770 4466
1771 18901
1772 24713
1773 25834
1774 16254
1775 19046
1776 154112
1777 25860
1778 25871
1779 16074
1780 25925
1781 25674
1782 18794
1783 23112
1784 10769
1785 26156
1786 26266
1787 133160
1788 25917
1789 16776
1790 26387
1791 107078
1792 26400
1793 45954
1794 20589
1795 26406
1796 65964
1797 26426
1798 24131
1799 26443
1800 18984
1801 26533
1802 27816
1803 52054
1804 15145
1805 26360
1806 26630
1807 51618
1808 26638
1809 18281
1810 44779
1811 9622
1812 25790
1813 22471
1814 27005
1815 22587
1816 24481
1817 21433
1818 45437
1819 7867
1820 26626
1821 41022
1822 90504
1823 12860
1824 27330
1825 27218
1826 71119
1827 47327
1828 112344
1829 26764
1830 26627
1831 8970
1832 27475
1833 27486
1834 9662
1835 27599
1836 11495
1837 4764
1838 27668
1839 160746
1840 16010
1841 26481
1842 18030
1843 23072
1844 10850
1845 28200
1846 28318
1847 761
1848 28335
1849 18944
1850 28372
1851 23369
1852 25478
1853 11386
1854 20325
1855 27070
1856 22272
1857 28773
1858 28775
1859 28533
1860 28785
1861 28836
1862 4511
1863 22315
1864 25668
1865 6586
1866 28938
1867 26427
1868 36333
1869 71751
1870 26925
1871 16778
1872 102781
1873 36809
1874 18414
1875 16399
1876 29517
1877 28620
1878 24865
1879 21919
1880 29692
1881 7257
1882 29844
1883 24393
1884 22724
1885 29478
1886 96
1887 29782
1888 29453
1889 14971
1890 43529
1891 29980
1892 2837
1893 30371
1894 30790
1895 119302
1896 29940
1897 27058
1898 30273
1899 29459
1900 28367
1901 20299
1902 18556
1903 30023
1904 23263
1905 30255
1906 47784
1907 27386
1908 20519
1909 30431
1910 24400
1911 18851
1912 31001
1913 1258
1914 28019
1915 16080
1916 31189
1917 33099
1918 77539
1919 23294
1920 29808
1921 99275
1922 31252
1923 16469
1924 52618
1925 28279
1926 31211
1927 31714
1928 56613
1929 52107
1930 31880
1931 31844
1932 31527
1933 29098
1934 4796
1935 31950
1936 32044
1937 31822
1938 28854
1939 21011
1940 31426
1941 14615
1942 30732
1943 32394
1944 3336
1945 32297
1946 140644
1947 32584
1948 1967
1949 32654
1950 3119
1951 12780
1952 32768
1953 32895
1954 32915
1955 32949
1956 22300
1957 31401
1958 32902
1959 1030
1960 72261
1961 28186
1962 16403
1963 123241
1964 32209
1965 33064
1966 52074
1967 75427
1968 2046
1969 33518
1970 3879
1971 33797
1972 107865
1973 33848
1974 30647
1975 33863
1976 33850
1977 48896
1978 60581
1979 122773
1980 33834
1981 36927
1982 34197
1983 33970
1984 34257
1985 16836
1986 34451
1987 34332
1988 19079
1989 159017
1990 9353
1991 2295
1992 34490
1993 34659
1994 2006
1995 22266
1996 16768
1997 20599
1998 30522
1999 34893
2000 33638
2001 3618
2002 34306
2003 35170
2004 35136
2005 5776
2006 35249
2007 73805
2008 86308
2009 33885
2010 13162
2011 35360
2012 76811
2013 33041
2014 35264
2015 35433
2016 32448
2017 26833
2018 22155
2019 35551
2020 34857
2021 21771
2022 9031
2023 21119
2024 35807
2025 35848
2026 35862
2027 24476
2028 35884
2029 27215
2030 36021
2031 36089
2032 42379
2033 35636
2034 105913
2035 36372
2036 53266
2037 29750
2038 8019
2039 33630
2040 36601
2041 36448
2042 36529
2043 139243
2044 18482
2045 36483
2046 36641
2047 36686
2048 36675
2049 28646
2050 36748
2051 74288
2052 36865
2053 69223
2054 29294
2055 36910
2056 34662
2057 51428
2058 29065
2059 37160
2060 113919
2061 71655
2062 37078
2063 9192
2064 37082
2065 29637
2066 53241
2067 67946
2068 36985
2069 24453
2070 35265
2071 53021
2072 118692
2073 37398
2074 30053
2075 81265
2076 157018
2077 37507
2078 7326
2079 57444
2080 38544
2081 4782
2082 37419
2083 38111
2084 38192
2085 41787
2086 53385
2087 38408
2088 37872
2089 38497
2090 38582
2091 71896
2092 3353
2093 38371
2094 39098
2095 26409
2096 39264
2097 38857
2098 39378
2099 38742
2100 39476
2101 48178
2102 39509
2103 37954
2104 38772
2105 36017
2106 18127
2107 39716
2108 113903
2109 53736
2110 39135
2111 38456
2112 40889
2113 35768
2114 40838
2115 40883
2116 28689
2117 76787
2118 30209
2119 38309
2120 1504
2121 37926
2122 39550
2123 39297
2124 39594
2125 30044
2126 105702
2127 15147
2128 37765
2129 92382
2130 39457
2131 41677
2132 41974
2133 25146
2134 24875
2135 102955
2136 42131
2137 56052
2138 29581
2139 43661
2140 43719
2141 28611
2142 43823
2143 43996
2144 43504
2145 19094
2146 44173
2147 41723
2148 44216
2149 113908
2150 11397
2151 2781
2152 44522
2153 42199
2154 30545
2155 5461
2156 80290
2157 81130
2158 44715
2159 40918
2160 50697
2161 44760
2162 6229
2163 36972
2164 39138
2165 45037
2166 44838
2167 2238
2168 41172
2169 41214
2170 45483
2171 119425
2172 45529
2173 3899
2174 45788
2175 45802
2176 30763
2177 35506
2178 75911
2179 16345
2180 141925
2181 36980
2182 65784
2183 46121
2184 39298
2185 31936
2186 46345
2187 46380
2188 92852
2189 46422
2190 75647
2191 115676
2192 123247
2193 153222
2194 9494
2195 5861
2196 71506
2197 46635
2198 39132
2199 46709
2200 35661
2201 46964
2202 47045
2203 47059
2204 47075
2205 47067
2206 25410
2207 33793
2208 38841
2209 46469
2210 107075
2211 25319
2212 37971
2213 74202
2214 47541
2215 47540
2216 86983
2217 63896
2218 47620
2219 42190
2220 84225
2221 85691
2222 93315
2223 135
2224 33398
2225 6341
2226 25399
2227 48091
2228 48171
2229 27120
2230 44265
2231 40938
2232 48443
2233 8018
2234 48551
2235 27540
2236 48816
2237 119630
2238 48817
2239 86223
2240 50132
2241 50274
2242 48520
2243 10438
2244 50446
2245 47933
2246 36096
2247 44434
2248 50683
2249 34361
2250 48614
2251 46242
2252 99775
2253 47535
2254 47594
2255 51033
2256 15645
2257 16050
2258 29912
2259 50967
2260 48130
2261 41928
2262 15864
2263 37899
2264 47920
2265 120822
2266 51174
2267 13269
2268 51308
2269 11639
2270 48093
2271 22336
2272 48699
2273 41906
2274 27936
2275 9294
2276 112475
2277 49056
2278 51990
2279 75405
2280 50917
2281 39480
2282 52175
2283 79058
2284 52538
2285 52587
2286 99415
2287 84574
2288 31004
2289 52947
2290 53202
2291 10677
2292 126118
2293 46685
2294 53400
2295 42351
2296 48890
2297 24681
2298 48361
2299 29832
2300 6978
2301 43889
2302 55112
2303 45924
2304 41572
2305 18561
2306 16210
2307 55439
2308 52114
2309 53742
2310 81208
2311 55554
2312 55695
2313 55727
2314 35181
2315 5996
2316 31452
2317 46222
2318 37187
2319 55957
2320 30799
2321 56322
2322 55491
2323 80560
2324 56448
2325 107700
2326 53815
2327 52238
2328 36335
2329 51215
2330 48511
2331 44801
2332 114248
2333 8830
2334 4473
2335 40984
2336 181828
2337 57466
2338 932
2339 25138
2340 104304
2341 58074
2342 58081
2343 56646
2344 58144
2345 26930
2346 8146
2347 6383
2348 58728
2349 35705
2350 55303
2351 41563
2352 63289
2353 82180
2354 60253
2355 48915
2356 57425
2357 60959
2358 29735
2359 58678
2360 60949
2361 38619
2362 61056
2363 89188
2364 18033
2365 20826
2366 58689
2367 61679
2368 61088
2369 61737
2370 51499
2371 74057
2372 61935
2373 39432
2374 61957
2375 57849
2376 44189
2377 109473
2378 33636
2379 62648
2380 71080
2381 62869
2382 3850
2383 63329
2384 28065
2385 63835
2386 63406
2387 53420
2388 60094
2389 35977
2390 60318
2391 29289
2392 39336
2393 7921
2394 64506
2395 63611
2396 6719
2397 64523
2398 11303
2399 65774
2400 65834
2401 63584
2402 24157
2403 55483
2404 66232
2405 61517
2406 66933
2407 33232
2408 93257
2409 55465
2410 63613
2411 67820
2412 56871
2413 20682
2414 106610
2415 57348
2416 27871
2417 48620
2418 70730
2419 106482
2420 66299
2421 107913
2422 67368
2423 60131
2424 44285
2425 43710
2426 16020
2427 66183
2428 135618
2429 7568
2430 67886
2431 46482
2432 42489
2433 68592
2434 68796
2435 68536
2436 68798
2437 39636
2438 56050
2439 68880
2440 68765
2441 61030
2442 69228
2443 69346
2444 63644
2445 8227
2446 69186
2447 27711
2448 69540
2449 68335
2450 69615
2451 63436
2452 69626
2453 69954
2454 44324
2455 64458
2456 69944
2457 24084
2458 64280
2459 94296
2460 55461
2461 25388
2462 69492
2463 70268
2464 70381
2465 16052
2466 41558
2467 34084
2468 70456
2469 70577
2470 14734
2471 70674
2472 26002
2473 271
2474 14835
2475 57371
2476 66829
2477 40835
2478 68599
2479 69051
2480 47355
2481 103237
2482 42272
2483 86028
2484 86450
2485 50780
2486 120814
2487 70983
2488 71168
2489 63343
2490 71277
2491 69307
2492 71419
2493 71476
2494 63467
2495 56561
2496 14476
2497 72048
2498 72091
2499 62506
2500 91147
2501 10106
2502 33521
2503 6651
2504 72247
2505 39065
2506 48285
2507 72359
2508 57760
2509 72250
2510 72629
2511 72736
2512 72740
2513 67028
2514 72755
2515 65666
2516 34986
2517 91365
2518 72915
2519 57105
2520 12971
2521 15642
2522 72986
2523 31995
2524 72732
2525 72992
2526 63913
2527 31496
2528 15369
2529 73066
2530 71869
2531 73067
2532 67674
2533 73510
2534 76645
2535 62618
2536 73581
2537 53731
2538 37015
2539 28164
2540 159727
2541 73745
2542 63520
2543 74041
2544 69621
2545 2758
2546 67511
2547 74259
2548 75374
2549 153791
2550 54928
2551 4349
2552 104717
2553 34118
2554 45329
2555 75634
2556 69390
2557 75707
2558 21276
2559 10498
2560 73541
2561 75849
2562 67733
2563 75834
2564 37171
2565 41868
2566 86287
2567 75598
2568 76235
2569 45462
2570 73608
2571 73488
2572 37825
2573 1894
2574 58426
2575 73098
2576 28954
2577 76918
2578 69210
2579 91499
2580 75651
2581 45212
2582 77451
2583 105640
2584 77002
2585 77098
2586 77121
2587 52150
2588 72014
2589 38962
2590 62128
2591 70109
2592 77196
2593 73986
2594 77287
2595 74096
2596 72662
2597 77561
2598 72965
2599 77793
2600 27842
2601 78045
2602 32393
2603 20391
2604 78358
2605 63011
2606 94881
2607 71672
2608 1107
2609 71657
2610 77582
2611 81624
2612 68552
2613 16108
2614 18497
2615 47866
2616 59825
2617 177211
2618 76304
2619 124624
2620 37821
2621 84804
2622 106901
2623 56888
2624 85946
2625 110427
2626 43588
2627 78208
2628 73172
2629 64235
2630 165460
2631 80942
2632 65798
2633 15758
2634 108844
2635 21686
2636 173605
2637 81591
2638 41518
2639 82789
2640 73866
2641 30199
2642 83841
2643 9481
2644 28839
2645 83736
2646 83828
2647 74268
2648 83894
2649 82939
2650 43755
2651 70007
2652 83907
2653 60415
2654 46951
2655 84108
2656 66634
2657 83792
2658 3012
2659 83631
2660 33155
2661 84413
2662 47472
2663 84515
2664 45014
2665 55592
2666 84341
2667 84874
2668 83662
2669 66300
2670 77334
2671 6381
2672 85314
2673 66836
2674 85420
2675 113767
2676 41696
2677 85087
2678 85521
2679 82278
2680 39611
2681 92192
2682 131405
2683 83893
2684 46773
2685 85787
2686 84541
2687 63798
2688 66520
2689 47215
2690 86527
2691 29271
2692 3860
2693 78231
2694 6898
2695 87488
2696 26654
2697 27509
2698 83962
2699 22823
2700 78821
2701 87103
2702 69758
2703 87463
2704 37655
2705 87605
2706 83977
2707 87535
2708 38968
2709 16328
2710 88063
2711 88357
2712 23688
2713 80748
2714 88130
2715 39345
2716 88324
2717 68931
2718 27007
2719 88844
2720 82568
2721 51375
2722 110455
2723 87062
2724 46076
2725 89264
2726 88366
2727 89555
2728 88620
2729 89395
2730 89600
2731 80701
2732 32681
2733 90168
2734 60785
2735 90537
2736 72417
2737 90710
2738 90721
2739 91967
2740 90750
2741 109169
2742 79720
2743 39151
2744 91036
2745 52344
2746 91116
2747 91172
2748 46185
2749 90906
2750 101705
2751 36403
2752 57247
2753 93035
2754 55596
2755 90899
2756 91871
2757 91525
2758 90875
2759 51275
2760 31217
2761 90378
2762 92018
2763 29717
2764 92033
2765 56834
2766 77017
2767 92364
2768 92378
2769 87614
2770 15318
2771 111825
2772 92443
2773 125653
2774 92535
2775 91176
2776 78813
2777 33170
2778 92808
2779 98279
2780 65778
2781 92361
2782 29332
2783 44624
2784 86623
2785 50684
2786 114900
2787 93495
2788 90707
2789 6087
2790 90391
2791 108002
2792 32943
2793 92819
2794 89077
2795 67019
2796 94431
2797 94541
2798 42350
2799 92566
2800 93925
2801 609
2802 80530
2803 57257
2804 37243
2805 67974
2806 6108
2807 55530
2808 8846
2809 141122
2810 79823
2811 95190
2812 63642
2813 62676
2814 94172
2815 97829
2816 80498
2817 95585
2818 87723
2819 92056
2820 95635
2821 67266
2822 81761
2823 86816
2824 65720
2825 108470
2826 80565
2827 92376
2828 37203
2829 97287
2830 97344
2831 87591
2832 69328
2833 97429
2834 56307
2835 107045
2836 97754
2837 69953
2838 97877
2839 113129
2840 98070
2841 97774
2842 98166
2843 55482
2844 81801
2845 101248
2846 143761
2847 98748
2848 1490
2849 67405
2850 87329
2851 76104
2852 97376
2853 89938
2854 86531
2855 84557
2856 85921
2857 99156
2858 95896
2859 12931
2860 91542
2861 80879
2862 98602
2863 69275
2864 100306
2865 100389
2866 52567
2867 100714
2868 93838
2869 101208
2870 101243
2871 70761
2872 101627
2873 60085
2874 47904
2875 98571
2876 103345
2877 73644
2878 103497
2879 86732
2880 77905
2881 75565
2882 986
2883 99943
2884 88650
2885 50765
2886 100442
2887 104137
2888 104754
2889 69828
2890 69240
2891 104102
2892 99331
2893 104939
2894 105058
2895 102905
2896 100525
2897 83636
2898 105750
2899 2000
2900 87965
2901 105596
2902 38996
2903 32929
2904 89318
2905 101002
2906 158236
2907 61690
2908 137660
2909 107111
2910 107336
2911 97377
2912 107577
2913 95007
2914 26607
2915 22644
2916 36614
2917 24418
2918 100878
2919 10381
2920 73833
2921 109086
2922 109246
2923 109166
2924 108666
2925 108119
2926 101326
2927 109562
2928 109686
2929 64311
2930 41415
2931 3322
2932 109809
2933 46598
2934 109052
2935 82083
2936 76763
2937 130084
2938 110519
2939 92499
2940 85460
2941 28463
2942 111307
2943 90804
2944 108247
2945 110855
2946 111064
2947 110893
2948 111154
2949 97841
2950 111414
2951 111575
2952 111303
2953 93450
2954 112219
2955 112341
2956 112580
2957 112140
2958 86614
2959 109153
2960 66196
2961 112960
2962 113236
2963 113298
2964 97975
2965 111890
2966 113569
2967 111824
2968 108341
2969 111811
2970 107826
2971 63605
2972 95592
2973 112361
2974 113893
2975 87836
2976 160808
2977 114434
2978 114044
2979 114491
2980 103652
2981 88191
2982 88423
2983 38327
2984 109234
2985 138498
2986 25572
2987 113038
2988 62482
2989 74024
2990 112518
2991 94051
2992 113576
2993 62639
2994 88607
2995 36812
2996 115894
2997 106181
2998 115120
2999 116426
3000 82422
3001 116365
3002 89400
3003 66771
3004 30663
3005 107144
3006 117161
3007 106092
3008 46541
3009 45215
3010 35468
3011 4117
3012 76595
3013 69499
3014 29842
3015 117820
3016 15336
3017 118250
3018 116768
3019 116219
3020 111858
3021 104648
3022 35450
3023 116895
3024 116653
3025 118844
3026 11070
3027 60898
3028 119122
3029 84648
3030 89051
3031 11334
3032 119448
3033 109669
3034 78725
3035 135448
3036 119559
3037 100880
3038 117388
3039 63358
3040 80766
3041 116462
3042 115723
3043 120417
3044 108702
3045 15356
3046 37395
3047 8065
3048 112254
3049 35071
3050 94217
3051 101334
3052 21554
3053 37801
3054 94932
3055 121414
3056 118907
3057 146320
3058 175455
3059 117459
3060 109144
3061 39083
3062 97259
3063 30542
3064 57632
3065 121211
3066 76294
3067 118303
3068 26103
3069 92058
3070 123782
3071 43765
3072 136372
3073 124534
3074 124448
3075 115167
3076 124645
3077 124660
3078 115193
3079 67308
3080 95107
3081 121101
3082 125197
3083 125206
3084 28330
3085 117038
3086 125411
3087 35641
3088 99201
3089 74176
3090 126589
3091 20420
3092 144307
3093 127240
3094 97765
3095 41584
3096 83113
3097 15834
3098 124037
3099 127597
3100 124814
3101 131180
3102 143058
3103 47517
3104 125573
3105 128061
3106 129364
3107 77844
3108 129462
3109 118985
3110 73344
3111 36498
3112 125545
3113 130099
3114 108464
3115 131312
3116 131635
3117 6621
3118 131671
3119 122874
3120 131728
3121 131794
3122 131855
3123 65676
3124 84227
3125 63375
3126 33583
3127 132322
3128 132952
3129 117838
3130 133188
3131 2512
3132 62203
3133 81733
3134 132645
3135 63284
3136 108816
3137 132644
3138 63242
3139 95744
3140 132501
3141 106851
3142 105012
3143 134687
3144 134950
3145 135138
3146 135103
3147 98967
3148 112822
3149 133144
3150 126936
3151 296
3152 125494
3153 74105
3154 135718
3155 135937
3156 107602
3157 136264
3158 136284
3159 119929
3160 105698
3161 136511
3162 136768
3163 55719
3164 136891
3165 137486
3166 138937
3167 35503
3168 52550
3169 121114
3170 151260
3171 137915
3172 112253
3173 122555
3174 138864
3175 131530
3176 138974
3177 3186
3178 146283
3179 139014
3180 8115
3181 139103
3182 147737
3183 6340
3184 139895
3185 114915
3186 32870
3187 114228
3188 116838
3189 126551
3190 124243
3191 104401
3192 6257
3193 141463
3194 141525
3195 126933
3196 38367
3197 141969
3198 127548
3199 93250
3200 126803
3201 24843
3202 142768
3203 192571
3204 3752
3205 143642
3206 25209
3207 150642
3208 143056
3209 135617
3210 127141
3211 45040
3212 140461
3213 142170
3214 22633
3215 87279
3216 145182
3217 7522
3218 145273
3219 53595
3220 145297
3221 65641
3222 145930
3223 162476
3224 144584
3225 134722
3226 136961
3227 146452
3228 116183
3229 99868
3230 72398
3231 146688
3232 125593
3233 146773
3234 146778
3235 112394
3236 61720
3237 152712
3238 148784
3239 88731
3240 27077
3241 5705
3242 142635
3243 22958
3244 148366
3245 145286
3246 125987
3247 155153
3248 6500
3249 128086
3250 79569
3251 149376
3252 112699
3253 149339
3254 149594
3255 106915
3256 149630
3257 147667
3258 111607
3259 76586
3260 149801
3261 124721
3262 150011
3263 51898
3264 94397
3265 140866
3266 149935
3267 114601
3268 136557
3269 150484
3270 67433
3271 46290
3272 44945
3273 23348
3274 44642
3275 7895
3276 134963
3277 150682
3278 37198
3279 38151
3280 111936
3281 68325
3282 80084
3283 53747
3284 71033
3285 151446
3286 69045
3287 151892
3288 151996
3289 152024
3290 152208
3291 176527
3292 148689
3293 141335
3294 150303
3295 71701
3296 5273
3297 153248
3298 71157
3299 153386
3300 136525
3301 123690
3302 154305
3303 15787
3304 147776
3305 154141
3306 112791
3307 156492
3308 156536
3309 156675
3310 154927
3311 95991
3312 152962
3313 156749
3314 155154
3315 153063
3316 131487
3317 157096
3318 175260
3319 157535
3320 157294
3321 158347
3322 149341
3323 139178
3324 158592
3325 62605
3326 151544
3327 138733
3328 8666
3329 14747
3330 158996
3331 133992
3332 169548
3333 88154
3334 159291
3335 157227
3336 160166
3337 134691
3338 160232
3339 161096
3340 154256
3341 8900
3342 108219
3343 131988
3344 161523
3345 162483
3346 160118
3347 163052
3348 53319
3349 163808
3350 38158
3351 164106
3352 163489
3353 109308
3354 158002
3355 154632
3356 166008
3357 167021
3358 55323
3359 584
3360 137232
3361 101163
3362 45140
3363 169788
3364 144393
3365 76939
3366 125505
3367 93322
3368 171420
3369 85461
3370 151704
3371 46742
3372 66547
3373 171881
3374 24505
3375 158365
3376 136353
3377 118434
3378 133383
3379 132653
3380 160329
3381 60381
3382 99876
3383 133879
3384 48792
3385 153450
3386 174187
3387 25337
3388 136766
3389 31164
3390 173050
3391 145197
3392 73408
3393 31716
3394 42459
3395 175819
3396 159400
3397 176711
3398 176847
3399 177540
3400 91394
3401 170408
3402 91686
3403 171862
3404 145949
3405 56152
3406 2259
3407 5806
3408 179530
3409 175083
3410 179815
3411 12916
3412 36952
3413 175875
3414 165755
3415 175189
3416 95304
3417 168686
3418 179264
3419 145266
3420 181922
3421 181921
3422 182358
3423 183265
3424 181485
3425 176905
3426 41851
3427 52706
3428 184302
3429 184428
3430 185267
3431 150107
3432 185426
3433 174033
3434 152218
3435 176253
3436 44852
3437 177559
3438 80826
3439 37362
3440 186086
3441 135062
3442 187541
3443 108519
3444 187692
3445 99940
3446 185080
3447 68662
3448 188746
3449 68405
3450 18190
3451 134116
3452 6389
3453 189063
3454 144149
3455 121223
3456 158864
3457 155122
3458 186338
3459 184704
3460 191697
3461 108609
3462 28014
3463 190711
3464 135709
3465 192478
3466 10746
3467 193020
3468 70066
3469 186524
3470 161935
3471 193262
3472 195610
3473 195637
3474 178981
