0 26 36 36 113 36 36 36 36 36 36 36 36 
1 36 476 36 36 36 20 20 290 36 36 36 
2 0 127 0 16 0 55 0 128 0 0 0 0 0 
3 55 55 272 302 55 55 55 0 55 55 55 
4 54 54 388 26 54 54 54 26 54 28 54 54 
5 55 101 23 23 252 23 
6 54 54 54 54 54 54 54 54 54 54 54 54 54 54 54 54 
7 36 23 128 36 36 0 36 36 36 36 36 36 
8 290 55 73 26 0 0 127 0 0 0 0 0 0 
9 0 0 0 0 0 493 0 0 0 
10 0 0 0 0 0 290 0 290 0 0 0 23 87 
12 36 36 36 0 36 36 36 36 26 36 113 36 36 36 
13 36 36 26 36 36 36 252 36 36 36 
14 36 36 36 55 36 36 341 36 
15 36 36 36 36 36 36 36 36 36 36 
16 28 54 28 28 28 28 28 28 28 36 
17 0 0 0 55 0 0 128 87 290 0 0 0 0 0 0 0 
18 0 0 0 0 0 0 252 0 
19 36 36 36 36 36 36 36 36 36 36 236 36 36 36 36 36 
20 16 16 368 16 16 16 16 0 36 16 252 54 16 16 16 
22 26 26 26 0 26 26 26 26 54 26 26 
23 54 54 492 492 55 54 368 54 54 350 54 
24 0 55 0 0 0 0 0 0 0 0 
25 36 36 36 36 36 252 36 23 36 36 341 
26 113 128 100 73 54 54 54 54 54 54 54 290 54 128 
27 54 100 54 0 54 476 16 54 290 54 54 54 54 54 
28 54 54 54 54 54 54 113 54 54 54 0 
29 36 36 36 36 36 36 252 36 36 36 36 36 
30 54 113 113 113 54 113 113 113 194 113 26 
31 16 54 54 54 54 
32 23 23 23 23 23 23 434 23 23 23 
33 28 28 28 28 28 28 28 54 28 28 28 36 28 
34 36 36 252 36 36 36 36 36 36 476 
35 476 54 54 16 54 54 101 54 54 54 54 
36 55 0 0 0 0 0 0 0 0 0 
37 0 13 0 0 0 0 0 290 28 0 0 0 
38 54 54 144 33 54 54 54 0 54 
39 36 36 681 36 36 36 341 36 36 36 36 
40 28 54 28 28 59 
41 26 54 54 54 54 54 97 36 54 100 
42 55 55 128 0 0 0 0 55 127 36 128 0 0 0 0 
43 290 290 0 0 290 290 290 0 290 290 290 290 
44 36 36 36 36 36 36 36 36 36 36 0 36 36 
45 36 36 36 290 36 26 36 55 367 36 36 910 36 
46 36 36 36 36 36 128 36 36 
47 0 0 0 0 0 0 0 36 0 54 0 
48 55 23 0 100 55 0 0 0 0 0 0 0 0 
49 252 493 23 252 252 252 
51 0 0 23 0 0 26 0 0 54 20 0 0 0 
52 54 54 54 54 54 28 54 54 54 54 
53 54 26 54 54 54 54 54 54 36 54 54 
54 26 636 36 36 492 492 55 36 26 36 36 0 23 753 
55 36 36 36 0 36 36 367 36 36 36 36 36 36 36 36 36 36 
56 54 290 54 54 54 54 54 54 54 54 54 54 54 28 54 
58 16 16 16 16 16 16 16 128 124 16 16 128 16 16 128 124 
59 36 20 36 36 36 36 36 36 36 16 36 
60 36 36 59 36 36 36 36 36 36 36 36 36 
61 36 26 36 36 36 36 36 36 36 367 36 26 36 36 367 
62 54 54 54 54 54 54 54 54 54 388 54 54 54 26 
63 36 36 367 36 36 36 36 36 36 36 0 
64 308 341 341 54 341 341 36 
65 636 36 36 36 36 36 194 36 0 36 36 36 
67 54 54 54 54 26 54 54 54 54 54 0 
68 0 67 0 0 0 0 0 0 388 
69 113 54 54 54 54 54 36 28 54 54 54 
70 36 36 36 26 36 36 36 36 396 36 36 
71 36 36 36 36 36 36 36 26 54 36 36 
72 36 36 36 36 13 36 26 36 194 36 
73 124 54 124 127 16 388 
74 36 55 36 36 36 36 23 124 36 
75 36 36 388 36 36 36 36 36 36 36 36 36 
76 54 54 16 54 54 28 54 54 252 54 54 
77 54 290 54 54 54 54 54 36 54 28 54 54 
78 54 54 54 252 54 54 54 70 54 113 28 70 54 54 
79 0 0 0 0 0 0 290 0 290 0 0 0 
80 55 128 128 128 128 128 0 128 128 36 23 128 
81 23 0 0 0 290 0 0 70 127 
82 54 54 54 54 54 36 54 28 54 54 
83 23 23 23 23 23 23 23 23 36 
84 0 0 0 0 0 0 127 0 0 0 0 0 0 
85 36 286 0 0 0 0 36 290 0 0 0 
86 36 36 36 0 36 36 36 36 36 36 36 36 36 
87 54 26 5 54 54 54 28 54 54 54 54 16 54 
