0 55 228 2 113 753 55 252 55 55 55 0 55 
1 16 814 55 70 83 47 55 290 285 357 55 
2 753 55 0 16 39 55 55 128 55 0 248 252 252 
3 101 55 252 302 55 101 753 252 753 55 55 
4 54 753 388 11 55 101 101 0 285 28 55 357 
5 11 101 357 23 252 0 
6 33 2 330 39 101 101 0 0 101 55 101 247 101 753 252 101 
7 0 55 128 101 11 186 308 252 0 55 367 55 
8 36 55 74 252 248 64 101 101 753 101 55 55 11 
9 101 149 228 101 101 493 101 55 0 
10 0 0 247 330 0 187 55 247 0 307 405 23 30 
12 101 101 55 252 36 55 252 55 55 101 113 101 101 101 
13 101 101 55 55 101 55 252 30 36 101 
14 55 36 15 55 307 55 405 753 
15 252 36 55 23 101 101 520 55 101 55 
16 101 55 247 753 39 164 0 55 101 36 
17 101 39 17 55 248 30 252 28 252 252 252 101 753 753 101 30 
18 11 73 101 101 753 0 252 0 
19 11 55 39 36 307 357 36 0 753 101 247 0 753 30 753 55 
20 252 101 0 247 11 101 0 0 36 16 252 54 753 55 11 
22 330 55 101 0 252 753 101 55 54 753 105 
23 55 23 561 561 55 228 368 55 55 252 55 
24 0 55 753 0 101 11 0 11 55 252 
25 11 753 36 753 252 252 11 23 0 55 137 
26 669 128 36 74 252 101 55 248 289 101 289 124 357 161 
27 2 23 228 0 23 520 16 753 290 101 101 23 357 252 
28 55 252 101 101 101 252 391 55 55 55 137 
29 36 11 36 101 101 23 252 101 101 23 55 101 
30 109 74 11 822 101 55 101 252 194 0 26 
31 16 101 101 0 64 
32 247 101 101 101 101 11 503 357 185 67 
33 101 36 247 101 73 0 55 55 55 28 101 36 11 
34 11 753 252 39 101 101 101 55 36 55 
35 101 36 107 0 330 39 101 285 101 11 55 
36 55 0 0 11 101 101 247 101 55 101 
37 0 13 2 39 30 316 55 23 28 101 0 101 
38 30 55 285 33 101 101 101 557 357 
39 753 2 955 101 101 101 23 252 36 55 367 
40 101 101 101 36 57 
41 26 101 54 101 101 252 98 36 55 100 
42 11 11 252 0 0 248 307 55 101 520 185 307 55 357 67 
43 101 290 0 55 252 357 55 55 753 101 101 252 
44 101 101 753 16 101 55 55 55 101 0 0 753 101 
45 101 811 55 290 55 0 101 11 367 753 36 910 101 
46 55 0 101 101 101 128 307 101 
47 252 285 64 753 55 55 101 36 0 54 252 
48 11 23 0 23 55 307 0 101 753 39 55 55 0 
49 55 493 101 101 101 252 
51 11 11 23 101 101 448 55 248 54 20 55 55 137 
52 252 252 101 149 340 30 101 753 55 101 
53 101 26 557 64 101 39 101 101 36 0 185 
54 55 11 36 252 561 561 55 101 55 252 11 0 23 753 
55 101 101 23 149 372 340 367 101 101 55 55 252 36 0 247 101 55 
56 101 307 0 54 228 101 55 101 0 248 814 55 55 55 55 
58 6 247 55 23 252 11 357 640 0 0 101 23 252 55 23 520 
59 101 520 23 55 11 252 247 11 753 16 101 
60 101 252 298 55 753 247 101 39 753 55 101 55 
61 36 252 55 520 36 101 55 252 101 367 36 0 55 55 367 
62 372 101 101 0 753 0 55 753 252 553 247 101 55 26 
63 55 55 55 36 247 101 23 55 252 357 0 
64 0 341 341 55 341 101 55 
65 11 0 55 101 11 357 23 55 0 357 36 55 
67 55 55 101 16 26 101 753 252 55 55 0 
68 109 67 0 0 753 39 55 55 682 
69 23 101 0 247 23 54 36 55 520 101 101 
70 36 101 101 324 36 101 101 36 396 55 252 
71 0 36 30 101 252 330 0 753 54 11 55 
72 101 36 101 0 13 55 448 0 252 36 
73 55 54 124 127 101 497 
74 252 55 101 36 357 55 23 0 55 
75 30 101 576 55 55 55 101 0 36 55 30 101 
76 101 101 16 101 357 36 55 54 252 55 55 
77 11 510 252 54 228 55 101 36 55 36 252 0 
78 247 340 55 252 101 307 55 70 252 55 55 70 520 101 
79 55 101 101 0 0 753 252 0 101 101 0 55 
80 55 101 55 0 11 252 0 101 55 33 185 55 
81 23 247 247 101 247 228 307 70 127 
82 55 753 101 101 101 36 54 2 54 753 
83 23 23 23 101 753 101 753 55 36 
84 0 17 101 307 101 101 101 101 753 2 55 0 753 
85 36 372 101 101 0 0 23 23 285 2 0 
86 101 55 101 228 73 101 0 753 0 30 252 83 285 
87 11 11 6 330 55 101 252 307 127 753 101 16 307 
