0 23 36 36 113 36 36 36 36 36 36 36 36 
1 36 127 36 36 36 20 55 290 36 36 36 
2 0 36 0 16 0 36 0 128 0 0 0 0 0 
3 36 36 36 302 55 36 0 36 753 36 36 
4 54 54 388 55 54 54 54 0 54 28 54 54 
5 55 101 36 36 252 124 
6 54 54 54 54 54 54 54 54 54 54 54 54 54 54 54 54 
7 36 23 128 36 36 0 36 36 36 36 36 36 
8 36 36 73 371 0 36 127 36 36 36 36 36 36 
9 0 0 0 0 0 493 0 0 0 
10 0 0 0 0 0 290 0 23 0 0 0 23 28 
12 36 36 36 0 36 36 36 36 0 36 113 36 36 36 
13 36 36 23 36 36 36 252 36 36 36 
14 36 36 36 55 36 36 0 36 
15 36 36 36 36 36 36 36 36 36 36 
16 28 54 28 28 28 28 28 28 28 36 
17 0 0 0 54 0 0 36 28 36 0 0 0 0 0 0 0 
18 0 0 0 0 0 0 252 0 
19 36 36 36 36 36 36 36 36 36 36 236 36 36 36 36 36 
20 16 16 36 16 16 16 16 0 36 16 0 54 16 16 16 
22 0 0 0 0 0 0 0 0 54 0 36 
23 23 23 492 492 55 36 368 36 0 368 36 
24 0 54 0 0 0 0 0 0 0 0 
25 36 36 36 36 36 252 36 23 36 36 0 
26 113 128 36 73 36 36 36 0 0 36 36 36 36 128 
27 36 36 36 0 23 36 36 36 290 36 36 23 36 252 
28 54 54 54 54 54 54 113 54 54 54 0 
29 36 36 36 36 36 36 252 36 36 36 36 36 
30 36 0 36 113 36 36 36 36 194 0 26 
31 16 36 36 36 36 
32 36 36 36 36 36 36 434 36 23 36 
33 28 28 28 28 28 28 28 54 28 28 28 36 28 
34 36 36 252 36 36 36 36 36 36 0 
35 290 54 54 0 54 54 23 54 54 54 54 
36 55 0 0 0 0 0 0 0 0 0 
37 0 13 0 0 0 0 0 23 28 0 0 0 
38 36 36 144 36 36 36 36 0 36 
39 36 36 681 36 36 36 23 36 36 36 36 
40 36 36 36 36 59 
41 26 54 54 54 54 54 97 36 54 100 
42 55 54 36 0 0 0 0 36 127 36 23 0 0 0 0 
43 290 290 0 36 290 290 290 36 290 290 290 290 
44 36 36 36 36 36 36 36 36 36 36 0 36 36 
45 36 36 36 290 36 0 36 55 367 36 36 910 36 
46 36 36 36 36 36 128 36 36 
47 0 0 0 0 0 0 0 36 0 54 0 
48 55 23 0 36 124 0 0 0 0 0 0 0 0 
49 55 493 36 36 36 290 
51 0 0 23 0 0 26 0 0 54 20 0 0 0 
52 54 54 54 54 54 28 54 54 54 54 
53 23 26 36 36 36 36 36 36 36 36 23 
54 0 55 36 36 492 492 55 36 0 36 36 0 23 753 
55 36 36 36 0 36 36 367 36 36 36 36 36 36 36 36 36 36 
56 54 290 54 54 54 54 54 54 54 54 54 54 54 0 54 
58 16 36 36 36 36 36 36 128 36 36 36 23 36 23 23 36 
59 36 127 36 36 36 36 36 36 36 16 36 
60 36 36 59 36 36 36 36 36 36 36 36 36 
61 36 252 36 36 36 36 36 36 36 367 36 0 36 36 367 
62 54 54 54 54 54 54 54 54 54 388 54 54 54 26 
63 36 36 367 36 36 36 36 36 36 36 0 
64 308 341 341 54 341 341 36 
65 55 36 36 36 36 36 23 36 0 36 36 36 
67 54 54 54 54 26 54 54 54 54 54 0 
68 0 67 0 0 0 0 0 0 388 
69 23 54 54 54 54 54 36 23 54 54 54 
70 36 36 36 28 36 36 36 36 396 36 36 
71 36 36 36 36 36 36 36 753 54 36 36 
72 36 36 36 36 13 36 26 36 252 36 
73 36 54 124 127 36 388 
74 36 55 36 36 36 36 23 124 36 
75 36 36 388 36 36 36 36 36 36 36 36 36 
76 54 54 16 54 54 28 54 54 252 54 54 
77 54 290 54 54 54 54 54 36 54 28 54 54 
78 54 54 54 252 54 54 54 70 54 55 23 70 54 54 
79 0 36 36 36 0 36 36 36 36 36 36 36 
80 55 128 128 128 128 128 0 128 128 36 54 128 
81 23 0 0 0 23 0 0 70 127 
82 36 36 36 36 36 36 113 36 54 36 
83 23 23 23 23 23 23 23 23 36 
84 0 0 0 0 0 0 127 0 0 0 0 0 0 
85 36 36 0 0 0 0 36 23 0 0 0 
86 36 36 36 0 36 36 36 36 36 36 36 36 36 
87 36 55 5 36 55 36 36 36 127 36 36 16 36 
