0 222 36 36 113 651 36 36 36 124 36 36 36 
1 36 127 36 36 83 45 54 290 36 357 36 
2 308 36 0 16 36 36 19 128 124 0 54 36 36 
3 36 36 124 302 55 36 54 36 753 805 36 
4 54 308 388 61 36 36 36 0 54 28 36 357 
5 61 662 357 36 287 124 
6 36 36 36 36 36 36 36 36 36 222 36 36 36 753 54 36 
7 36 23 128 36 36 54 308 36 264 36 36 340 
8 36 36 74 371 54 36 127 36 36 36 36 115 36 
9 36 413 157 36 36 493 36 1016 575 
10 121 36 0 36 0 290 54 23 36 36 405 23 28 
12 36 36 36 0 36 36 19 36 161 36 113 36 36 36 
13 36 36 222 36 36 36 252 36 36 36 
14 36 36 36 54 36 36 405 36 
15 19 36 36 36 36 36 124 36 124 36 
16 36 1004 36 36 36 28 54 36 36 36 
17 36 36 19 54 54 36 36 28 36 36 36 264 36 36 36 19 
18 36 994 36 36 36 36 252 124 
19 36 36 36 36 36 357 36 36 115 36 236 36 36 36 36 36 
20 36 36 36 36 1016 36 0 0 36 16 0 54 36 340 36 
22 36 161 36 0 36 36 36 36 54 36 36 
23 222 54 561 561 362 36 368 36 54 368 36 
24 161 222 36 54 36 36 36 36 36 36 
25 36 308 36 36 36 582 36 23 36 340 115 
26 113 128 36 74 36 36 5 54 54 36 1016 124 357 161 
27 36 36 36 0 54 36 36 36 290 36 36 54 357 54 
28 222 36 36 54 36 36 391 19 36 54 115 
29 36 36 36 36 36 36 252 36 36 36 36 36 
30 1016 19 36 822 36 36 36 36 194 730 26 
31 620 36 36 36 36 
32 36 36 36 36 36 36 503 357 185 36 
33 36 36 36 36 51 54 308 54 36 28 36 36 36 
34 12 36 252 36 36 36 36 36 36 54 
35 127 36 54 0 36 36 127 54 36 54 36 
36 55 161 0 805 36 36 36 36 115 36 
37 0 13 36 40 36 54 36 23 28 36 124 36 
38 36 36 144 36 36 36 36 557 357 
39 308 36 955 36 36 36 23 36 36 36 36 
40 36 36 36 36 57 
41 371 36 54 36 36 36 98 36 36 100 
42 61 54 36 54 0 54 36 36 127 36 185 36 54 357 67 
43 127 290 0 36 36 357 36 1016 753 36 36 368 
44 36 36 36 36 36 805 36 36 264 36 0 830 36 
45 36 36 36 290 36 264 36 54 367 36 36 910 36 
46 36 36 264 19 36 128 36 36 
47 308 0 36 308 36 36 36 36 36 54 36 
48 61 23 0 36 124 36 124 36 36 40 36 1016 124 
49 55 493 36 36 36 273 
51 36 36 23 36 36 451 36 36 54 20 36 36 115 
52 19 36 36 165 340 28 36 36 36 36 
53 54 26 36 36 36 36 36 36 36 36 185 
54 54 61 36 36 561 561 362 36 54 36 36 0 23 753 
55 36 36 36 165 36 340 367 36 36 36 36 19 36 124 36 36 36 
56 36 290 36 54 157 36 5 36 36 54 36 36 36 115 36 
58 264 36 36 36 36 36 357 714 124 124 36 23 36 23 23 124 
59 36 127 36 36 36 36 36 36 36 16 36 
60 36 36 59 36 36 36 36 36 36 36 36 36 
61 36 54 36 36 36 36 36 19 36 367 36 54 36 36 54 
62 36 36 36 54 36 36 54 36 19 553 36 36 36 26 
63 36 36 54 36 36 36 36 36 36 357 0 
64 308 341 341 54 341 36 36 
65 61 36 36 36 36 357 23 36 54 357 36 36 
67 54 222 36 36 26 36 36 36 36 36 36 
68 1016 67 0 121 36 36 1016 124 682 
69 124 54 161 36 54 54 36 23 124 36 36 
70 36 36 264 264 36 36 308 36 396 36 36 
71 36 36 36 36 36 36 36 753 54 36 36 
72 36 36 36 36 13 36 451 36 252 36 
73 36 54 124 127 36 497 
74 19 55 36 36 357 124 23 124 36 
75 36 36 576 36 36 36 36 36 36 36 36 36 
76 308 36 16 36 357 36 36 54 252 36 805 
77 36 510 54 54 36 161 36 36 36 36 36 36 
78 36 340 36 582 36 36 36 70 36 55 168 70 127 36 
79 0 36 36 36 54 651 36 264 36 36 36 36 
80 484 36 124 998 36 36 0 36 54 36 185 36 
81 23 36 0 36 23 36 36 70 127 
82 36 36 36 36 36 36 54 36 54 36 
83 23 167 167 36 651 36 36 36 36 
84 0 19 36 36 36 36 127 36 36 36 36 36 36 
85 36 36 36 36 0 0 36 23 308 36 0 
86 36 124 36 157 51 36 36 36 124 36 19 83 36 
87 36 61 5 36 54 36 36 36 127 36 36 16 36 
