0 3 319 3
1 2 25 2
2 4 117 4
3 2 46 2
4 3 21 3
5 2 8 2
6 3 17 3
7 2 11 2
8 2 14 2
9 9 292 7
10 3 35 3
11 7 232 7
12 2 9 2
13 2 12 2
14 4 41 4
15 4 71 4
16 3 36 3
17 4 55 4
18 2 8 2
19 3 42 3
20 2 19 2
21 2 10 2
22 2 16 2
23 3 19 3
24 2 21 2
25 2 15 2
26 3 32 3
27 3 18 3
28 2 15 2
29 2 10 2
30 4 39 4
31 3 27 3
32 3 17 3
33 3 27 3
34 4 63 4
35 2 15 2
36 2 10 2
37 2 23 2
38 2 23 2
39 5 40 5
40 2 14 2
41 3 39 3
42 3 27 3
43 2 11 2
44 3 23 3
45 2 12 2
46 17 301 8
47 4 36 4
48 2 14 2
49 2 9 2
50 3 28 3
51 2 24 2
52 2 12 2
53 2 14 2
54 2 37 2
55 4 49 4
56 2 14 2
57 3 24 3
58 3 64 3
59 2 20 2
60 2 16 2
61 2 9 2
62 2 16 2
63 2 17 2
64 5 132 4
65 2 13 2
66 2 10 2
67 5 56 4
68 2 18 2
69 2 34 2
70 3 38 3
71 2 13 2
72 2 13 2
73 4 75 4
74 4 48 4
75 2 34 2
76 3 60 3
77 3 32 3
78 2 11 2
79 2 17 2
80 2 12 2
81 2 44 2
82 2 37 2
83 3 28 3
84 2 9 2
85 3 33 3
86 2 12 2
87 2 10 2
88 2 20 2
89 2 14 2
90 2 9 2
91 2 12 2
92 2 18 2
93 2 50 2
94 3 143 3
95 2 42 2
96 3 150 3
97 2 17 2
98 2 12 2
99 3 26 3
100 2 15 2
101 7 70 5
102 2 18 2
103 2 14 2
104 2 23 2
105 3 32 3
106 2 12 2
107 4 58 4
108 2 13 2
109 8 67 5
110 2 21 2
111 3 41 3
112 2 9 2
113 2 21 2
114 2 9 2
115 2 11 2
116 3 25 3
117 2 12 2
118 2 53 2
119 2 14 2
120 2 21 2
121 2 12 2
122 2 27 2
123 2 16 2
124 2 13 2
125 3 20 3
126 2 10 2
127 2 9 2
128 2 9 2
129 2 8 2
130 2 32 2
131 2 10 2
132 5 31 4
133 2 25 2
134 3 15 3
135 2 12 2
136 2 19 2
137 3 22 3
138 2 13 2
139 2 14 2
140 2 26 2
141 3 35 3
142 2 16 2
143 3 17 3
144 2 16 2
145 3 78 3
146 2 13 2
147 2 17 2
148 2 10 2
149 4 47 4
150 2 69 2
151 3 18 3
152 3 18 3
153 2 10 2
154 3 21 3
155 3 38 3
156 2 14 2
157 3 54 3
158 2 11 2
159 2 9 2
160 2 20 2
161 2 10 2
162 2 55 2
163 2 8 2
164 3 30 3
165 2 22 2
166 2 8 2
167 2 9 2
168 2 18 2
169 3 59 3
170 2 9 2
171 2 21 2
172 4 49 4
173 3 16 3
174 2 14 2
175 3 38 3
176 2 24 2
177 3 14 3
178 3 26 3
179 2 13 2
180 3 26 3
181 2 9 2
182 3 55 3
183 2 9 2
184 2 9 2
185 4 35 4
186 4 93 4
187 4 38 4
188 2 46 2
189 2 11 2
190 2 13 2
191 2 26 2
192 2 14 2
193 2 15 2
194 2 13 2
195 2 28 2
196 3 25 3
197 2 11 2
198 2 11 2
199 2 8 2
200 2 35 2
201 3 19 3
202 2 16 2
203 2 24 2
204 3 19 3
205 3 47 3
206 3 21 3
207 2 11 2
208 2 11 2
209 2 12 2
210 2 12 2
211 3 38 3
212 2 10 2
213 2 9 2
214 2 10 2
215 2 15 2
216 2 15 2
217 2 24 2
218 2 11 2
219 2 73 2
220 4 68 4
221 2 10 2
222 2 11 2
223 3 22 3
224 2 11 2
225 2 11 2
226 2 19 2
227 2 31 2
228 4 19 4
229 2 13 2
230 2 9 2
231 3 32 3
232 2 12 2
233 2 9 2
234 3 23 3
235 2 10 2
236 2 75 2
237 2 10 2
238 2 12 2
239 2 13 2
240 2 17 2
241 2 20 2
242 2 10 2
243 3 49 3
244 5 41 4
245 2 9 2
246 2 12 2
247 5 67 5
248 6 98 5
249 2 16 2
250 2 11 2
251 2 45 2
252 4 26 4
253 2 8 2
254 2 10 2
255 2 16 2
256 4 52 4
257 2 8 2
258 2 9 2
259 2 12 2
260 2 13 2
261 2 24 2
262 2 10 2
263 2 11 2
264 2 22 2
265 2 17 2
266 3 30 3
267 2 12 2
268 2 15 2
269 2 10 2
270 2 66 2
271 2 10 2
272 3 19 3
273 2 11 2
274 2 38 2
275 11 135 7
276 2 15 2
277 2 12 2
278 6 72 5
279 2 17 2
280 4 29 4
281 2 9 2
282 2 20 2
283 2 15 2
284 2 20 2
285 4 37 4
286 2 16 2
287 2 21 2
288 2 13 2
289 4 65 4
290 2 18 2
291 3 19 3
292 2 13 2
293 2 10 2
294 3 26 3
295 2 14 2
296 2 19 2
297 2 19 2
298 3 30 3
299 3 24 3
300 3 130 3
301 4 36 4
302 2 16 2
303 2 22 2
304 2 37 2
305 2 103 2
306 2 21 2
307 6 66 5
308 2 14 2
309 2 9 2
310 2 15 2
311 2 40 2
312 2 17 2
313 2 22 2
314 2 13 2
315 2 16 2
316 4 46 4
317 2 9 2
318 2 9 2
319 3 19 3
320 2 9 2
321 2 23 2
322 2 34 2
323 2 9 2
324 4 70 4
325 3 141 3
326 2 15 2
327 2 21 2
328 2 34 2
329 2 19 2
330 4 23 4
331 3 22 3
332 2 19 2
333 2 16 2
334 2 10 2
335 3 31 3
336 2 13 2
337 3 46 3
338 7 96 5
339 2 18 2
340 3 39 3
341 2 9 2
342 2 9 2
343 3 14 3
344 3 34 3
345 2 36 2
346 2 16 2
347 2 43 2
348 2 38 2
349 2 12 2
350 3 32 3
351 2 10 2
352 2 17 2
353 3 29 3
354 3 12 3
355 2 14 2
356 3 20 3
357 5 77 5
358 2 11 2
359 2 15 2
360 3 39 3
361 3 24 3
362 3 52 3
363 4 177 4
364 2 17 2
365 2 13 2
366 3 19 3
367 3 42 3
368 2 13 2
369 2 15 2
370 2 22 2
371 2 12 2
372 6 66 5
373 2 11 2
374 2 15 2
375 2 27 2
376 2 9 2
377 2 12 2
378 3 26 3
379 2 27 2
380 2 20 2
381 2 15 2
382 2 16 2
383 2 22 2
384 2 16 2
385 2 19 2
386 2 10 2
387 2 12 2
388 2 24 2
389 2 9 2
390 2 17 2
391 2 13 2
392 2 8 2
393 2 27 2
394 2 16 2
395 2 8 2
396 2 16 2
397 2 22 2
398 3 35 3
399 2 25 2
400 3 30 3
401 2 21 2
402 3 71 3
403 2 23 2
404 2 16 2
405 3 22 3
406 3 15 3
407 2 15 2
408 2 16 2
409 2 18 2
410 2 13 2
411 4 33 4
412 4 30 4
413 2 8 2
414 2 20 2
415 3 34 3
416 2 11 2
417 2 27 2
418 2 12 2
419 2 12 2
420 2 10 2
421 2 17 2
422 2 11 2
423 3 55 3
424 4 19 4
425 2 8 2
426 2 16 2
427 2 17 2
428 3 17 3
429 3 24 3
430 2 13 2
431 2 46 2
432 2 15 2
433 2 13 2
434 2 17 2
435 2 11 2
436 2 15 2
437 3 16 3
438 2 10 2
439 2 19 2
440 2 34 2
441 5 34 5
442 2 23 2
443 2 31 2
444 2 15 2
445 2 16 2
446 2 41 2
447 2 23 2
448 4 45 4
449 3 30 3
450 2 13 2
451 2 12 2
452 2 15 2
453 2 50 2
454 3 23 3
455 5 49 4
456 2 20 2
457 2 12 2
458 2 13 2
459 2 8 2
460 8 350 7
461 2 9 2
462 2 16 2
463 2 18 2
464 2 32 2
465 3 21 3
466 3 19 3
467 2 12 2
468 2 13 2
469 2 31 2
470 2 23 2
471 4 111 4
472 2 48 2
473 2 24 2
474 2 10 2
475 3 28 3
476 2 13 2
477 2 10 2
478 2 18 2
479 2 10 2
480 2 21 2
481 2 26 2
482 2 11 2
483 2 11 2
484 2 21 2
485 2 12 2
486 3 40 3
487 2 70 2
488 2 10 2
489 3 13 3
490 2 12 2
491 2 14 2
492 2 13 2
493 2 17 2
494 2 15 2
495 2 40 2
496 2 16 2
497 2 65 2
498 2 10 2
499 2 16 2
500 2 10 2
501 2 17 2
502 2 11 2
503 2 20 2
504 2 41 2
505 2 11 2
506 2 10 2
507 2 10 2
508 2 28 2
509 2 16 2
510 2 23 2
511 2 11 2
512 2 11 2
513 2 14 2
514 2 14 2
515 2 43 2
516 2 13 2
517 2 12 2
518 2 22 2
519 2 11 2
520 5 28 4
521 2 13 2
522 2 17 2
523 2 10 2
524 3 41 3
525 2 71 2
526 2 11 2
527 2 10 2
528 2 10 2
529 2 10 2
530 3 13 3
531 2 9 2
532 2 23 2
533 4 37 4
534 3 37 3
535 2 18 2
536 2 10 2
537 2 11 2
538 2 20 2
539 2 9 2
540 2 9 2
541 2 20 2
542 2 17 2
543 2 12 2
544 3 26 3
545 3 24 3
546 2 28 2
547 2 12 2
548 3 25 3
549 3 34 3
550 2 31 2
551 2 18 2
552 2 15 2
553 3 14 3
554 2 15 2
555 3 55 3
556 4 187 4
557 3 40 3
558 2 12 2
559 2 10 2
560 2 14 2
561 2 15 2
562 3 51 3
563 2 48 2
564 2 17 2
565 2 11 2
566 2 28 2
567 2 14 2
568 3 42 3
569 2 11 2
570 2 17 2
571 2 26 2
572 4 47 4
573 2 26 2
574 2 23 2
575 2 27 2
576 3 54 3
577 2 16 2
578 2 21 2
579 2 11 2
580 2 11 2
581 4 69 4
582 2 66 2
583 4 130 4
584 3 24 3
585 2 14 2
586 2 14 2
587 2 35 2
588 3 62 3
589 2 102 2
590 2 9 2
591 2 11 2
592 2 18 2
593 2 9 2
594 2 14 2
595 2 13 2
596 2 10 2
597 2 45 2
598 2 21 2
599 2 35 2
600 2 51 2
601 2 12 2
602 2 13 2
603 2 11 2
604 2 11 2
605 2 14 2
606 2 16 2
607 2 10 2
608 4 36 4
609 2 9 2
610 2 11 2
611 2 13 2
612 4 57 4
613 2 74 2
614 4 79 4
615 2 19 2
616 3 38 3
617 2 23 2
618 2 20 2
619 2 9 2
620 2 22 2
621 2 47 2
622 2 23 2
623 2 19 2
624 2 19 2
625 2 11 2
626 2 8 2
627 2 10 2
628 2 16 2
629 2 13 2
630 2 10 2
631 2 53 2
632 2 12 2
633 3 21 3
634 2 16 2
635 2 14 2
636 2 26 2
637 2 30 2
638 2 9 2
639 4 49 4
640 3 45 3
641 2 8 2
642 2 18 2
643 2 22 2
644 2 15 2
645 2 11 2
646 2 10 2
647 2 15 2
648 2 13 2
649 3 138 3
650 2 9 2
651 2 20 2
652 4 38 4
653 3 44 3
654 3 33 3
655 2 21 2
656 3 31 3
657 2 36 2
658 2 10 2
659 3 35 3
660 2 10 2
661 2 16 2
662 2 12 2
663 2 15 2
664 2 16 2
665 2 10 2
666 2 20 2
667 2 9 2
668 2 19 2
669 3 18 3
670 2 10 2
671 2 13 2
672 2 58 2
673 2 22 2
674 2 13 2
675 2 9 2
676 2 16 2
677 2 16 2
678 3 24 3
679 2 9 2
680 2 14 2
681 2 9 2
682 2 31 2
683 3 25 3
684 3 50 3
685 2 12 2
686 2 10 2
687 2 8 2
688 2 18 2
689 2 10 2
690 2 34 2
691 2 15 2
692 2 11 2
693 2 19 2
694 2 14 2
695 2 18 2
696 2 35 2
697 2 46 2
698 2 16 2
699 2 32 2
700 2 8 2
701 2 10 2
702 2 11 2
703 2 18 2
704 2 25 2
705 3 15 3
706 3 20 3
707 2 26 2
708 2 11 2
709 2 11 2
710 2 11 2
711 2 14 2
712 2 91 2
713 2 8 2
714 2 24 2
715 2 14 2
716 2 9 2
717 2 12 2
718 3 24 3
719 3 33 3
720 2 10 2
721 3 64 3
722 2 16 2
723 2 12 2
724 2 41 2
725 3 34 3
726 2 15 2
727 2 11 2
728 2 16 2
729 3 33 3
730 2 10 2
731 2 12 2
732 2 11 2
733 2 18 2
734 2 20 2
735 2 23 2
736 3 17 3
737 2 10 2
738 2 17 2
739 2 11 2
740 2 9 2
741 2 10 2
742 2 13 2
743 2 12 2
744 2 9 2
745 2 24 2
746 2 16 2
747 4 62 4
748 2 8 2
749 2 14 2
750 2 12 2
751 2 13 2
752 3 20 3
753 5 112 5
754 2 9 2
755 2 33 2
756 2 9 2
757 2 23 2
758 2 21 2
759 2 13 2
760 2 24 2
761 2 13 2
762 2 17 2
763 3 28 3
764 2 21 2
765 2 11 2
766 2 9 2
767 2 102 2
768 2 15 2
769 2 12 2
770 2 15 2
771 2 14 2
772 4 92 4
773 2 20 2
774 2 33 2
775 2 32 2
776 4 26 4
777 2 37 2
778 2 9 2
779 2 14 2
780 2 9 2
781 2 10 2
782 2 14 2
783 2 11 2
784 2 11 2
785 2 14 2
786 2 56 2
787 2 17 2
788 2 21 2
789 2 85 2
790 2 8 2
791 3 60 3
792 5 92 4
793 2 55 2
794 3 54 3
795 2 19 2
796 2 14 2
797 2 53 2
798 2 14 2
799 3 17 3
800 2 17 2
801 2 14 2
802 2 9 2
803 2 12 2
804 2 30 2
805 2 8 2
806 2 14 2
807 2 12 2
808 3 13 3
809 2 12 2
810 2 16 2
811 4 50 4
812 2 27 2
813 2 10 2
814 5 44 5
815 2 10 2
816 2 10 2
817 2 26 2
818 2 8 2
819 2 33 2
820 4 32 4
821 5 170 4
822 2 9 2
823 3 16 3
824 2 12 2
825 4 29 4
826 3 39 3
827 2 16 2
828 2 12 2
829 2 19 2
830 2 33 2
831 2 23 2
832 2 12 2
833 2 18 2
834 3 21 3
835 2 24 2
836 2 51 2
837 2 10 2
838 2 30 2
839 3 31 3
840 2 13 2
841 3 42 3
842 2 30 2
843 3 19 3
844 2 11 2
845 2 13 2
846 2 12 2
847 4 48 4
848 3 28 3
849 2 45 2
850 2 27 2
851 3 21 3
852 2 8 2
853 2 27 2
854 2 18 2
855 2 22 2
856 2 8 2
857 3 27 3
858 2 11 2
859 2 16 2
860 2 20 2
861 2 22 2
862 2 12 2
863 3 14 3
864 2 28 2
865 3 28 3
866 2 8 2
867 2 19 2
868 2 11 2
869 2 16 2
870 2 14 2
871 2 14 2
872 2 38 2
873 2 16 2
874 2 10 2
875 2 19 2
876 3 61 3
877 2 10 2
878 5 62 4
879 2 16 2
880 2 12 2
881 2 9 2
882 2 528 2
883 2 98 2
884 2 12 2
885 2 38 2
886 2 12 2
887 2 36 2
888 2 8 2
889 2 176 2
890 2 14 2
891 2 82 2
892 2 10 2
893 2 8 2
894 2 8 2
895 2 26 2
896 2 8 2
897 2 8 2
898 2 10 2
899 2 14 2
900 2 10 2
901 2 8 2
902 2 14 2
903 2 12 2
904 2 16 2
905 2 154 2
906 2 14 2
907 2 18 2
908 2 36 2
909 2 210 2
910 2 114 2
911 2 18 2
912 2 8 2
913 2 12 2
914 2 16 2
915 2 8 2
916 2 46 2
917 2 214 2
918 2 44 2
919 2 88 2
920 2 44 2
921 2 30 2
922 2 30 2
923 2 14 2
924 2 8 2
925 2 10 2
926 2 16 2
927 2 8 2
928 2 28 2
929 2 12 2
930 2 20 2
931 2 22 2
932 2 22 2
933 2 44 2
934 2 24 2
935 2 52 2
936 2 28 2
937 2 24 2
938 2 20 2
939 2 44 2
940 2 10 2
941 2 34 2
942 2 22 2
943 2 8 2
944 2 8 2
945 2 28 2
946 2 48 2
947 2 8 2
948 2 16 2
949 2 22 2
950 2 10 2
951 2 10 2
952 2 10 2
953 2 22 2
954 2 14 2
955 2 8 2
956 2 16 2
957 2 30 2
958 2 12 2
959 2 12 2
960 2 18 2
961 2 24 2
962 2 30 2
963 2 10 2
964 2 10 2
965 2 14 2
966 2 12 2
967 2 16 2
968 2 14 2
969 2 12 2
970 2 8 2
971 2 24 2
972 2 34 2
973 2 10 2
974 2 10 2
975 2 20 2
976 2 18 2
977 2 16 2
978 2 10 2
979 2 8 2
980 2 16 2
981 2 22 2
982 2 20 2
983 2 12 2
984 2 76 2
985 2 8 2
986 2 32 2
987 2 10 2
988 2 14 2
989 2 16 2
990 2 12 2
991 2 8 2
992 2 20 2
993 2 26 2
994 2 10 2
995 2 36 2
996 2 26 2
997 2 20 2
998 2 10 2
999 2 14 2
1000 2 10 2
1001 2 10 2
1002 2 18 2
1003 2 14 2
1004 2 48 2
1005 2 16 2
1006 2 24 2
1007 2 20 2
1008 2 10 2
1009 2 12 2
1010 2 10 2
1011 2 12 2
1012 2 18 2
1013 2 16 2
1014 2 14 2
1015 2 10 2
1016 2 12 2
1017 2 32 2