0 2
1 3
2 4
3 12
4 14
5 23
6 25
7 26
8 27
9 37
10 45
11 46
12 63
13 64
14 68
15 71
16 76
17 78
18 90
19 91
20 92
21 94
22 95
23 96
24 101
25 112
26 120
27 122
28 123
29 134
30 143
31 145
32 151
33 152
34 160
35 168
36 169
37 174
38 186
39 193
40 214
41 215
42 219
43 221
44 229
45 230
46 235
47 240
48 243
49 245
50 248
51 259
52 261
53 274
54 279
55 285
56 298
57 323
58 332
59 338
60 349
61 350
62 360
63 365
64 369
65 374
66 375
67 390
68 403
69 404
70 407
71 415
72 433
73 435
74 436
75 446
76 458
77 459
78 460
79 461
80 477
81 480
82 490
83 491
84 492
85 497
86 502
87 503
88 510
89 513
90 522
91 524
92 525
93 531
94 535
95 540
96 543
97 549
98 553
99 563
100 587
101 590
102 593
103 602
104 622
105 640
106 651
107 663
108 673
109 678
110 686
111 696
112 704
113 706
114 717
115 731
116 732
117 747
118 750
119 754
120 763
121 787
122 789
123 793
124 805
125 808
126 812
127 813
128 819
129 824
130 825
131 831
132 838
133 842
134 844
135 858
136 863
137 868
138 882
139 888
140 892
141 899
142 907
143 951
144 954
145 964
146 970
147 982
148 984
149 987
150 991
151 1000
152 1007
153 1017
154 1030
155 1031
156 1038
157 1060
158 1070
159 1085
160 1087
161 1110
162 1141
163 1150
164 1163
165 1186
166 1191
167 1199
168 1207
169 1213
170 1222
171 1256
172 1257
173 1273
174 1296
175 1299
176 1323
177 1345
178 1353
179 1356
180 1359
181 1382
182 1416
183 1419
184 1460
185 1466
186 1476
187 1478
188 1499
189 1500
190 1514
191 1520
192 1529
193 1539
194 1547
195 1552
196 1553
197 1579
198 1584
199 1646
200 1653
201 1660
202 1690
203 1700
204 1707
205 1711
206 1716
207 1722
208 1737
209 1740
210 1754
211 1756
212 1758
213 1759
214 1798
215 1799
216 1835
217 1851
218 1869
219 1877
220 1890
221 1910
222 1924
223 1932
224 1958
225 1960
226 1967
227 1976
228 1977
229 1983
230 2004
231 2009
232 2014
233 2024
234 2026
235 2027
236 2042
237 2056
238 2062
239 2064
240 2067
241 2069
242 2083
243 2086
244 2094
245 2100
246 2101
247 2114
248 2133
249 2145
250 2161
251 2185
252 2188
253 2201
254 2215
255 2234
256 2243
257 2255
258 2260
259 2263
260 2275
261 2281
262 2312
263 2318
264 2339
265 2345
266 2401
267 2405
268 2421
269 2456
270 2460
271 2489
272 2533
273 2543
274 2545
275 2548
276 2554
277 2556
278 2564
279 2574
280 2575
281 2590
282 2605
283 2609
284 2635
285 2671
286 2677
287 2683
288 2686
289 2692
290 2726
291 2737
292 2755
293 2759
294 2762
295 2785
296 2810
297 2817
298 2822
299 2836
300 2839
301 2840
302 2863
303 2872
304 2880
305 2887
306 2993
307 3013
308 3056
309 3060
310 3064
311 3080
312 3085
313 3093
314 3102
315 3110
316 3146
317 3170
318 3187
319 3188
320 3205
321 3217
322 3230
323 3242
324 3280
325 4320
326 4324
327 4336
328 4337
329 4342
330 4364
331 4368
332 4374
333 4377
334 4381
335 4410
336 4418
337 4423
338 4487
339 5522
340 5536
341 5554
342 5570
343 5575
344 5592
345 5597
346 5620
347 5624
348 5648
349 5672
350 5676
351 5729
352 5747
353 5765
354 5773
355 5788
356 5837
357 5862
358 5865
359 5868
360 5878
361 5883
362 5913
363 5925
364 5934
365 5943
366 5992
367 5999
368 6038
369 6047
370 6066
371 6074
372 6101
373 6106
374 6116
375 6128
376 6130
377 6154
378 6179
379 6180
380 6182
381 6224
382 6229
383 6240
384 6245
385 6250
386 6256
387 6259
388 6265
389 6266
390 7282
391 7308
392 7345
393 7360
394 7372
395 7375
396 7391
397 7399
398 7403
399 7409
400 7412
401 7439
402 7459
403 7484
404 7518
405 7522
406 7524
407 7525
408 7559
409 7601
410 7630
411 7634
412 7641
413 7771
414 7812
415 7838
416 7851
417 7853
418 7859
419 7887
420 7891
421 7901
422 7907
423 7937
424 7961
425 7969
426 7975
427 7999
428 8017
429 8019
430 8022
431 8034
432 8054
433 8058
434 8083
435 8084
436 8090
437 8095
438 8122
439 8126
440 8131
441 8161
442 8166
443 8170
444 8175
445 8187
446 8202
447 8226
448 8234
449 8244
450 8249
451 8251
452 8264
453 8285
454 8295
455 8311
456 8331
457 8339
458 8355
459 8389
460 8393
461 8409
462 8506
463 8512
464 8557
465 8561
466 8623
467 8680
468 8683
469 8704
470 8741
471 8753
472 8759
473 8768
474 8794
475 8814
476 8860
477 8870
478 8877
479 8880
480 8885
481 8894
482 8955
483 8966
484 9012
485 9017
486 9044
487 9059
488 9060
489 9102
490 9108
491 9156
492 9159
493 9165
494 9177
495 9221
496 9233
497 9234
498 9247
499 9264
500 9288
501 9301
502 9309
503 9424
504 9429
505 9436
506 9457
507 9463
508 9480
509 9517
510 9561
511 9639
512 9644
513 9697
514 9698
515 9760
516 9761
517 9769
518 9777
519 9785
520 9802
521 9808
522 9811
523 9847
524 9850
525 9885
526 9909
527 9929
528 9966
529 10055
530 10074
531 10087
532 10206
533 10210
534 10267
535 10275
536 10284
537 10310
538 10316
539 10319
540 10330
541 10331
542 10409
543 10411
544 10420
545 10447
546 10458
547 10475
548 10478
549 10492
550 10572
551 10610
552 10632
553 10633
554 10688
555 10699
556 10739
557 10749
558 10760
559 10849
560 10852
561 10866
562 10868
563 10914
564 10929
565 10932
566 10933
567 10958
568 10983
569 10984
570 10994
571 11000
572 11010
573 11017
574 11033
575 11044
576 11053
577 11062
578 11143
579 11179
580 11214
581 11286
582 11307
583 11327
584 11343
585 11415
586 11428
587 11429
588 11437
589 11452
590 11651
591 11652
592 11679
593 11700
594 11740
595 11755
596 11787
597 11805
598 11829
599 11842
600 11845
601 11859
602 11863
603 11883
604 11942
605 11991
606 12009
607 12025
608 12030
609 12035
610 12039
611 12048
612 12052
613 12059
614 12064
615 12089
616 12102
617 12122
618 12127
619 12159
620 12173
621 12221
622 12228
623 12254
624 12256
625 12273
626 12297
627 12305
628 12370
629 12377
630 12383
631 12448
632 12460
633 12480
634 12509
635 12516
636 12521
637 12551
638 12554
639 12564
640 12605
641 12606
642 12607
643 12677
644 12680
645 12706
646 12735
647 12768
648 12800
649 12816
650 12834
651 12855
652 12872
653 12892
654 12901
655 12944
656 12963
657 12968
658 12991
659 13028
660 13039
661 13059
662 13061
663 13083
664 13093
665 14120
666 14131
667 14139
668 14145
669 14171
670 14212
671 14254
672 14303
673 14305
674 14325
675 14339
676 14343
677 14374
678 14402
679 14412
680 14468
681 14476
682 14492
683 14497
684 14501
685 14527
686 14539
687 14546
688 14553
689 14579
690 14608
691 14643
692 14667
693 14691
694 14706
695 14742
696 14755
697 14858
698 14865
699 14888
700 14901
701 14911
702 14953
703 14992
704 14997
705 15011
706 15016
707 15023
708 15041
709 15064
710 15086
711 15094
712 15125
713 15144
714 15167
715 15172
716 15236
717 15237
718 15258
719 15271
720 15334
721 15341
722 15343
723 15364
724 15374
725 15419
726 15447
727 15469
728 15489
729 15504
730 15508
731 15521
732 15543
733 15550
734 15554
735 16587
736 16614
737 16631
738 16639
739 16643
740 16659
741 16694
742 16699
743 16706
744 16712
745 16742
746 16753
747 16771
748 16774
749 16849
750 16865
751 16988
752 17053
753 17059
754 17083
755 17084
756 17099
757 17143
758 17172
759 17183
760 17187
761 17190
762 17207
763 17217
764 17230
765 17241
766 17272
767 17321
768 17339
769 17340
770 17361
771 17374
772 17418
773 17419
774 17429
775 17451
776 17508
777 17523
778 17554
779 17559
780 17598
781 17624
782 17704
783 17787
784 17788
785 17825
786 18849
787 18877
788 18952
789 18979
790 18993
791 18996
792 19024
793 19046
794 19055
795 19077
796 19098
797 19100
798 19141
799 19172
800 19196
801 19215
802 19229
803 19256
804 19283
805 19308
806 19319
807 19326
808 19358
809 19359
810 19392
811 19413
812 19437
813 19442
814 20456
815 20520
816 20544
817 20600
818 20603
819 20684
820 20685
821 20702
822 20729
823 20735
824 20757
825 20769
826 20809
827 20844
828 20862
829 20878
830 20889
831 20898
832 20908
833 20992
834 21023
835 21052
836 21088
837 21141
838 21179
839 21201
840 21217
841 21218
842 21266
843 21275
844 21276
845 21281
846 21304
847 21372
848 21376
849 21447
850 21502
851 21540
852 21561
853 22664
854 22680
855 22705
856 22711
857 22727
858 22763
859 22770
860 22788
861 22801
862 22841
863 22845
864 22888
865 22971
866 23026
867 23045
868 23052
869 23118
870 23126
871 23166
872 23260
873 23262
874 23309
875 23331
876 23359
877 23368
878 23385
879 23386
880 23410
881 23445
882 23470
883 23480
884 23510
885 23554
886 23557
887 23567
888 23576
889 23588
890 23616
891 23640
892 23651
893 23679
894 23687
895 23698
896 23740
897 23760
898 23763
899 23774
900 23812
901 23840
902 23860
903 23889
904 23916
905 23983
906 24027
907 24031
908 24124
909 24162
910 24185
911 24203
912 24210
913 24253
914 25317
915 25319
916 25320
917 25343
918 25355
919 25366
920 25373
921 25393
922 25397
923 25437
924 25475
925 25481
926 25564
927 25630
928 25835
929 25861
930 25862
931 25906
932 25916
933 25917
934 25921
935 26014
936 26090
937 26110
938 26125
939 26168
940 26180
941 26197
942 26265
943 26280
944 26390
945 26396
946 26403
947 26413
948 26421
949 26426
950 26479
951 26498
952 26506
953 26520
954 26521
955 26597
956 26650
957 26653
958 26660
959 26675
960 26695
961 26699
962 26713
963 26736
964 26756
965 26802
966 26813
967 26828
968 26838
969 26912
970 26916
971 26926
972 26930
973 26945
974 26952
975 26978
976 26981
977 26991
978 27023
979 27054
980 27091
981 27159
982 27163
983 27211
984 27263
985 27269
986 27358
987 27364
988 27382
989 27401
990 27414
991 27416
992 27519
993 27583
994 27606
995 27619
996 27641
997 27644
998 27670
999 27767
1000 27769
1001 27790
1002 27806
1003 27807
1004 27838
1005 27899
1006 27923
1007 27959
1008 28050
1009 28089
1010 28152
1011 28158
1012 28233
1013 28255
1014 28269
1015 28288
1016 28347
1017 28445
1018 28456
1019 28462
1020 28464
1021 28479
1022 28521
1023 28558
1024 28579
1025 28580
1026 28589
1027 28596
1028 28604
1029 28665
1030 28701
1031 28742
1032 28787
1033 28799
1034 28808
1035 28836
1036 28999
1037 29011
1038 29028
1039 29049
1040 29195
1041 30228
1042 30234
1043 30383
1044 30387
1045 30389
1046 30404
1047 30419
1048 30459
1049 30501
1050 30514
1051 30533
1052 30569
1053 30571
1054 30602
1055 30607
1056 30636
1057 30680
1058 30694
1059 30714
1060 30739
1061 30782
1062 30844
1063 30856
1064 30893
1065 30942
1066 31040
1067 31049
1068 31097
1069 31112
1070 31128
1071 32186
1072 32188
1073 32248
1074 32268
1075 32285
1076 32289
1077 32367
1078 32383
1079 32421
1080 32444
1081 32452
1082 32459
1083 32470
1084 32480
1085 32495
1086 32510
1087 32511
1088 32569
1089 32632
1090 32647
1091 32651
1092 32668
1093 32683
1094 32694
1095 32703
1096 32780
1097 32793
1098 32805
1099 32813
1100 32815
1101 32832
1102 32839
1103 32840
1104 32889
1105 32936
1106 32942
1107 32948
1108 32977
1109 33038
1110 33057
1111 33103
1112 33140
1113 33217
1114 33222
1115 33244
1116 33276
1117 33408
1118 33412
1119 33464
1120 33481
1121 33530
1122 33536
1123 33548
1124 33597
1125 33613
1126 33624
1127 33681
1128 33708
1129 33745
1130 33783
1131 33871
1132 33909
1133 33937
1134 33938
1135 34018
1136 34026
1137 34069
1138 34078
1139 34106
1140 34142
1141 34156
1142 34171
1143 34195
1144 34232
1145 34243
1146 34248
1147 34276
1148 34292
1149 34330
1150 34367
1151 34369
1152 34371
1153 34418
1154 34480
1155 34513
1156 34547
1157 34552
1158 34574
1159 34597
1160 34618
1161 34657
1162 34809
1163 34877
1164 34889
1165 34911
1166 34922
1167 34925
1168 34933
1169 34962
1170 34985
1171 35081
1172 35123
1173 35185
1174 35248
1175 35275
1176 35337
1177 35392
1178 35506
1179 35525
1180 35545
1181 35638
1182 35645
1183 35681
1184 35720
1185 35769
1186 35824
1187 35884
1188 35945
1189 35979
1190 36113
1191 36123
1192 36126
1193 36144
1194 36164
1195 36166
1196 36212
1197 36221
1198 36246
1199 36248
1200 36332
1201 36336
1202 36342
1203 37404
1204 37414
1205 37416
1206 37420
1207 37440
1208 37491
1209 37529
1210 37551
1211 37591
1212 37656
1213 37663
1214 37725
1215 37769
1216 37829
1217 37869
1218 37881
1219 37882
1220 37905
1221 37916
1222 37933
1223 37957
1224 38033
1225 38043
1226 38050
1227 38151
1228 38155
1229 38158
1230 38167
1231 38178
1232 38187
1233 38221
1234 38240
1235 38262
1236 38297
1237 38310
1238 38325
1239 38347
1240 38395
1241 38402
1242 38418
1243 38488
1244 38524
1245 38536
1246 38597
1247 38604
1248 38664
1249 38679
1250 38727
1251 38738
1252 38764
1253 38768
1254 38814
1255 38823
1256 38846
1257 38881
1258 38901
1259 38903
1260 38943
1261 38970
1262 38989
1263 38990
1264 39046
1265 39052
1266 39060
1267 39062
1268 39087
1269 39131
1270 39151
1271 39197
1272 39213
1273 39214
1274 39226
1275 39232
1276 39275
1277 39301
1278 39308
1279 39324
1280 39334
1281 39335
1282 39381
1283 39396
1284 39405
1285 39406
1286 39502
1287 39549
1288 39568
1289 39569
1290 39599
1291 39650
1292 39664
1293 39690
1294 39723
1295 39748
1296 39752
1297 39774
1298 39790
1299 39811
1300 39828
1301 39829
1302 39846
1303 39850
1304 39861
1305 39875
1306 39879
1307 39910
1308 39927
1309 39934
1310 39949
1311 39960
1312 40005
1313 40058
1314 40071
1315 40113
1316 40133
1317 40223
1318 40247
1319 40249
1320 40268
1321 40269
1322 40359
1323 40360
1324 40398
1325 40421
1326 40432
1327 40489
1328 40501
1329 40591
1330 40609
1331 40706
1332 40727
1333 40733
1334 40757
1335 40770
1336 40779
1337 40790
1338 40838
1339 40852
1340 40869
1341 40988
1342 41001
1343 41054
1344 41079
1345 41132
1346 41157
1347 41159
1348 41223
1349 41243
1350 41249
1351 41274
1352 41312
1353 41471
1354 41607
1355 41652
1356 41653
1357 41677
1358 41684
1359 41694
1360 41767
1361 41807
1362 41847
1363 41857
1364 41864
1365 41896
1366 41945
1367 41973
1368 41985
1369 42047
1370 42078
1371 42176
1372 42277
1373 42297
1374 42322
1375 42335
1376 42423
1377 42484
1378 42494
1379 42547
1380 42586
1381 42593
1382 42663
1383 42828
1384 42848
1385 42870
1386 42923
1387 42938
1388 42947
1389 42948
1390 42985
1391 43036
1392 43074
1393 43111
1394 43113
1395 43145
1396 43166
1397 43181
1398 43215
1399 43217
1400 43281
1401 43363
1402 43404
1403 43433
1404 43471
1405 43502
1406 43511
1407 43553
1408 43572
1409 43593
1410 43602
1411 43661
1412 43665
1413 43731
1414 43758
1415 43926
1416 43928
1417 43967
1418 44063
1419 44125
1420 44141
1421 44150
1422 44160
1423 45218
1424 45231
1425 45323
1426 45367
1427 45386
1428 45422
1429 45470
1430 45473
1431 45494
1432 45511
1433 45535
1434 45612
1435 45767
1436 45770
1437 45848
1438 45893
1439 45911
1440 45919
1441 45928
1442 45960
1443 46078
1444 46128
1445 46154
1446 46161
1447 46179
1448 46250
1449 46295
1450 46354
1451 46393
1452 46407
1453 46422
1454 46424
1455 46455
1456 46526
1457 46542
1458 46548
1459 46610
1460 46660
1461 46713
1462 46754
1463 46764
1464 46833
1465 46854
1466 46900
1467 46943
1468 46995
1469 47010
1470 47052
1471 47057
1472 47079
1473 47104
1474 47125
1475 47161
1476 47187
1477 47204
1478 47238
1479 47257
1480 47280
1481 47298
1482 47405
1483 47410
1484 47438
1485 47445
1486 47464
1487 47496
1488 47504
1489 47521
1490 47588
1491 47636
1492 47650
1493 47723
1494 47726
1495 47774
1496 47791
1497 47815
1498 47823
1499 47836
1500 47851
1501 47889
1502 47907
1503 47912
1504 47955
1505 47985
1506 48054
1507 48194
1508 48216
1509 48225
1510 48227
1511 48242
1512 48369
1513 48386
1514 48389
1515 48411
1516 48515
1517 48518
1518 48535
1519 48585
1520 48697
1521 48717
1522 48755
1523 48771
1524 48789
1525 48812
1526 48857
1527 48862
1528 48889
1529 48893
1530 48922
1531 48949
1532 48963
1533 49008
1534 49063
1535 49073
1536 49112
1537 49152
1538 49164
1539 49211
1540 49226
1541 49243
1542 49263
1543 49335
1544 49342
1545 49381
1546 49383
1547 49401
1548 49427
1549 49442
1550 49494
1551 49521
1552 49564
1553 49646
1554 49736
1555 49751
1556 49800
1557 49888
1558 49894
1559 50093
1560 50204
1561 50215
1562 50231
1563 50249
1564 50270
1565 50275
1566 50369
1567 50446
1568 50503
1569 50549
1570 50644
1571 50649
1572 50723
1573 50746
1574 50803
1575 50881
1576 50901
1577 50913
1578 50955
1579 51024
1580 51203
1581 51223
1582 51230
1583 51246
1584 51279
1585 51280
1586 51326
1587 51366
1588 51398
1589 51432
1590 51496
1591 51531
1592 51556
1593 51571
1594 51620
1595 51723
1596 51807
1597 51848
1598 51855
1599 51877
1600 51958
1601 51983
1602 52097
1603 52113
1604 52206
1605 52212
1606 52252
1607 52262
1608 52334
1609 52349
1610 52391
1611 52448
1612 52451
1613 52455
1614 52461
1615 52471
1616 52477
1617 52517
1618 52521
1619 52539
1620 52625
1621 52637
1622 52647
1623 52672
1624 52680
1625 52682
1626 52694
1627 52739
1628 52741
1629 52754
1630 52777
1631 52791
1632 52908
1633 52916
1634 52922
1635 52978
1636 53024
1637 53146
1638 53199
1639 53215
1640 53235
1641 53298
1642 53343
1643 53375
1644 53428
1645 53429
1646 53438
1647 53447
1648 53573
1649 53588
1650 53617
1651 53649
1652 53694
1653 53797
1654 53867
1655 53883
1656 53908
1657 53947
1658 54011
1659 54050
1660 54083
1661 54096
1662 54121
1663 54127
1664 54160
1665 54175
1666 54198
1667 54217
1668 54228
1669 54254
1670 54273
1671 54328
1672 54350
1673 54365
1674 54377
1675 54385
1676 54415
1677 54471
1678 54533
1679 54546
1680 54568
1681 54619
1682 54635
1683 54678
1684 54807
1685 54838
1686 54956
1687 54976
1688 54990
1689 55127
1690 55213
1691 55283
1692 55350
1693 55390
1694 55410
1695 55452
1696 55505
