4
20
49
16
5
14
9
16
15
41
13
12
7
16
10
11
44
10
5
89
13
12
12
9
7
19
13
12
14
26
46
8
14
58
4
9
7
42
19
16
7
4
10
7
5
67
132
44
19
10
19
10
30
18
17
6
7
4
12
15
9
6
8
4
9
9
9
22
5
22
6
8
9
7
20
8
7
26
7
14
7
32
5
63
7
4
14
11
8
11
5
9
21
5
16
17
7
19
5
14
51
15
6
11
8
4
4
17
14
22
8
4
37
5
7
17
7
7
7
4
30
41
9
72
23
15
6
9
13
11
9
5
4
5
8
4
14
6
10
14
16
47
10
6
13
48
8
9
11
13
51
12
12
11
24
14
9
18
8
6
10
11
4
5
13
4
11
5
10
8
5
19
37
8
7
9
8
4
23
7
9
4
15
7
36
11
21
9
8
6
30
10
4
14
21
4
6
10
26
10
13
16
10
29
9
9
6
18
18
6
15
6
8
7
8
17
5
6
11
4
7
17
15
10
19
85
20
50
26
8
18
8
7
15
5
7
41
7
5
7
9
4
8
6
9
28
49
7
30
9
12
9
7
11
8
7
4
8
5
29
15
15
5
5
17
4
6
4
6
19
28
33
23
7
7
49
12
6
4
6
7
15
8
6
5
8
10
50
12
22
16
15
5
14
18
43
30
9
7
16
22
5
10
4
30
17
15
33
7
6
21
5
11
7
7
5
10
9
18
6
13
8
4
4
6
14
17
8
17
8
9
5
8
8
7
21
30
12
16
30
12
6
6
4
33
7
11
11
8
5
11
5
30
7
7
9
14
33
10
7
11
18
8
9
7
7
7
16
4
9
6
17
7
6
20
4
7
36
4
4
6
4
14
12
12
4
26
4
18
4
17
11
5
6
6
7
12
6
4
46
16
10
7
22
7
10
24
5
8
13
19
34
6
10
9
6
25
6
4
4
20
13
9
17
11
26
49
21
7
28
28
8
4
23
17
8
5
10
5
27
5
5
7
26
11
6
16
16
7
25
8
4
5
11
5
8
16
9
21
9
12
8
9
13
15
4
4
10
12
36
10
9
10
9
8
4
5
40
29
8
23
12
8
36
5
17
6
21
11
7
7
14
8
18
20
8
4
6
10
10
4
4
17
5
8
6
12
14
6
8
16
7
9
9
80
22
6
12
5
5
9
7
9
22
13
6
34
10
4
13
10
7
7
9
6
4
6
5
12
4
16
11
7
4
16
12
4
4
16
8
5
5
15
9
4
5
6
13
23
7
17
11
10
16
6
6
6
5
5
43
5
9
12
10
4
31
27
7
6
4
29
4
10
34
7
7
4
11
24
4
7
4
6
38
5
30
8
16
15
6
5
12
12
7
11
5
9
4
8
5
9
7
26
7
4
4
16
6
17
9
7
7
9
8
4
10
5
8
97
26
5
8
13
13
10
8
4
13
4
23
5
4
11
39
20
20
8
13
13
5
8
6
30
8
5
4
6
7
9
5
12
5
7
10
10
5
7
27
23
5
45
4
5
20
4
6
8
5
9
5
9
6
6
6
7
12
4
20
4
18
10
6
6
8
17
8
30
20
9
12
5
9
4
4
33
14
4
5
28
6
5
7
9
12
11
17
4
9
30
37
25
14
10
19
5
4
4
10
8
17
4
12
15
27
8
7
4
25
10
5
4
7
5
9
4
41
59
5
11
29
31
44
14
8
18
10
9
33
6
23
5
11
10
17
35
4
19
13
8
26
5
4
5
5
6
5
67
89
26
11
8
12
20
11
11
5
5
12
6
9
18
4
4
15
22
12
5
5
10
26
8
4
4
6
6
8
20
11
5
4
31
14
4
6
13
5
12
6
5
20
5
14
16
5
5
6
12
6
7
34
8
10
21
11
20
14
7
15
28
16
5
19
9
8
12
14
8
5
6
5
6
9
6
23
12
10
4
19
4
4
9
7
9
23
10
6
21
4
12
11
4
19
5
15
7
10
7
20
11
13
4
61
14
7
5
15
5
7
23
6
24
22
6
7
33
5
20
7
13
7
10
6
5
13
4
8
4
70
39
9
16
25
10
17
8
7
4
27
11
4
5
6
9
8
9
30
14
17
18
4
18
11
11
5
12
4
7
37
24
7
25
17
6
13
14
9
20
6
8
9
13
6
16
7
9
19
13
7
14
8
4
16
30
6
14
14
8
5
9
11
15
7
16
8
8
20
6
4
14
7
14
20
23
24
9
6
5
11
15
4
13
5
7
4
4
4
15
31
8
6
18
11
14
7
6
8
12
9
4
4
9
9
5
5
8
7
45
8
4
15
19
5
15
7
8
62
20
7
4
20
9
5
30
4
26
7
21
8
12
8
4
27
38
24
11
7
38
9
12
6
10
16
6
9
8
11
4
6
4
5
5
7
23
10
24
34
9
5
4
4
5
8
6
14
15
8
4
5
4
4
10
6
7
7
5
12
5
5
7
4
37
19
4
9
6
4
7
4
8
8
6
29
9
7
7
23
4
4
13
4
10
10
15
16
6
8
18
5
10
7
5
8
10
7
16
7
15
6
12
11
6
12
5
6
5
15
5
46
8
6
8
4
16
8
6
13
5
5
7
8
4
9
5
20
6
13
12
20
4
5
10
4
12
4
4
17
6
22
9
4
8
5
8
17
5
7
4
22
47
4
15
19
5
6
6
15
8
25
6
11
4
4
4
10
6
24
9
14
13
13
7
13
10
12
12
21
7
15
38
7
4
6
9
5
4
4
16
10
28
40
21
10
17
11
15
8
25
14
6
14
16
5
11
4
8
6
21
8
6
7
5
6
11
34
24
9
8
5
17
10
28
7
23
4
7
11
15
4
6
4
11
30
15
34
10
14
5
13
11
13
12
22
6
6
14
95
21
11
37
24
9
9
22
12
5
10
13
6
12
7
6
12
11
4
4
11
7
17
8
8
10
9
27
7
13
33
6
4
17
19
11
9
5
16
15
15
13
60
25
24
10
17
5
5
18
18
18
10
5
24
5
6
8
6
12
84
6
4
15
5
6
12
4
33
4
25
11
15
9
10
22
9
12
4
33
17
9
4
12
6
4
12
16
6
20
22
5
40
12
26
16
4
14
4
32
11
5
5
5
42
11
21
4
5
10
5
6
4
5
5
13
13
8
11
25
5
6
16
27
26
11
13
15
4
11
8
18
6
12
4
6
8
9
5
18
15
5
11
18
4
8
4
15
11
7
6
12
4
13
24
60
47
4
6
20
10
5
12
6
19
5
60
6
10
5
21
31
5
4
6
4
15
9
7
4
5
7
15
10
7
24
7
5
9
15
15
13
22
5
15
29
6
7
21
30
4
15
10
5
10
17
8
6
4
18
11
10
26
17
4
7
8
5
4
5
10
15
11
7
39
6
4
6
15
8
4
9
14
28
5
7
4
4
11
34
8
6
5
14
4
4
15
11
5
8
12
8
6
6
4
7
21
14
4
16
5
15
7
13
9
5
4
5
4
7
4
5
10
12
6
43
8
6
13
12
36
27
6
5
9
8
43
20
6
68
7
10
10
4
26
5
24
10
5
15
4
5
7
6
6
18
18
13
4
10
13
16
24
22
42
34
4
7
4
4
14
10
4
10
5
39
5
11
9
4
6
18
5
6
5
8
5
4
14
17
8
6
6
18
7
7
6
10
5
5
10
13
4
7
4
6
10
11
4
5
13
4
4
4
8
71
18
9
48
12
32
5
21
4
7
28
41
5
20
8
35
6
16
6
5
8
10
8
15
6
4
7
7
5
4
16
5
14
5
8
14
67
12
7
7
14
9
40
6
5
7
4
11
6
7
27
14
11
7
42
5
4
18
10
7
6
9
28
17
11
5
19
6
5
7
8
8
8
28
6
7
4
7
4
13
6
14
35
17
7
4
4
4
5
49
39
11
6
4
16
6
5
15
6
9
4
4
14
28
5
5
18
4
12
4
9
4
21
13
15
4
28
8
4
28
13
21
8
11
7
5
6
9
13
6
6
5
4
8
34
11
9
16
12
11
37
139
6
17
24
5
12
13
7
21
9
4
5
13
11
9
5
5
8
58
17
6
17
7
25
8
6
13
14
6
22
10
11
4
12
8
4
7
12
40
14
4
9
13
7
28
8
19
17
4
26
12
7
8
7
9
11
9
14
9
5
44
29
4
104
25
5
5
5
8
6
11
4
17
5
25
53
13
4
10
6
10
11
9
15
6
43
27
12
4
19
6
5
4
6
22
4
8
4
12
6
9
6
4
4
13
7
9
6
7
10
15
5
5
6
9
7
35
9
19
28
8
18
25
6
8
4
17
20
9
9
11
27
4
5
21
6
5
13
6
48
27
7
13
4
7
7
7
5
9
25
30
6
5
7
14
11
13
4
28
32
10
6
4
23
21
15
7
8
14
4
10
8
10
4
9
4
26
7
8
56
9
25
5
5
4
16
10
6
4
11
4
17
17
44
32
10
4
13
27
14
6
4
4
7
12
15
17
9
21
18
25
22
49
8
10
16
6
7
12
12
45
4
6
12
30
10
4
5
8
7
18
7
6
32
15
6
8
8
4
12
4
48
4
9
4
120
9
13
40
7
13
8
4
6
21
30
4
4
12
4
9
9
6
26
4
11
14
5
20
29
9
12
7
4
9
5
24
5
9
6
6
6
4
4
5
8
5
7
76
14
11
13
17
7
23
13
4
18
4
19
4
10
5
33
7
23
4
5
5
12
5
12
11
7
4
14
11
5
19
6
9
16
5
6
7
6
4
16
6
8
17
6
25
17
11
11
4
6
8
6
36
16
4
8
10
6
4
6
4
10
7
6
26
14
6
8
23
12
20
14
8
9
7
5
6
9
13
17
37
5
4
6
27
8
37
12
18
15
14
23
5
16
6
9
5
4
10
10
11
8
13
47
4
10
11
17
8
6
22
11
6
15
11
18
13
7
21
9
14
4
12
14
6
11
7
16
10
20
4
8
5
5
5
11
7
7
47
25
12
16
12
4
17
4
7
23
20
7
12
10
14
9
27
8
5
10
4
4
17
4
23
24
4
4
28
25
9
4
16
10
6
6
57
6
6
16
8
5
39
9
7
6
10
7
10
9
5
54
7
5
15
6
5
37
21
29
10
10
7
42
15
45
16
8
17
5
4
6
7
14
21
26
9
87
8
25
6
8
4
19
5
10
4
5
16
15
4
5
15
30
19
9
7
8
10
10
17
6
4
7
6
8
4
5
14
4
20
13
9
4
33
5
9
24
8
5
18
5
5
5
4
6
9
6
6
10
83
4
7
4
7
4
57
23
5
7
14
6
6
10
4
8
16
17
4
18
9
4
6
9
4
8
16
6
6
10
18
24
4
32
13
12
9
54
6
5
21
14
21
7
18
22
14
36
17
12
14
9
7
10
8
5
29
19
14
5
38
17
10
8
19
4
7
10
7
11
7
4
5
9
11
6
9
8
52
26
4
10
4
11
14
4
65
20
18
6
19
6
35
4
16
12
14
32
22
7
5
13
6
5
18
4
4
95
4
25
5
17
5
10
4
4
7
24
4
5
35
54
13
9
14
6
8
6
13
5
9
11
13
6
8
7
8
12
8
8
4
8
7
4
9
27
32
46
32
15
9
4
6
14
6
18
6
4
6
5
7
43
7
22
13
4
5
19
4
4
4
8
4
4
20
7
4
34
14
5
8
13
5
31
10
12
13
12
14
35
7
5
4
4
5
8
8
10
6
76
26
10
5
4
7
4
13
84
5
38
82
8
45
29
8
9
37
215
13
12
4
4
11
7
8
7
18
5
4
8
4
10
41
15
50
8
4
11
8
88
86
16
35
4
7
17
5
6
9
19
6
6
26
5
5
10
5
5
7
6
7
5
13
13
9
19
4
8
8
4
5
4
5
7
4
9
20
9
4
4
6
6
10
27
46
18
4
32
8
5
8
5
8
13
6
7
5
7
4
27
23
18
13
19
53
6
4
7
9
42
46
5
5
18
12
13
10
26
9
6
9
7
7
5
29
4
121
7
43
14
17
26
16
15
6
5
4
8
17
15
8
9
16
8
17
6
6
5
26
10
14
11
5
7
19
7
7
4
8
10
22
5
12
6
6
17
46
12
4
10
8
7
6
29
140
18
32
24
13
21
7
6
13
6
5
9
7
10
5
14
9
9
5
16
31
42
24
7
23
9
51
29
4
31
11
5
17
7
5
23
8
5
11
5
7
4
144
19
10
47
4
6
9
5
5
4
6
7
97
19
4
4
6
5
6
5
18
10
12
15
18
174
9
14
13
7
40
34
11
11
16
4
5
6
14
6
11
4
8
6
4
12
4
11
7
6
8
4
16
11
6
44
6
9
27
9
6
7
5
21
25
65
32
11
17
5
7
4
4
4
43
11
22
4
16
9
11
13
4
6
6
4
9
7
30
5
32
17
5
10
5
8
6
6
8
17
5
9
7
9
9
10
11
6
4
11
9
8
5
16
8
18
21
8
14
47
6
24
26
16
5
20
8
5
11
7
9
11
22
123
4
5
20
18
29
20
89
31
165
33
27
30
5
13
4
9
4
4
5
11
4
10
9
20
5
7
8
10
12
8
4
25
10
4
31
5
10
4
9
5
4
20
76
11
8
8
13
5
33
7
12
6
41
5
4
29
6
5
7
44
6
6
15
5
9
9
5
5
10
18
5
5
4
5
6
35
7
14
6
37
27
6
9
106
11
54
5
34
20
8
5
33
23
11
8
5
5
13
41
5
5
8
16
5
5
6
51
6
8
8
6
6
5
19
16
12
5
8
6
44
17
13
4
11
6
4
6
15
74
32
80
31
9
4
4
4
22
6
4
38
5
8
4
11
7
4
28
33
7
12
4
8
4
8
6
18
25
9
18
6
4
30
12
7
4
40
5
4
4
17
8
6
4
18
9
7
18
9
79
8
5
11
5
9
6
11
4
7
19
59
10
11
10
15
9
4
5
11
14
33
30
7
5
33
8
6
9
33
6
10
35
15
5
17
7
8
4
61
20
7
4
5
11
5
40
8
32
9
16
5
6
45
23
9
5
13
10
5
7
5
6
7
23
9
12
9
8
12
8
4
8
73
14
10
62
27
8
92
20
8
13
8
11
26
5
5
11
13
4
8
26
6
7
37
6
12
4
22
22
11
24
4
6
9
7
10
11
10
32
8
20
4
7
6
7
39
4
32
94
24
11
10
60
98
11
31
12
7
6
18
5
8
5
13
4
15
4
20
5
6
4
11
8
9
4
31
4
7
4
5
9
6
35
60
7
28
23
13
15
6
5
15
6
34
10
8
7
19
4
6
96
29
4
6
51
11
34
15
37
5
5
16
36
6
23
18
6
7
12
5
4
11
15
14
5
7
6
17
35
16
16
23
4
12
27
19
7
22
30
9
5
5
6
4
15
6
4
12
5
11
5
51
30
6
5
178
19
16
137
16
7
15
27
6
6
13
5
22
5
32
4
6
4
5
21
80
70
224
23
92
23
45
21
21
14
17
12
9
10
4
24
13
5
26
7
7
6
9
44
28
40
18
19
4
7
7
19
7
8
4
13
4
56
5
9
12
9
4
5
9
4
36
9
4
5
5
160
67
8
14
6
30
8
47
61
5
15
16
6
33
11
9
69
8
9
24
6
10
14
14
6
11
5
31
13
11
45
12
25
95
5
6
7
22
8
36
13
24
5
26
54
17
8
24
14
4
36
4
4
16
58
4
64
52
38
12
29
5
5
11
9
12
30
5
11
6
56
11
15
6
5
4
7
10
54
11
14
37
6
5
7
5
14
11
5
27
15
29
6
46
5
7
7
7
7
25
12
20
34
4
7
8
4
16
5
11
21
33
14
5
25
41
7
16
5
7
10
4
4
5
5
83
139
24
46
5
97
20
5
7
40
5
7
6
57
56
18
4
9
8
18
5
9
7
90
9
6
7
40
9
35
28
9
7
17
6
11
5
8
4
21
6
5
8
4
11
8
5
26
74
28
11
5
6
143
72
25
47
21
11
4
4
8
15
5
28
4
12
27
11
7
19
4
10
4
64
25
10
4
52
19
11
39
16
34
19
4
16
5
6
125
74
36
16
30
7
99
10
98
25
28
22
50
11
13
13
6
5
5
12
5
4
9
4
6
28
68
7
122
21
7
33
30
68
7
20
18
6
18
56
7
23
10
35
16
7
10
13
64
6
27
35
5
20
6
8
10
18
16
130
6
19
67
5
65
21
47
33
18
10
4
5
9
49
27
5
51
4
39
11
8
9
7
5
6
4
12
8
4
34
21
4
7
4
11
4
4
10
8
4
7
4
35
7
14
4
18
23
4
9
9
28
22
6
13
15
8
4
9
5
13
8
10
17
6
4
15
22
4
6
6
15
6
6
4
10
6
7
75
15
30
17
20
10
93
15
17
7
4
5
4
7
24
8
19
55
51
16
8
19
43
13
37
10
4
11
4
4
10
5
39
6
10
5
30
6
35
58
10
4
5
46
98
8
15
26
25
10
9
5
7
4
6
14
8
10
36
35
7
10
5
6
8
5
4
32
12
11
4
28
15
125
13
4
7
35
32
19
8
10
5
5
7
6
6
5
13
11
4
6
13
12
4
24
22
25
38
47
26
6
10
5
10
5
7
158
44
11
31
5
12
7
7
6
90
19
48
70
44
6
26
70
73
5
4
4
4
10
4
24
9
7
10
171
84
51
16
4
16
9
89
288
34
4
7
43
61
11
31
8
15
21
16
5
4
28
6
4
10
4
11
47
10
12
8
4
27
12
38
12
7
5
112
21
37
47
17
8
4
6
23
10
4
10
9
100
47
31
54
16
19
57
4
4
11
10
29
52
6
11
29
8
5
4
8
4
5
15
9
11
4
34
7
6
4
4
5
7
40
13
4
16
6
97
23
5
8
57
13
24
10
6
6
15
4
23
37
6
4
17
49
14
124
75
61
38
32
26
18
12
12
8
30
20
6
8
4
8
5
7
4
29
16
34
53
17
31
27
11
91
6
4
9
10
6
37
19
8
4
5
7
12
15
6
13
21
11
22
11
6
4
5
16
12
25
18
5
64
60
7
4
4
16
19
58
9
4
8
146
4
4
4
16
22
17
6
13
10
4
6
8
14
4
89
10
61
48
24
13
6
11
4
70
22
9
29
12
7
8
16
11
9
8
34
6
43
14
4
24
25
52
5
12
20
49
11
9
19
12
21
8
23
24
10
6
4
10
5
5
4
5
12
6
13
6
4
5
10
20
67
37
10
4
4
31
7
71
29
58
9
28
4
10
6
9
22
6
6
7
7
13
10
28
6
16
21
20
33
11
69
35
17
37
89
29
10
9
4
45
5
12
5
4
10
83
27
33
13
24
7
6
7
4
25
10
8
53
5
39
21
4
9
4
5
7
82
18
16
23
7
7
8
15
46
14
13
14
4
8
44
8
42
31
49
67
62
54
4
4
16
5
4
4
4
25
13
12
22
6
60
12
46
8
97
21
7
4
68
11
73
21
11
54
13
11
28
6
7
6
16
7
4
7
4
8
10
46
18
14
6
8
5
