0 16
1 20
2 31
3 68
4 1385
5 8063
6 5
7 12
8 49
9 4935
10 18
11 120
12 26454
13 103
14 577
15 2917
16 8
17 45
18 54
19 62
20 9
21 35
22 43
23 90
24 1722
25 4404
26 46
27 135
28 850
29 85
30 510
31 63
32 104
33 13
34 771
35 1020
36 3207
37 3353
38 66
39 72
40 4444
41 88
42 55
43 91
44 97
45 26
46 375
47 732
48 841
49 1113
50 2283
51 4310
52 4624
53 5004
54 5144
55 5142
56 6633
57 8898
58 9964
59 17535
60 74
61 64
62 84
63 504
64 6605
65 128
66 57
67 8393
68 466
69 892
70 3453
71 65
72 115
73 118
74 131
75 1511
76 71
77 125
78 204
79 96
80 26786
81 106
82 906
83 6568
84 12773
85 4277
86 119
87 121
88 332
89 351
90 8341
91 89
92 126
93 3559
94 114
95 113
96 22
97 124
98 480
99 4615
100 22205
101 1569
102 158
103 546
104 1005
105 95
106 527
107 1074
108 2395
109 73
110 180
111 13274
112 11883
113 2673
114 2270
115 8104
116 139
117 5179
118 512
119 2422
120 380
121 1212
122 412
123 182
124 1401
125 78
126 25553
127 129
128 143
129 105
130 2423
131 112
132 3008
133 713
134 11447
135 521
136 169
137 566
138 12376
139 12110
140 8193
141 21290
142 15901
143 1420
144 1217
145 16878
146 195
147 183
148 185
149 187
150 218
151 223
152 199
153 16237
154 208
155 622
156 2845
157 184
158 217
159 171
160 742
161 1883
162 12543
163 8049
164 3710
165 1436
166 256
167 24858
168 1761
169 579
170 1396
171 278
172 245
173 53
174 4346
175 130
176 675
177 309
178 168
179 323
180 4086
181 4584
182 338
183 12641
184 6489
185 23314
186 982
187 272
188 353
189 486
190 148
191 876
192 371
193 426
194 1324
195 3202
196 1008
197 1110
198 19392
199 404
200 386
201 409
202 17660
203 447
204 1857
205 1933
206 445
207 524
208 25349
209 659
210 10058
211 517
212 561
213 58
214 532
215 1600
216 453
217 25614
218 476
219 477
220 1369
221 1229
222 470
223 531
224 543
225 550
226 186
227 724
228 100
229 569
230 570
231 582
232 592
233 967
234 201
235 607
236 1571
237 601
238 36090
239 619
240 580
241 1504
242 1870
243 628
244 526
245 4225
246 179
247 17519
248 11828
249 11813
250 664
251 669
252 3683
253 1049
254 3957
255 3571
256 668
257 3116
258 4078
259 588
260 739
261 1594
262 19449
263 686
264 679
265 642
266 700
267 698
268 565
269 707
270 15491
271 507
272 2606
273 1170
274 785
275 780
276 776
277 778
278 490
279 3583
280 790
281 791
282 13135
283 1196
284 756
285 1285
286 879
287 246
288 1823
289 4989
290 4089
291 692
292 6936
293 1018
294 21849
295 835
296 1368
297 2587
298 2834
299 853
300 837
301 881
302 883
303 282
304 953
305 956
306 836
307 845
308 690
309 869
310 3891
311 15291
312 852
313 890
314 873
315 1400
316 358
317 995
318 5196
319 2196
320 4374
321 1078
322 1336
323 740
324 1377
325 893
326 913
327 899
328 921
329 936
330 695
331 770
332 3095
333 782
334 414
335 1811
336 965
337 8438
338 1164
339 10142
340 976
341 2350
342 2461
343 994
344 8139
345 13055
346 961
347 12432
348 576
349 1072
350 3396
351 2848
352 3260
353 950
354 1817
355 16773
356 1614
357 438
358 1091
359 536
360 1096
361 8099
362 1092
363 3619
364 1124
365 11533
366 1089
367 2830
368 1636
369 3186
370 4876
371 1146
372 1127
373 2732
374 945
375 1121
376 1153
377 29667
378 102
379 1193
380 618
381 2121
382 1204
383 1144
384 1503
385 19407
386 1126
387 1223
388 3675
389 1262
390 4682
391 725
392 1290
393 943
394 2417
395 1288
396 1198
397 99
398 1307
399 1955
400 13359
401 1573
402 5088
403 22801
404 36856
405 682
406 1351
407 2872
408 999
409 2446
410 3785
411 4182
412 1387
413 1427
414 1462
415 1432
416 2983
417 22908
418 3821
419 3696
420 4052
421 27029
422 1451
423 19381
424 1493
425 12204
426 1515
427 1633
428 2616
429 4189
430 8451
431 1006
432 1487
433 3242
434 3584
435 11764
436 1587
437 1592
438 1598
439 1009
440 18897
441 1623
442 1624
443 1629
444 17208
445 1599
446 1438
447 1632
448 1545
449 1642
450 2404
451 1681
452 13517
453 16562
454 4591
455 4542
456 1979
457 2526
458 1718
459 1723
460 666
461 1737
462 32750
463 2142
464 3058
465 1756
466 12865
467 1762
468 1764
469 15
470 1429
471 2777
472 1704
473 1375
474 1800
475 1795
476 8426
477 23953
478 1802
479 1807
480 1833
481 13366
482 7013
483 22613
484 12639
485 2020
486 3097
487 1814
488 4781
489 1856
490 1873
491 1887
492 1326
493 5061
494 14745
495 8355
496 27130
497 1000
498 8412
499 1968
500 1320
501 1973
502 6380
503 1895
504 825
505 1829
506 2028
507 2375
508 17888
509 17193
510 4738
511 12767
512 2139
513 2039
514 2305
515 2671
516 3606
517 6527
518 2055
519 21312
520 904
521 38798
522 2075
523 3669
524 15554
525 2119
526 21338
527 2127
528 2132
529 2144
530 2596
531 2138
532 1937
533 2104
534 4804
535 1730
536 3638
537 2163
538 2156
539 12838
540 27140
541 2140
542 3158
543 11488
544 20821
545 24891
546 1242
547 2486
548 2290
549 2957
550 2783
551 2310
552 2236
553 2251
554 2332
555 2339
556 2794
557 2361
558 12050
559 2420
560 2439
561 2429
562 8256
563 6990
564 2435
565 13538
566 23510
567 2890
568 15897
569 4601
570 2483
571 2517
572 2813
573 2568
574 20931
575 2535
576 2488
577 421
578 2717
579 8756
580 13021
581 27618
582 26063
583 2682
584 2161
585 2750
586 2885
587 3164
588 2684
589 5092
590 14722
591 4968
592 6924
593 2709
594 11945
595 454
596 992
597 2307
598 11501
599 2900
600 3682
601 23998
602 1003
603 33710
604 2912
605 2932
606 14775
607 3000
608 1318
609 4945
610 2960
611 21824
612 28675
613 21213
614 3198
615 11861
616 6721
617 2975
618 456
619 13386
620 3139
621 3142
622 3204
623 3205
624 4951
625 4222
626 3749
627 3700
628 6974
629 10215
630 12563
631 13361
632 1945
633 8485
634 3328
635 3372
636 3415
637 6641
638 16112
639 3464
640 8030
641 3336
642 1343
643 32576
644 3521
645 6250
646 3532
647 3698
648 3714
649 10229
650 3719
651 4748
652 3257
653 3798
654 3587
655 3776
656 6405
657 3160
658 3870
659 3603
660 3845
661 1674
662 15089
663 3865
664 3868
665 3838
666 3971
667 3978
668 3992
669 3177
670 3881
671 3691
672 1160
673 13450
674 4390
675 17846
676 2833
677 4044
678 4135
679 14914
680 21117
681 4058
682 1233
683 4066
684 4081
685 4122
686 39216
687 4197
688 15152
689 4216
690 22904
691 37350
692 3121
693 4267
694 3887
695 4369
696 1581
697 4290
698 4398
699 8612
700 4387
701 4440
702 4448
703 4451
704 4495
705 2676
706 4330
707 1261
708 4520
709 4207
710 2425
711 11921
712 3704
713 4530
714 4553
715 3882
716 4474
717 4556
718 4619
719 4127
720 4654
721 3808
722 4506
723 4593
724 4753
725 4760
726 4768
727 2545
728 4788
729 1443
730 4437
731 25801
732 4833
733 4901
734 4870
735 4913
736 4919
737 4937
738 5037
739 4940
740 4895
741 4957
742 4960
743 4984
744 927
745 3871
746 1773
747 5060
748 5066
749 5084
750 5167
751 5096
752 5097
753 3650
754 4803
755 30
756 15835
757 5220
758 5227
759 5229
760 4742
761 6257
762 6635
763 6291
764 6303
765 6328
766 3327
767 4904
768 6383
769 6503
770 3076
771 4977
772 6521
773 6552
774 6545
775 6437
776 6475
777 6588
778 6622
779 6623
780 19318
781 6640
782 2204
783 6643
784 6651
785 15625
786 6712
787 10191
788 4545
789 3011
790 32075
791 6761
792 11553
793 6857
794 6872
795 6873
796 6598
797 5001
798 3083
799 12802
800 6968
801 6940
802 6445
803 6922
804 4090
805 12051
806 8036
807 8417
808 20965
809 4622
810 8086
811 5239
812 8108
813 8146
814 8171
815 16413
816 8142
817 8147
818 8185
819 8342
820 6941
821 8366
822 8372
823 8389
824 5162
825 8427
826 11777
827 10239
828 4923
829 8500
830 8909
831 12626
832 8512
833 8518
834 8814
835 8537
836 22220
837 37609
838 6918
839 8597
840 11685
841 6468
842 10028
843 8633
844 8638
845 8698
846 11544
847 8707
848 17119
849 3866
850 4475
851 8769
852 8897
853 8925
854 8929
855 8281
856 8858
857 8935
858 10045
859 10053
860 12654
861 9957
862 10056
863 10068
864 8820
865 10096
866 26186
867 33251
868 10100
869 22449
870 10115
871 2280
872 10141
873 25505
874 6978
875 10196
876 10204
877 3085
878 10250
879 4715
880 4611
881 9985
882 10301
883 10311
884 10315
885 10325
886 10332
887 10356
888 31027
889 8660
890 11397
891 11398
892 10346
893 8303
894 10320
895 1469
896 11499
897 11574
898 11585
899 23708
900 8309
901 8796
902 11674
903 3259
904 6985
905 11720
906 6500
907 11706
908 903
909 5110
910 4282
911 4063
912 21300
913 11824
914 8599
915 11974
916 12013
917 2084
918 17525
919 12014
920 12015
921 1172
922 12012
923 12084
924 3674
925 8854
926 11442
927 12304
928 12323
929 15188
930 12415
931 12327
932 12280
933 12364
934 12375
935 12379
936 12463
937 8672
938 12585
939 8596
940 12595
941 3496
942 8563
943 12645
944 16537
945 12387
946 12353
947 12220
948 6723
949 4790
950 12036
951 12811
952 11500
953 12851
954 12925
955 12616
956 12979
957 12981
958 12446
959 12972
960 12998
961 12999
962 13005
963 13006
964 10257
965 13023
966 13034
967 13058
968 13062
969 12892
970 13056
971 8351
972 10300
973 6889
974 13162
975 6812
976 13251
977 12360
978 13544
979 13493
980 8581
981 13499
982 14616
983 22981
984 13247
985 6530
986 19239
987 14611
988 14613
989 14625
990 14632
991 4600
992 14760
993 13404
994 13405
995 8811
996 14964
997 17671
998 14982
999 18972
1000 15012
1001 15602
1002 15023
1003 13543
1004 15151
1005 37688
1006 17858
1007 24657
1008 15007
1009 3576
1010 15273
1011 14741
1012 1885
1013 15356
1014 12705
1015 15394
1016 19686
1017 8296
1018 12386
1019 15132
1020 14709
1021 13565
1022 15483
1023 21755
1024 15438
1025 14570
1026 6970
1027 8236
1028 15200
1029 15595
1030 16120
1031 11805
1032 15261
1033 29094
1034 15678
1035 15689
1036 15813
1037 15301
1038 6729
1039 15766
1040 15769
1041 13145
1042 15787
1043 3647
1044 1791
1045 14718
1046 15937
1047 18968
1048 15193
1049 12800
1050 14587
1051 24779
1052 15878
1053 16137
1054 4853
1055 16219
1056 13158
1057 16255
1058 16259
1059 16287
1060 16302
1061 15799
1062 16306
1063 16329
1064 16418
1065 12656
1066 16498
1067 16501
1068 16509
1069 28587
1070 13360
1071 3254
1072 13306
1073 1392
1074 11734
1075 16511
1076 16574
1077 16151
1078 16692
1079 15094
1080 4428
1081 25049
1082 16952
1083 16011
1084 1748
1085 17030
1086 12760
1087 6353
1088 14601
1089 17138
1090 15856
1091 12035
1092 16379
1093 16157
1094 17332
1095 17325
1096 13326
1097 15498
1098 17326
1099 23447
1100 17407
1101 15500
1102 17440
1103 16784
1104 17510
1105 17504
1106 17486
1107 17636
1108 17591
1109 17601
1110 17609
1111 17712
1112 17507
1113 17382
1114 18911
1115 1445
1116 17852
1117 12613
1118 16335
1119 19015
1120 16622
1121 26446
1122 19050
1123 16933
1124 19064
1125 19071
1126 16103
1127 19144
1128 17772
1129 19178
1130 19180
1131 251
1132 19209
1133 17186
1134 17620
1135 19241
1136 19260
1137 15700
1138 17729
1139 19325
1140 19336
1141 19334
1142 19347
1143 31422
1144 19397
1145 12344
1146 19466
1147 6378
1148 19526
1149 6607
1150 4138
1151 19562
1152 19594
1153 26252
1154 19635
1155 16951
1156 19696
1157 19700
1158 19176
1159 19561
1160 2924
1161 19742
1162 18955
1163 17544
1164 17718
1165 20874
1166 20882
1167 19246
1168 17474
1169 20956
1170 21394
1171 22813
1172 20997
1173 21016
1174 12536
1175 21032
1176 5119
1177 4690
1178 10228
1179 22975
1180 8380
1181 5151
1182 21134
1183 21138
1184 12815
1185 21365
1186 4909
1187 21266
1188 23466
1189 17318
1190 34656
1191 2510
1192 21396
1193 14778
1194 26250
1195 21420
1196 21425
1197 21245
1198 8226
1199 15113
1200 21451
1201 21453
1202 21464
1203 21477
1204 21491
1205 21494
1206 12858
1207 19384
1208 4832
1209 2551
1210 21625
1211 4417
1212 20807
1213 21466
1214 19545
1215 16786
1216 15849
1217 22212
1218 15355
1219 8753
1220 17083
1221 21773
1222 21802
1223 21634
1224 22018
1225 22028
1226 22024
1227 21546
1228 22061
1229 21940
1230 2071
1231 21981
1232 22122
1233 19699
1234 22166
1235 21618
1236 22232
1237 21330
1238 22040
1239 22444
1240 22490
1241 21912
1242 20859
1243 22547
1244 22591
1245 21851
1246 22605
1247 22614
1248 22634
1249 22665
1250 13518
1251 13015
1252 21467
1253 16782
1254 22274
1255 22855
1256 22405
1257 959
1258 22933
1259 22978
1260 23025
1261 23002
1262 22949
1263 23187
1264 23188
1265 22039
1266 22957
1267 23217
1268 22944
1269 25491
1270 23192
1271 8103
1272 14928
1273 23397
1274 22501
1275 23473
1276 23487
1277 23489
1278 23499
1279 23585
1280 23591
1281 23629
1282 23683
1283 23695
1284 23712
1285 23776
1286 23802
1287 23797
1288 6327
1289 23912
1290 24194
1291 24205
1292 4481
1293 23620
1294 24209
1295 23645
1296 24234
1297 24278
1298 24300
1299 26426
1300 24301
1301 24303
1302 16549
1303 24316
1304 24322
1305 24324
1306 23180
1307 32551
1308 12990
1309 16202
1310 24368
1311 23960
1312 11778
1313 5117
1314 24528
1315 24500
1316 24573
1317 15620
1318 26500
1319 17579
1320 16355
1321 15405
1322 21591
1323 24801
1324 24464
1325 24900
1326 24902
1327 10027
1328 22252
1329 24930
1330 25411
1331 12030
1332 24941
1333 24969
1334 25030
1335 16714
1336 25087
1337 24523
1338 17687
1339 15450
1340 23661
1341 3391
1342 23890
1343 9943
1344 25233
1345 25241
1346 25245
1347 17451
1348 25257
1349 2445
1350 25315
1351 19711
1352 25343
1353 25344
1354 25358
1355 25394
1356 24901
1357 25482
1358 25567
1359 25295
1360 24937
1361 16201
1362 25717
1363 6746
1364 25780
1365 25814
1366 23345
1367 32031
1368 25841
1369 22536
1370 23073
1371 25872
1372 25854
1373 25769
1374 25931
1375 25935
1376 6961
1377 25917
1378 25904
1379 26012
1380 26014
1381 26021
1382 26034
1383 26031
1384 26073
1385 26084
1386 26091
1387 26096
1388 8840
1389 26119
1390 26132
1391 6362
1392 21600
1393 21437
1394 79
1395 15677
1396 26174
1397 22660
1398 25903
1399 33563
1400 26281
1401 13229
1402 8315
1403 26353
1404 26361
1405 16555
1406 26415
1407 26448
1408 26373
1409 26447
1410 26470
1411 26472
1412 26487
1413 26568
1414 24603
1415 26492
1416 26563
1417 26588
1418 17686
1419 26605
1420 25487
1421 26718
1422 26709
1423 23764
1424 24804
1425 26852
1426 26859
1427 19204
1428 26948
1429 26960
1430 26968
1431 27030
1432 27026
1433 25028
1434 27118
1435 16640
1436 27157
1437 12189
1438 27247
1439 5012
1440 3804
1441 22319
1442 27312
1443 32373
1444 27265
1445 17426
1446 27432
1447 26467
1448 17887
1449 27537
1450 27480
1451 12434
1452 22868
1453 26518
1454 27605
1455 27612
1456 22326
1457 21523
1458 3936
1459 26479
1460 15212
1461 15544
1462 26736
1463 8616
1464 27942
1465 17080
1466 27958
1467 27967
1468 17817
1469 19495
1470 28054
1471 28088
1472 28057
1473 27377
1474 21278
1475 28092
1476 17768
1477 28185
1478 28171
1479 32528
1480 33274
1481 21368
1482 28436
1483 27791
1484 16683
1485 26747
1486 17292
1487 28642
1488 3973
1489 25732
1490 15056
1491 28841
1492 12355
1493 28053
1494 28886
1495 28122
1496 28942
1497 25797
1498 27773
1499 22291
1500 17674
1501 29217
1502 28932
1503 29229
1504 17804
1505 29243
1506 28963
1507 16903
1508 28662
1509 29262
1510 25690
1511 29385
1512 29398
1513 12924
1514 29433
1515 29318
1516 29790
1517 2433
1518 29797
1519 29800
1520 30841
1521 30848
1522 30994
1523 15180
1524 31021
1525 1350
1526 28600
1527 31041
1528 31124
1529 31071
1530 33565
1531 31127
1532 31130
1533 27019
1534 24931
1535 26925
1536 31285
1537 31289
1538 31292
1539 31435
1540 31448
1541 31542
1542 17761
1543 31552
1544 31565
1545 28559
1546 31561
1547 31578
1548 31460
1549 23839
1550 24178
1551 26459
1552 31743
1553 14911
1554 428
1555 28651
1556 32015
1557 32024
1558 32016
1559 24087
1560 32029
1561 32092
1562 29486
1563 32039
1564 22181
1565 22828
1566 32055
1567 13203
1568 32121
1569 8611
1570 24512
1571 32133
1572 22046
1573 21962
1574 32227
1575 31393
1576 31876
1577 32369
1578 26516
1579 32134
1580 32389
1581 12805
1582 26686
1583 30963
1584 23991
1585 32429
1586 32506
1587 32522
1588 19423
1589 32531
1590 12579
1591 32567
1592 26017
1593 32580
1594 32589
1595 32615
1596 32630
1597 29720
1598 32635
1599 32648
1600 27427
1601 32702
1602 31548
1603 21089
1604 31234
1605 16888
1606 32809
1607 32819
1608 32355
1609 32855
1610 32893
1611 24367
1612 32903
1613 33007
1614 13040
1615 28234
1616 33062
1617 33088
1618 33089
1619 10095
1620 25549
1621 33143
1622 33217
1623 33224
1624 25590
1625 32525
1626 33382
1627 3945
1628 4494
1629 24310
1630 13175
1631 34605
1632 33393
1633 33378
1634 21524
1635 33410
1636 33415
1637 33429
1638 12053
1639 33538
1640 33597
1641 31682
1642 33601
1643 33644
1644 33756
1645 32209
1646 33423
1647 13039
1648 13327
1649 4251
1650 34492
1651 34197
1652 33855
1653 33878
1654 33962
1655 33881
1656 33933
1657 32818
1658 33930
1659 33958
1660 19106
1661 34001
1662 25004
1663 23870
1664 34106
1665 34142
1666 34157
1667 8057
1668 34097
1669 26895
1670 18963
1671 34288
1672 26133
1673 34311
1674 34318
1675 33842
1676 33611
1677 34371
1678 34380
1679 25649
1680 34428
1681 34439
1682 26883
1683 11703
1684 26510
1685 33747
1686 26571
1687 6647
1688 5150
1689 34663
1690 34670
1691 33625
1692 34457
1693 31281
1694 26410
1695 34782
1696 34826
1697 1997
1698 8350
1699 35884
1700 31555
1701 35906
1702 29505
1703 36062
1704 19519
1705 34259
1706 34117
1707 36240
1708 36270
1709 36314
1710 36336
1711 36377
1712 31722
1713 32340
1714 36448
1715 4886
1716 34823
1717 14999
1718 22083
1719 17027
1720 36136
1721 22729
1722 36490
1723 33008
1724 38548
1725 960
1726 33405
1727 36932
1728 36933
1729 31806
1730 28566
1731 8742
1732 28672
1733 6338
1734 36708
1735 25560
1736 37219
1737 2135
1738 37270
1739 27508
1740 31990
1741 32206
1742 37285
1743 37348
1744 38607
1745 35969
1746 37531
1747 1308
1748 1615
1749 27668
1750 37689
1751 37695
1752 33245
1753 37710
1754 16506
1755 19186
1756 27354
1757 37866
1758 37814
1759 37889
1760 25557
1761 33148
1762 25244
1763 37945
1764 27105
1765 32737
1766 36215
1767 38059
1768 28850
1769 38064
1770 38107
1771 38123
1772 38133
1773 38207
1774 20927
1775 31756
1776 38312
1777 37897
1778 24538
1779 29768
1780 1754
1781 1860
1782 25277
1783 19279
1784 38480
1785 33270
1786 38529
1787 32715
1788 1657
1789 38652
1790 38421
1791 33734
1792 38825
1793 38854
1794 38649
1795 25390
1796 10317
1797 38968
1798 24439
1799 34552
1800 34033
1801 38974
1802 21946
1803 13315
1804 16770
1805 17684
1806 38358
1807 37453
1808 39126
1809 25384
1810 39186
1811 4447
1812 29806
1813 21888
1814 26086
1815 39261
1816 4724
1817 39268
1818 40325
1819 40336
1820 38309
1821 40373
1822 17545
1823 40578
1824 22119
1825 40601
1826 34359
1827 40615
1828 40447
1829 14952
1830 40840
1831 28957
1832 37530
1833 20892
1834 21743
1835 41040
1836 24363
1837 41085
