0 507 136 507 507 507 66 507 507 507 507 507 507 507 
1 507 507 507 507 507 507 507 507 507 507 507 16 507 1388 507 
2 507 507 507 507 507 507 507 507 507 507 507 507 507 507 507 507 
3 55 55 55 55 55 55 55 55 55 115 55 55 55 55 
4 55 55 55 55 55 55 55 55 55 55 55 55 55 157 
5 166 312 166 166 166 166 55 47 166 166 166 166 166 166 
6 507 436 47 436 436 489 436 436 1219 136 436 16 436 436 436 436 
7 136 136 136 136 537 1320 136 333 6 136 136 136 
8 507 507 507 507 507 507 507 262 507 507 507 507 66 507 507 507 507 
9 507 507 507 507 1234 507 507 
10 55 55 55 55 55 55 55 55 55 55 55 55 55 
11 135 16 16 166 16 16 16 16 16 16 16 16 16 16 
12 16 16 16 16 16 16 16 16 16 16 16 16 
13 55 55 16 55 55 55 55 55 55 55 55 55 55 489 115 
14 55 55 55 1118 2598 55 2644 55 58 1776 1234 55 55 55 34 55 55 
15 507 507 594 507 507 507 507 507 507 507 
16 507 507 507 507 507 507 507 507 507 507 507 507 507 507 507 507 507 
17 507 507 507 507 507 507 507 507 507 507 507 1574 507 507 507 507 
18 136 529 136 136 136 136 1877 136 136 136 136 136 189 136 
19 55 55 55 55 55 55 165 55 55 573 55 55 55 55 55 
20 507 507 507 507 507 507 129 507 507 507 2458 507 507 507 507 
21 115 115 115 912 115 115 115 66 115 115 115 115 115 135 115 115 
22 55 165 507 55 55 55 55 55 55 55 55 55 55 55 55 55 2033 55 
23 55 55 55 157 55 55 55 471 55 55 55 157 55 23 55 55 55 55 
24 507 507 507 507 507 507 507 507 507 224 507 1632 507 507 
25 138 16 16 16 166 16 16 16 16 16 16 16 16 16 
26 115 115 115 115 115 165 115 115 115 115 115 115 55 115 
27 507 507 507 507 507 507 507 507 507 507 507 507 507 507 507 
28 55 55 55 55 55 9 
29 16 16 16 16 16 16 16 16 189 16 16 16 
30 823 6 6 6 6 6 6 552 6 6 6 
31 6 507 507 1713 507 507 507 507 507 507 507 507 653 507 507 507 507 
32 115 115 77 115 115 115 115 115 77 115 115 1977 489 115 115 115 115 115 1108 
33 507 507 507 507 507 507 507 507 507 507 507 507 507 507 507 
34 507 507 507 507 507 507 507 507 507 507 507 507 
35 55 55 55 55 55 115 55 34 55 55 55 55 55 
36 55 6 52 55 55 157 55 55 55 55 55 55 55 55 
37 66 66 66 66 66 157 66 66 66 66 66 66 66 66 66 66 66 
38 115 115 344 115 115 115 115 115 115 115 115 115 115 115 115 115 
39 6 507 507 507 507 507 507 507 507 507 507 507 507 507 507 507 507 
40 55 55 55 55 55 281 55 115 55 55 55 
41 507 507 72 507 507 507 507 507 507 507 6 507 507 507 
42 507 507 507 507 507 507 448 507 507 507 507 507 507 6 507 
43 6 6 136 198 6 6 6 507 6 6 6 6 6 6 6 
44 507 507 507 507 507 507 507 507 507 507 77 507 507 507 507 507 
45 66 66 66 507 537 601 66 66 66 66 66 312 66 507 507 66 
46 507 507 507 507 507 507 507 507 507 507 507 507 507 507 507 
47 135 135 135 135 135 16 135 135 135 135 135 37 135 
48 55 55 55 55 55 55 55 55 55 55 55 
49 55 55 55 55 55 55 55 55 55 55 55 
50 507 1581 507 507 52 507 507 507 507 507 507 507 507 507 
51 507 507 507 507 507 507 507 507 1824 507 507 507 507 507 16 
52 507 507 507 507 507 1632 507 507 507 507 507 507 507 507 507 507 507 507 507 507 
53 507 507 507 98 507 507 507 1234 507 507 573 507 507 507 507 
54 507 507 507 507 507 507 507 507 507 507 507 507 507 507 507 
55 507 507 66 507 507 507 507 507 507 507 507 507 507 507 507 
56 507 507 507 573 507 77 
57 55 55 55 55 55 55 55 55 55 55 55 
58 507 6 1026 507 507 507 507 507 929 507 507 507 507 507 507 507 
59 58 55 1718 55 55 55 55 55 489 55 55 
60 135 135 135 135 25 135 135 135 135 166 135 312 135 135 489 135 135 
61 507 507 507 507 507 507 507 507 507 1946 16 507 2210 507 507 
62 507 507 507 507 507 507 507 507 1906 507 507 507 507 507 507 507 
63 507 507 507 98 524 42 507 507 1833 507 507 507 507 507 507 507 
64 507 507 2319 234 507 507 507 507 507 507 507 507 16 507 312 
65 16 507 507 1118 507 507 507 507 507 507 507 507 
66 55 1577 55 55 55 55 55 55 1994 55 55 1877 55 34 55 55 157 
67 507 507 507 507 507 507 6 42 507 507 507 507 507 507 
68 507 507 507 507 507 507 507 507 507 507 507 507 507 507 507 
69 507 312 507 507 507 507 507 507 507 507 1632 507 532 
70 507 507 507 507 507 
71 507 312 507 507 507 507 507 1320 507 507 507 507 507 507 507 507 
72 507 507 507 507 507 507 507 507 507 507 507 507 507 507 507 507 507 507 
73 66 66 66 66 66 66 66 66 66 66 507 66 66 66 66 66 
74 507 507 507 507 66 507 507 507 507 507 507 
75 507 507 507 507 507 344 507 507 507 507 507 507 507 507 507 507 
76 507 507 507 507 507 507 507 507 6 507 507 507 507 507 507 507 507 507 
77 55 55 55 73 55 98 55 55 157 55 55 55 166 55 55 55 55 55 
78 507 507 507 6 507 507 960 507 507 507 507 507 507 507 
79 1282 16 507 507 507 6 507 507 507 507 507 507 507 507 507 507 507 
80 136 136 136 136 136 136 136 136 436 136 6 39 136 136 136 136 
81 115 115 115 115 115 55 115 55 115 115 115 115 115 
82 507 507 507 507 507 507 507 507 507 507 507 507 507 6 507 166 
83 55 55 37 55 55 55 52 42 77 55 55 55 55 55 
84 55 55 55 55 52 55 55 55 55 55 55 55 489 55 55 55 55 55 55 
85 507 507 507 507 72 507 507 507 507 507 507 507 507 507 
86 507 42 42 42 25 42 42 42 42 42 42 42 42 42 42 
87 55 55 39 55 55 55 55 55 55 115 55 55 55 55 55 55 165 
88 507 507 507 507 507 507 507 507 507 507 507 507 507 507 507 507 
89 2430 55 115 55 55 55 55 55 55 55 55 55 34 55 55 55 
91 507 507 16 507 507 507 507 507 507 
92 55 55 2001 55 705 55 705 55 55 55 55 55 
93 507 507 507 507 507 507 507 507 507 507 507 507 507 507 507 42 507 507 507 
94 507 16 507 507 507 507 507 507 224 507 507 507 924 507 507 
95 507 507 507 1388 507 507 507 507 507 507 507 507 507 1977 507 42 
96 507 507 507 507 507 507 507 507 507 507 507 507 135 507 507 507 507 
97 136 136 136 136 34 136 136 136 136 136 2598 136 136 
98 55 55 55 55 55 1989 1977 55 55 55 1615 55 55 
99 507 507 507 507 507 507 507 507 507 6 507 507 115 507 507 507 507 507 
100 66 507 507 2246 66 1242 2381 66 66 66 66 66 66 55 
101 55 55 55 55 55 55 55 55 55 55 55 1654 55 1219 
102 55 55 55 55 55 55 55 55 55 55 207 55 55 55 
103 136 136 136 541 55 136 136 136 136 766 136 136 136 
104 507 507 2001 507 507 507 507 507 166 507 507 507 507 507 507 
105 16 16 16 16 16 16 16 16 16 16 16 16 16 16 16 
106 16 16 436 16 16 16 
107 42 166 42 42 42 42 42 42 507 42 42 133 42 42 42 42 42 
108 55 55 55 55 55 55 55 55 55 55 55 
109 507 98 507 507 507 507 507 507 507 507 47 507 507 507 507 507 507 
110 55 55 55 55 55 55 55 55 9 55 55 55 55 55 55 55 55 55 
111 507 507 507 507 312 507 507 507 507 66 601 507 507 596 507 507 507 507 
112 312 507 129 507 507 507 1197 507 507 507 507 344 507 507 507 
113 136 136 136 136 136 136 136 136 136 136 136 136 136 136 
114 507 507 507 507 507 507 507 507 507 507 507 16 507 6 
115 507 6 507 507 537 507 507 507 507 507 1654 507 507 507 507 507 507 507 489 
116 6 6 6 6 6 507 6 6 6 6 6 6 
117 507 507 507 507 507 507 230 507 507 507 507 507 507 
118 55 55 55 55 191 55 55 55 55 55 55 55 55 55 55 55 55 
119 507 507 507 166 165 507 507 1013 507 507 507 507 507 507 507 507 
120 507 507 507 507 507 507 507 507 507 507 507 507 507 507 
121 16 16 16 16 16 16 42 16 16 16 16 16 16 
122 55 55 55 55 55 165 55 2598 55 115 55 55 
123 507 507 507 507 507 507 2622 507 507 507 507 507 507 
124 1977 507 507 507 6 507 6 507 54 507 98 
125 55 55 55 55 55 55 55 16 55 55 55 55 55 55 
126 16 875 55 55 166 55 55 55 55 55 136 55 55 55 
127 507 507 507 507 507 16 436 507 507 507 507 507 489 
128 6 6 6 6 6 6 6 6 6 6 6 6 6 166 6 6 
129 507 507 507 507 507 507 6 507 507 507 507 507 507 507 507 507 66 507 
130 312 507 507 66 507 507 833 507 507 507 507 507 507 507 507 66 
131 507 507 507 507 507 827 436 42 227 507 507 507 507 507 507 507 
132 136 136 136 136 136 136 136 
133 115 115 115 115 115 115 115 344 
134 507 507 507 507 1824 507 507 507 507 2001 507 507 507 507 507 312 
135 507 507 507 507 507 507 507 507 344 507 507 
136 507 507 507 507 507 507 507 507 507 507 507 507 507 507 507 507 
137 136 136 136 42 136 165 136 136 136 
138 507 507 507 135 66 507 2210 507 52 507 507 507 507 47 507 507 507 
139 66 66 66 66 2001 66 47 66 66 66 66 66 66 66 
140 115 115 507 115 115 115 115 115 55 115 115 
141 507 507 507 507 507 507 507 507 507 507 507 507 507 
142 507 507 507 507 507 507 507 507 507 507 30 507 507 507 507 1718 55 507 
143 507 507 52 507 507 507 507 507 507 507 507 507 507 
144 507 507 507 507 507 507 507 507 507 507 507 507 507 507 
145 16 16 16 55 16 16 41 16 16 16 16 16 16 16 16 16 16 16 16 
146 507 507 507 507 507 507 301 507 507 507 507 507 
147 55 55 55 55 55 55 55 55 55 55 55 
148 507 344 507 436 507 507 507 507 507 507 507 507 507 507 507 
149 136 507 136 2598 157 136 25 136 136 136 136 136 136 
150 115 55 55 55 55 55 55 55 55 55 231 55 55 55 55 55 55 
151 344 507 507 507 507 507 52 507 507 507 507 507 507 507 507 507 507 
152 507 25 507 507 507 507 312 507 507 507 507 507 507 448 
153 55 55 55 55 16 55 2218 55 55 55 55 55 115 55 55 
154 507 507 312 507 507 507 507 507 507 507 507 507 507 507 507 507 
155 507 165 507 507 507 507 507 507 507 507 507 507 507 1118 507 507 507 
156 507 507 507 507 507 507 507 507 507 507 507 507 
157 55 55 55 55 55 55 55 55 55 55 157 55 55 55 524 115 
158 507 507 507 507 507 507 507 507 507 507 507 
159 507 507 507 507 507 507 507 507 507 507 507 507 
160 42 42 42 42 42 42 42 42 42 42 42 42 42 42 42 42 
161 16 16 16 16 16 16 16 16 16 16 16 16 16 16 
162 507 1768 6 507 507 507 507 507 6 507 507 507 55 507 507 507 507 
163 55 55 55 6 55 55 55 55 55 507 562 55 55 
164 16 66 55 55 55 166 55 55 55 55 157 55 1478 55 55 55 
165 507 507 507 312 507 507 507 507 6 507 507 507 507 34 507 
166 507 507 507 507 507 537 507 98 507 507 507 507 165 
167 16 16 16 16 16 16 16 16 16 16 16 166 16 16 16 16 
168 66 66 312 66 66 66 66 66 66 66 66 66 66 66 
169 507 507 507 507 507 507 507 507 951 507 507 507 507 507 
170 436 507 507 507 507 507 507 507 507 507 507 507 
171 507 507 507 507 507 507 507 507 507 507 
172 507 507 507 507 507 507 507 507 507 42 507 507 507 507 
173 507 507 507 507 507 66 312 507 507 507 507 507 507 507 507 66 507 
174 55 55 55 55 55 55 55 55 55 55 55 55 55 55 55 55 55 
175 2729 507 507 507 1320 507 507 507 507 507 507 507 507 507 507 507 507 
176 507 507 507 507 507 507 507 507 507 6 100 507 
177 115 115 115 115 115 115 115 115 115 115 115 114 66 55 115 115 55 
178 55 55 55 55 55 55 55 55 55 55 55 55 55 55 55 198 55 
179 42 42 42 42 507 42 42 312 42 42 42 42 42 42 
180 16 16 16 16 16 16 16 16 16 16 16 16 450 1786 
181 507 507 344 507 507 507 507 507 507 507 507 507 
182 507 507 507 507 507 507 507 507 507 797 507 
183 507 507 507 507 507 507 507 507 507 1126 507 507 6 507 507 507 507 16 
184 6 66 507 507 507 507 507 507 507 
185 157 157 157 42 157 55 157 157 1009 157 157 157 312 157 157 157 
186 16 16 16 16 16 16 16 16 16 16 16 16 16 
187 115 115 115 115 115 52 115 115 115 115 115 115 344 
188 227 507 507 507 507 507 507 507 507 507 507 507 
189 2599 507 25 507 507 507 507 507 507 507 507 507 
190 16 16 16 16 16 16 166 16 16 16 16 115 16 16 
191 55 55 1877 55 72 55 55 42 55 55 55 55 507 157 
192 507 507 507 507 507 507 507 507 507 42 507 507 
193 507 507 507 507 507 507 114 507 507 219 507 166 6 507 507 
194 135 66 66 66 66 66 66 507 66 436 66 66 
195 135 135 135 135 52 16 135 135 135 135 135 
196 166 166 166 344 166 166 166 16 166 166 166 166 166 166 166 16 
197 6 507 507 507 507 507 507 507 507 507 507 507 507 507 507 
198 16 573 16 16 16 16 16 16 16 16 16 16 16 16 16 23 166 16 
199 136 136 136 136 136 136 136 136 136 136 136 136 136 136 
200 115 115 115 115 115 6 115 115 115 115 115 115 115 2693 115 115 
201 16 16 16 16 16 16 16 16 16 16 16 16 16 16 
202 34 34 34 34 34 55 34 34 34 34 34 34 34 34 
203 55 55 55 55 55 55 55 55 136 55 55 55 
204 436 507 436 436 436 436 436 436 436 436 436 436 436 
205 55 55 55 55 55 55 82 55 55 55 55 55 55 55 55 55 55 115 55 
206 2218 55 55 55 55 55 55 39 55 55 55 55 55 55 55 55 
207 507 507 507 507 507 507 507 507 507 507 507 507 
208 507 507 507 507 507 507 507 507 507 507 507 507 507 
209 115 135 115 115 115 115 115 115 115 115 55 115 115 157 
210 55 55 55 55 55 55 55 231 34 55 55 55 55 
211 136 66 136 136 136 2033 136 136 136 136 136 136 136 136 136 136 
212 507 507 507 507 507 507 507 1977 507 507 507 507 507 507 507 507 507 507 507 
213 507 507 507 507 507 1833 507 507 2001 507 507 507 
214 16 16 16 157 16 16 507 16 16 16 16 16 16 16 16 16 
215 507 507 507 507 507 507 507 507 507 507 507 165 6 507 
216 66 115 115 115 115 115 115 115 115 115 115 115 115 115 115 
217 507 653 507 507 507 507 507 507 507 507 507 507 507 507 507 507 507 507 
218 30 66 66 66 66 66 66 507 823 66 66 436 
219 2629 507 507 507 507 507 507 507 507 507 507 
220 507 507 507 507 507 507 507 507 507 507 507 507 507 529 507 
221 507 507 507 507 507 507 507 507 157 42 6 136 507 507 6 507 18 114 507 
222 507 507 507 52 448 507 507 507 507 507 507 507 507 6 507 507 507 
223 55 55 55 55 55 55 55 1501 55 72 55 55 2315 
224 507 507 98 507 507 507 16 6 507 507 507 507 573 507 507 1977 507 507 
225 507 507 507 507 507 507 507 507 1718 507 507 507 507 507 507 507 
226 55 55 16 55 2598 573 98 55 1592 312 55 55 
227 55 34 34 34 34 34 34 34 34 34 66 34 34 34 34 
228 115 115 115 115 115 115 115 115 115 115 115 115 115 115 
229 55 55 55 55 55 55 55 55 55 55 55 55 55 
230 507 507 507 507 52 507 507 507 507 507 507 507 507 507 507 
231 507 507 507 507 507 157 507 507 507 507 507 507 507 507 
232 2292 507 507 507 507 507 507 507 507 
233 507 507 507 507 507 66 507 507 1833 507 507 507 507 507 507 
234 66 66 66 66 157 66 66 66 66 66 66 66 66 507 66 
235 507 507 507 507 507 507 507 507 507 507 311 507 507 
236 507 507 1977 507 507 507 507 507 507 507 507 
237 507 52 507 507 507 507 507 507 507 507 507 507 507 507 507 507 2629 507 
238 55 55 55 55 55 55 55 2496 2644 115 55 55 55 55 55 
239 507 507 507 507 507 507 114 507 507 507 2597 98 
240 507 66 507 507 507 507 507 507 507 507 1013 507 507 507 507 507 224 
241 507 507 507 507 507 507 507 1824 507 507 
242 507 507 507 507 507 507 507 507 507 507 507 507 507 507 189 507 507 
243 115 115 115 115 115 115 115 115 115 115 115 115 115 
244 507 66 2001 507 66 507 507 2292 507 507 507 507 507 507 507 507 507 
245 34 34 34 34 34 34 34 
246 507 507 507 507 85 507 507 507 507 507 507 507 507 507 507 
247 55 55 39 55 1320 55 55 55 
248 507 507 507 507 2218 507 507 507 6 507 507 66 507 
249 507 507 507 507 66 507 2496 507 507 507 507 507 507 507 507 507 507 
250 507 507 507 507 507 507 507 507 507 507 507 507 312 507 507 135 507 507 
251 16 16 16 34 16 16 16 16 16 16 16 16 16 
252 507 507 507 234 507 234 507 507 507 507 507 507 507 507 507 507 507 
253 507 507 507 507 507 42 507 507 529 507 507 507 
254 899 115 115 507 115 115 115 115 66 115 115 115 115 115 115 115 
255 115 2033 489 489 489 489 489 489 489 489 489 
256 507 507 507 507 507 507 262 601 507 507 507 507 507 
257 507 312 507 507 507 507 507 507 507 507 
258 55 1701 55 55 55 55 55 55 55 166 55 55 55 55 
259 55 55 55 55 55 55 55 55 55 55 55 55 47 55 
260 1026 507 507 1768 507 507 507 507 23 507 507 507 66 507 
261 115 115 115 115 115 136 115 115 115 115 115 115 55 115 55 115 115 
262 507 507 507 507 507 507 507 507 507 507 507 573 507 507 507 
263 66 66 66 66 66 66 66 66 25 66 66 507 66 66 66 66 66 
264 507 6 42 507 507 136 507 507 507 507 507 47 
265 157 157 66 157 157 157 157 157 157 157 
266 507 507 507 507 507 507 234 507 1776 507 507 507 507 507 507 
267 344 344 16 16 16 16 16 16 16 16 16 16 16 16 
268 55 55 55 55 115 55 55 225 55 55 55 333 
269 507 507 507 507 623 507 778 507 507 507 507 507 507 507 507 
270 16 16 16 16 16 16 16 16 16 16 16 16 16 16 47 16 16 
271 55 55 55 55 1654 55 55 55 55 55 55 55 55 165 55 55 55 55 55 
272 115 115 115 115 115 115 115 115 115 115 115 115 115 115 115 
273 507 507 507 507 507 507 507 507 507 507 507 507 507 507 507 
274 507 507 6 507 507 507 507 507 6 507 507 507 507 507 507 100 507 507 
275 507 507 507 507 6 507 507 507 507 507 507 507 
276 507 507 312 507 507 507 507 1977 507 
277 507 507 507 507 129 507 507 507 507 1833 507 507 507 507 
278 507 507 507 507 507 1197 507 507 507 507 507 507 507 507 507 
279 66 507 507 507 507 507 507 507 
280 66 66 66 66 66 66 66 66 66 66 66 66 66 66 66 66 
281 507 507 507 507 6 507 16 507 507 507 507 507 6 507 507 507 507 
282 507 507 507 507 507 507 507 507 507 507 507 507 507 
283 507 507 507 507 38 6 507 507 189 507 507 507 507 1204 
284 507 507 507 507 507 66 507 6 507 507 507 507 1098 507 507 
285 507 507 507 507 507 507 507 507 507 507 507 507 507 
286 507 25 541 507 507 507 507 30 507 507 507 507 151 507 507 507 
287 507 507 1339 507 507 507 507 507 507 507 507 507 507 507 
288 115 115 115 115 115 115 115 115 115 115 6 55 
289 55 55 55 52 55 55 55 157 55 55 55 55 2001 55 55 55 
290 507 507 507 507 507 507 507 507 507 623 507 507 507 507 55 507 507 42 507 
291 507 507 1118 507 507 507 507 507 507 507 507 507 23 507 507 507 507 507 
292 489 489 489 489 489 489 489 489 489 489 489 489 489 
293 55 55 766 55 55 55 55 55 55 55 1118 55 55 55 55 1320 55 55 55 
294 55 55 115 55 55 55 55 55 198 55 55 55 
295 507 507 507 507 507 507 507 507 507 507 507 507 507 
296 55 55 55 55 55 55 165 115 55 55 55 55 913 55 
297 115 115 55 55 115 115 115 115 115 115 115 115 55 157 115 115 
298 66 507 507 507 507 52 507 507 507 507 6 507 507 507 507 507 507 507 507 507 
299 66 66 66 66 66 507 66 66 489 66 66 
300 198 16 16 16 135 16 16 16 16 198 16 507 16 
301 507 507 507 507 507 507 507 507 16 507 507 507 507 507 507 
302 507 507 507 507 507 507 507 507 507 507 448 507 507 
303 157 42 157 136 157 157 157 157 157 1977 157 157 157 157 157 
304 6 6 6 6 6 6 6 6 6 6 6 
305 42 42 42 42 42 42 42 42 42 42 42 42 42 66 42 42 
306 507 507 36 507 507 507 993 507 507 507 507 507 507 507 507 507 507 507 507 
307 507 507 507 507 507 507 507 507 507 507 507 507 166 507 
308 55 55 55 55 55 55 55 55 55 55 55 55 
309 507 507 507 507 507 507 507 507 100 507 507 507 52 507 520 507 507 312 
310 507 507 507 507 507 507 507 507 507 507 507 507 507 507 507 
311 507 507 507 507 507 
312 507 507 507 507 507 507 507 507 507 507 507 312 507 507 507 507 
313 55 55 55 55 55 55 55 55 55 55 55 55 
314 55 55 55 55 52 55 55 55 55 55 55 55 55 39 55 55 
315 55 55 55 52 55 766 913 55 55 55 55 55 198 
316 507 507 507 507 507 507 507 507 507 507 507 507 507 
317 166 16 166 135 166 166 166 166 166 166 166 166 312 166 166 166 166 166 
318 507 507 507 507 507 507 25 507 507 507 66 507 507 2001 507 
319 55 55 55 115 55 55 52 55 55 55 115 55 
320 507 507 507 1234 507 507 2098 507 
321 507 507 507 507 507 507 507 507 507 507 507 507 
322 507 507 507 507 507 1320 507 507 507 507 507 507 507 507 
323 55 55 55 55 55 55 55 55 55 55 55 
324 507 507 507 1320 66 507 507 507 507 16 507 507 507 
325 507 344 25 507 507 135 507 166 507 52 1519 507 507 799 507 450 
326 55 115 115 115 115 115 115 115 115 115 115 115 115 115 115 115 115 
327 507 507 507 25 507 507 507 507 507 507 507 507 115 507 507 
328 72 55 55 55 55 55 55 55 55 115 55 55 55 55 55 
329 507 507 507 507 1399 507 507 507 507 507 507 507 507 507 
330 507 507 507 507 507 507 507 507 507 507 1717 16 507 507 507 507 507 
331 136 136 136 136 136 136 136 136 136 136 136 136 136 136 136 
332 55 115 55 55 2644 55 55 55 55 115 55 55 55 55 55 55 
333 507 507 507 507 507 507 42 25 135 507 507 507 507 507 507 507 507 
334 115 115 115 115 115 115 115 135 115 115 55 
335 507 507 1118 507 507 507 507 507 507 507 507 507 507 507 507 507 
336 1977 507 507 507 507 507 507 507 507 507 507 
337 507 507 507 507 54 507 436 507 507 507 1519 507 1977 507 507 
338 55 55 55 55 55 55 136 55 55 55 55 55 55 55 55 55 55 
339 115 115 115 115 115 115 115 115 115 115 115 115 115 115 115 115 115 115 
340 489 489 55 489 489 489 489 47 489 489 489 489 47 489 489 489 
341 16 16 23 34 16 52 16 16 16 16 16 16 16 16 16 16 
342 151 507 507 507 507 507 115 507 507 507 507 42 
343 55 55 55 55 55 55 55 55 55 55 55 55 55 55 55 55 
344 55 55 55 55 312 55 55 55 55 55 55 136 55 312 166 55 
345 507 507 507 135 507 507 507 507 507 507 507 507 507 507 507 507 507 
346 115 115 115 115 115 115 115 115 
347 507 507 507 507 507 209 507 507 507 507 507 2001 1198 507 507 507 
348 55 55 55 55 55 165 55 55 55 55 55 55 55 115 
349 55 115 55 55 55 312 55 55 115 369 55 55 55 55 55 55 55 
350 312 507 507 507 507 507 507 507 507 507 507 507 42 507 
351 16 16 16 16 16 157 450 16 16 16 16 16 16 189 16 16 16 
352 55 55 55 55 55 55 448 55 55 55 55 55 
353 507 507 507 507 507 507 507 507 507 507 6 507 507 507 
354 507 507 507 507 6 507 2218 42 507 507 507 507 507 
355 16 16 16 166 16 16 16 16 16 16 16 16 
356 55 55 2267 55 1713 55 55 55 55 55 55 55 55 
357 507 507 507 507 55 507 507 507 507 507 507 507 507 507 507 507 507 
358 2213 55 55 55 55 55 594 55 55 55 55 55 55 55 55 
359 16 16 16 16 16 16 16 312 6 16 16 16 16 
360 55 55 39 55 761 55 55 55 55 55 55 55 55 55 
361 587 6 1977 507 507 507 507 507 507 507 507 507 507 507 
362 507 448 507 507 507 507 507 507 507 507 507 507 507 1581 507 507 
363 507 507 507 507 507 507 507 507 507 507 507 507 507 507 
364 55 112 55 55 55 52 55 507 166 55 55 55 55 
365 115 115 115 42 115 115 2693 115 115 115 115 115 115 
366 507 507 507 507 507 507 507 507 507 507 507 507 507 507 507 507 507 
367 507 507 123 507 507 1718 507 507 507 507 507 507 2597 
368 136 66 507 507 507 507 507 507 344 507 507 
369 16 16 16 875 16 16 16 16 16 16 16 16 16 16 16 
370 55 55 55 55 55 55 55 55 55 55 55 55 115 55 55 
371 115 115 115 115 115 115 25 115 115 115 115 115 115 115 6 115 115 115 
372 55 55 165 55 55 55 55 55 55 55 55 55 55 55 55 55 55 
373 66 115 66 66 66 436 66 66 66 66 66 66 66 66 
374 1197 507 507 507 507 507 507 507 507 1197 507 
375 16 16 16 16 16 16 16 16 16 16 16 16 16 16 16 16 16 16 
376 66 66 2346 909 66 507 66 66 66 66 66 66 66 66 
377 55 55 55 55 55 55 55 55 55 55 55 55 55 
378 507 507 507 507 507 507 507 507 507 507 507 507 507 507 
379 507 55 55 507 507 507 507 507 507 507 507 507 507 507 507 507 507 
380 115 115 115 115 115 115 115 115 115 115 1718 115 115 115 
381 55 66 55 2598 55 55 82 55 55 55 55 312 55 55 55 
382 55 55 55 55 55 55 55 55 55 489 55 55 55 1977 55 55 55 55 
383 55 55 55 55 55 55 55 55 55 114 55 55 55 55 55 55 55 
384 507 507 507 66 2218 507 507 507 507 507 507 507 
385 507 507 507 198 507 507 507 507 507 507 507 507 507 
386 507 507 507 507 507 66 507 507 507 507 507 507 507 507 
387 507 507 507 507 507 507 507 507 507 
388 507 507 507 507 507 507 507 507 507 507 507 507 507 507 507 507 
389 507 507 507 507 507 507 507 507 507 507 507 
390 66 507 507 507 507 507 507 1204 507 507 507 507 507 507 507 507 507 
391 507 507 507 594 507 507 507 507 507 507 507 507 507 507 507 
392 6 6 6 52 6 6 507 6 507 6 6 6 6 6 6 136 
393 98 507 507 507 312 507 115 507 507 507 1722 507 198 507 507 507 
394 136 136 136 136 136 136 34 136 136 136 136 157 136 136 136 136 
395 507 507 507 507 507 507 507 507 507 507 507 507 507 507 507 
396 507 507 507 507 6 507 507 507 507 507 507 507 507 
397 115 115 115 115 115 115 115 115 115 115 115 115 
398 507 507 507 507 507 507 507 507 507 507 507 507 507 507 507 507 
399 507 507 507 507 136 507 507 507 507 507 507 507 507 507 507 507 507 
400 16 16 262 16 16 16 16 16 114 16 166 30 16 312 
401 55 55 55 55 55 55 55 52 55 2033 55 55 55 55 55 165 
402 55 55 55 55 55 55 489 55 55 55 55 55 55 
403 55 55 55 312 55 2033 55 55 123 102 55 55 55 55 55 
404 344 166 166 166 166 166 166 166 166 166 166 55 166 166 166 166 166 
405 55 55 55 55 55 55 55 55 55 157 115 55 55 55 55 16 55 
406 507 507 66 507 507 507 507 507 507 507 2598 507 6 507 
407 507 507 507 105 66 507 507 66 507 507 507 507 507 507 507 507 507 507 507 507 
408 1251 507 136 507 507 507 55 135 507 507 507 507 507 507 507 507 
409 507 507 507 507 507 151 507 507 507 507 507 507 507 507 507 507 507 
410 115 55 115 115 115 115 115 115 115 115 115 115 
411 55 55 55 55 55 55 55 55 1701 55 55 766 157 2192 55 55 55 
412 16 16 16 16 16 16 16 16 16 16 16 16 
413 47 47 47 47 47 436 47 47 47 47 47 47 47 
414 507 507 507 6 507 507 507 507 66 507 507 6 
415 42 42 42 42 507 42 42 42 507 166 42 312 42 42 42 42 42 
416 16 16 16 16 16 16 165 16 16 16 16 16 
417 234 507 507 507 507 507 507 507 507 507 507 507 507 507 507 6 344 
418 507 507 507 507 507 507 507 507 173 507 
419 16 16 16 16 16 16 16 1717 16 16 16 16 16 16 
420 2292 507 507 507 507 507 507 507 507 507 507 507 436 
421 507 507 507 16 507 507 507 507 507 507 507 507 507 2319 507 507 507 507 
422 507 507 507 507 507 507 507 507 507 507 507 507 507 507 507 
423 16 16 16 16 16 115 16 16 82 16 66 16 16 16 
424 16 16 16 16 16 16 16 16 16 16 16 507 312 16 16 
425 507 507 312 507 1632 507 507 1968 320 507 507 507 507 507 
426 507 507 507 507 507 507 507 507 507 507 507 507 507 507 507 507 507 
427 507 507 507 507 507 507 507 507 507 507 507 507 507 
428 507 507 507 507 507 507 507 507 507 1026 136 507 507 507 507 
429 115 115 115 115 115 115 115 115 115 115 115 115 115 115 66 
430 507 507 507 507 25 507 507 507 507 507 507 507 507 507 507 
431 47 115 55 115 115 115 115 115 115 115 115 
432 507 507 507 507 507 507 507 507 507 448 507 507 507 507 507 507 
433 507 507 507 507 507 507 507 312 507 66 507 507 507 507 507 507 507 
434 507 507 507 1060 507 507 507 507 507 507 507 507 507 
435 55 55 55 55 55 55 532 55 55 55 55 
436 507 507 507 507 507 507 507 507 507 507 507 507 507 507 507 507 507 
437 136 136 136 136 136 136 136 136 66 93 136 136 136 136 136 
438 72 507 507 507 72 507 507 507 507 507 6 507 1718 529 507 
439 507 507 507 496 507 507 507 262 507 601 507 507 507 507 507 507 
440 507 507 209 507 507 507 507 507 507 507 2496 507 507 507 
441 507 507 507 507 507 507 507 507 136 507 507 507 507 507 
442 55 9 55 115 52 55 55 55 537 55 55 55 55 55 55 55 77 207 
443 507 312 507 507 507 507 507 507 507 507 507 507 507 
444 507 507 507 507 72 507 507 507 507 507 
445 115 115 115 115 66 55 115 115 115 115 115 115 115 
446 507 507 6 507 507 507 507 507 507 507 507 507 507 507 507 507 
447 16 16 16 16 16 16 16 16 16 16 166 16 16 16 
448 136 136 136 165 136 136 899 136 333 136 136 136 77 136 136 
449 507 507 507 507 47 507 507 507 507 507 507 507 507 507 507 507 507 
450 507 66 507 507 1521 507 507 875 507 507 507 507 507 507 507 507 507 
451 450 2629 507 6 1388 507 507 1581 507 507 507 507 507 507 1718 
452 157 157 157 157 157 157 157 115 157 157 923 55 157 
453 2599 507 507 507 507 507 507 507 507 507 507 1013 1833 507 507 
454 312 157 157 157 157 55 157 157 157 157 157 136 157 157 
455 507 507 135 507 507 507 507 507 507 507 507 507 507 507 507 507 
456 507 507 507 507 507 507 1501 507 507 507 507 507 507 129 507 507 653 507 
457 55 66 55 52 55 55 55 55 55 55 261 55 1654 55 1478 98 55 55 
458 507 507 66 507 507 129 114 507 507 507 507 507 507 520 507 
459 507 507 507 507 507 507 601 507 507 507 507 507 507 
460 136 136 136 136 36 242 136 6 136 136 136 136 
461 262 55 55 55 55 55 55 98 55 55 55 55 55 55 55 55 55 
462 507 507 507 507 507 507 507 507 6 6 507 507 66 507 507 507 507 507 
463 55 55 1984 55 55 55 55 55 55 55 55 55 55 55 55 55 
464 52 136 136 136 136 136 9 350 136 136 6 136 136 136 136 
465 115 115 115 115 115 115 115 115 115 115 115 151 115 115 115 
466 136 136 136 136 136 136 136 136 136 136 136 136 136 
467 507 507 507 507 507 507 2001 507 507 507 507 507 507 507 6 66 
468 507 507 507 66 1977 507 507 507 507 507 507 507 507 507 507 507 507 
469 66 66 66 66 66 66 66 507 489 66 66 66 66 66 66 66 66 66 66 
470 55 2644 165 55 55 2315 55 55 55 55 55 55 55 55 
471 55 55 55 55 198 55 55 55 55 55 55 55 166 55 55 55 55 
472 66 66 66 66 66 66 66 507 6 66 66 66 66 66 
473 507 507 507 507 507 507 507 507 507 507 
474 55 55 55 55 55 55 55 55 55 198 55 77 55 55 55 115 55 
475 507 507 507 507 42 507 507 25 6 507 507 507 507 507 
476 507 507 507 507 507 507 507 507 507 507 507 507 507 507 507 507 
477 1977 507 98 507 507 507 507 507 136 507 507 507 
478 55 55 55 55 55 55 115 39 55 55 55 115 562 55 55 55 
479 507 42 507 507 507 507 157 507 507 507 507 
480 507 507 507 507 507 507 507 507 507 507 507 507 507 507 507 507 507 
481 157 157 157 136 157 157 157 55 157 54 55 
482 55 55 55 55 55 55 55 55 55 42 55 55 55 55 
483 55 55 55 55 55 55 55 55 55 55 55 1118 55 55 157 55 
484 136 136 899 136 136 136 136 136 136 136 1718 136 136 136 136 136 136 
485 136 136 136 136 136 136 136 136 136 136 136 
486 507 507 507 507 507 507 507 507 507 507 507 507 507 507 507 507 507 
487 507 1718 507 507 507 507 507 507 507 6 507 507 507 507 
488 507 507 507 507 507 507 507 507 507 507 507 507 507 507 507 507 507 507 
489 55 55 55 55 55 55 55 55 55 55 55 55 55 960 55 
490 507 2629 66 507 507 507 507 507 507 507 507 507 507 507 507 507 
