0 55 136 25 2761 1478 55 1478 2761 73 55 55 206 1722 
1 2475 55 55 2182 206 184 55 2098 292 1200 55 16 209 1388 1619 
2 73 206 2098 1619 55 184 55 55 55 121 292 507 55 1200 184 55 
3 55 55 292 55 1722 2098 55 292 535 115 55 2098 1699 2126 
4 206 206 55 2761 206 55 55 73 73 55 143 55 1722 157 
5 1522 312 184 292 1619 55 55 535 55 206 55 166 1478 6 
6 55 6 344 55 184 2487 786 6 1889 920 1076 55 142 920 55 1076 
7 102 55 130 206 1619 55 136 312 55 586 55 73 
8 55 1619 261 507 55 55 1522 586 55 55 1722 1722 55 1722 2126 586 1722 
9 55 98 55 55 55 6 73 
10 55 272 1522 55 1790 1478 55 206 1790 55 586 55 1722 
11 135 209 73 55 292 55 206 1308 114 55 114 1722 2006 114 
12 55 2126 55 369 2132 6 2126 55 2126 55 55 2693 
13 1522 55 16 206 55 1522 206 1719 847 55 1722 1196 209 135 115 
14 1619 55 55 1118 2168 55 1399 26 58 42 1234 206 55 143 136 1722 209 
15 206 1200 594 1722 55 292 55 184 2126 312 
16 536 73 1522 507 143 55 184 1200 73 2309 55 42 920 2126 55 206 184 
17 2098 2309 2098 206 55 55 1478 206 206 55 55 1574 2126 1722 2098 135 
18 55 529 55 1790 73 136 1877 55 25 55 73 292 189 55 
19 535 55 536 2098 55 209 6 55 1790 573 1000 184 55 209 1722 
20 73 536 206 55 55 143 129 2034 55 73 16 73 2496 209 1722 
21 2761 55 536 1713 1893 6 206 507 292 55 55 1478 1719 135 1722 1722 
22 206 165 507 2415 292 55 2098 55 1655 2098 121 114 535 55 209 55 2415 1619 
23 209 55 184 157 55 143 73 6 142 55 2126 1222 55 23 55 1722 2126 55 
24 365 206 206 2126 55 1722 73 2126 206 2248 206 1174 2496 55 
25 55 1790 206 6 6 165 206 697 55 6 1722 1200 2126 6 
26 73 25 292 256 115 93 206 184 1200 55 55 206 55 55 
27 55 1522 1522 206 209 2098 292 206 73 206 1722 1789 6 2126 55 
28 55 130 206 2761 184 38 
29 73 1522 206 2098 184 1722 206 1522 189 1722 121 26 
30 920 292 143 55 6 6 55 393 25 206 586 
31 55 292 209 1713 209 55 2098 55 292 6 2126 42 6 206 184 2126 586 
32 55 1522 77 206 1165 209 77 55 571 55 55 365 1893 272 1165 55 55 6 594 
33 1522 2098 26 55 55 206 73 206 2126 2865 1722 1722 55 55 198 
34 55 55 1790 536 1722 73 206 2761 209 6 55 184 
35 55 55 55 1522 55 1096 55 34 2126 1522 1722 55 26 
36 292 6 98 1724 2126 1129 1478 206 55 55 2126 1722 55 2098 
37 55 2098 2126 66 847 157 55 1722 73 55 1371 1722 73 209 73 55 1722 
38 55 206 344 292 55 292 55 184 42 206 2126 55 55 1200 2126 436 
39 544 292 55 73 55 130 272 206 55 55 1200 1076 1076 6 1719 55 1722 
40 206 55 55 536 55 184 206 6 55 292 2126 
41 55 1371 55 55 6 2761 206 26 1200 209 6 184 184 1722 
42 365 2098 55 55 55 1722 799 55 55 55 6 333 209 38 55 
43 142 2132 312 198 1371 2098 2300 30 55 1217 55 2126 55 6 2126 
44 1790 55 55 227 42 1200 143 6 507 55 55 55 55 55 55 55 
45 535 55 206 272 537 601 206 115 55 292 55 177 58 55 2496 206 
46 1522 73 206 6 1790 536 206 206 55 292 920 1699 55 2098 55 
47 142 1522 6 55 1790 16 143 135 55 55 55 55 1388 
48 55 55 2309 55 55 206 1790 26 143 2126 184 
49 55 2243 2126 55 2126 292 206 55 1722 184 2126 
50 1200 55 1522 143 106 26 1478 25 1722 55 1722 55 209 1217 
51 2132 42 184 1478 206 507 55 55 93 2098 206 1066 2098 55 1699 
52 1522 536 55 55 73 1632 55 507 55 1722 1722 55 55 55 26 586 1722 55 507 1722 
53 2761 2126 135 98 143 1129 42 1522 98 1200 573 198 6 55 25 
54 55 55 1722 206 55 55 55 292 2098 55 55 55 1719 1217 1722 
55 536 55 66 55 2126 55 1200 209 2098 535 184 55 206 2126 586 
56 1522 55 129 2122 1522 77 
57 1893 55 206 2098 55 73 55 1722 1722 272 55 
58 55 55 16 184 25 766 1722 55 929 292 55 55 6 55 55 184 
59 58 55 42 292 209 1619 2126 73 135 55 26 
60 206 42 2098 1619 206 55 206 55 26 55 206 55 1722 536 25 73 42 
61 341 2098 1619 1790 184 55 1154 206 1722 535 16 55 675 73 55 
62 586 55 1722 130 2126 1722 55 1719 1940 1478 206 2126 55 206 73 507 
63 2098 1540 1722 98 524 42 272 1724 1833 1722 206 55 1790 1619 55 1217 
64 206 55 55 6 209 55 507 55 55 1478 55 2126 16 1478 55 
65 16 1222 2126 1118 1722 1619 2098 206 55 73 73 333 
66 2126 25 55 1722 55 206 1478 55 1994 55 1722 2098 2126 2043 1522 586 507 
67 73 1790 206 55 209 1722 55 206 55 1722 209 365 98 209 
68 2098 1722 1722 55 184 2126 1522 2126 209 55 535 272 55 55 206 
69 1522 6 206 1478 143 55 847 55 1719 55 1154 1076 2262 
70 2098 1722 1722 206 55 
71 535 55 2098 6 55 1619 2351 1320 2126 55 73 2098 2098 535 55 6 
72 206 1619 55 184 55 1722 73 73 6 127 206 55 586 1722 206 206 206 121 
73 209 55 2761 184 1522 206 55 206 73 1893 55 65 1200 1154 1722 25 
74 535 73 55 507 1124 2126 55 184 135 2761 206 
75 184 55 114 55 292 55 55 55 206 55 114 1722 55 507 2126 1722 
76 536 1893 130 241 55 206 333 209 6 55 2300 2098 55 2126 206 1722 1722 55 
77 1019 586 55 73 536 98 292 55 157 55 206 73 209 55 2309 920 535 55 
78 2555 2555 2132 6 292 55 1070 184 206 1076 2126 209 55 2126 
79 2856 16 55 55 206 6 73 55 2098 2126 1522 55 292 1196 920 55 507 
80 184 55 536 272 135 55 115 136 6 2126 6 55 2309 55 206 73 
81 6 292 6 2043 73 55 55 1790 920 55 1719 2126 1722 
82 507 135 292 1619 55 206 55 1722 55 1722 55 143 1722 55 55 2261 
83 206 73 30 55 292 55 98 42 25 143 1722 55 292 55 
84 2098 1522 292 55 98 55 55 1478 55 1722 55 206 489 55 1722 206 55 1217 206 
85 55 209 135 55 55 1790 2126 1478 55 55 1722 1790 55 2010 
86 573 1790 206 1719 55 6 55 697 1719 55 55 1719 1719 2126 42 
87 2075 292 172 1619 55 55 55 26 55 1200 55 1540 1540 26 1722 1722 165 
88 1200 209 1722 55 55 2126 1200 73 2126 1722 1790 55 206 1200 1200 2243 
89 1968 1200 2294 292 55 55 55 206 1719 206 55 184 34 206 55 206 
91 55 594 16 2182 1165 55 55 184 55 
92 55 55 1032 206 705 1196 705 55 209 55 73 55 
93 2098 2098 1200 206 206 1619 2098 2126 206 2098 73 206 55 55 1722 206 1522 507 586 
94 73 16 536 1522 55 1522 2098 507 6 55 6 507 1507 2126 586 
95 55 1722 2098 1388 1722 55 73 2098 142 6 2300 2098 55 115 312 42 
96 184 73 6 1790 73 55 85 143 73 1722 292 536 135 206 1540 6 55 
97 111 2098 697 206 34 1719 206 102 184 2126 1200 55 55 
98 55 55 55 55 55 2545 42 2126 2126 55 1311 55 26 
99 536 55 55 1619 6 292 2126 55 2126 6 536 206 115 55 206 1722 1722 1719 
100 1722 2098 507 55 55 138 55 55 206 2239 55 66 2802 55 
101 535 55 206 55 2098 55 1478 1478 143 1478 206 151 2098 1074 
102 55 184 55 206 55 2098 292 536 55 55 30 2126 586 1619 
103 1722 2098 1404 1256 55 55 1722 55 535 1179 2390 2034 535 
104 55 55 55 1719 121 6 143 42 166 55 55 73 1619 2126 184 
105 1522 55 1699 292 1699 206 1722 1893 55 73 206 55 209 1722 55 
106 55 16 6 292 206 2126 
107 206 6 25 73 55 292 2126 55 1600 55 2126 55 206 1066 1722 586 1722 
108 55 2098 55 1722 292 55 55 206 143 55 2126 
109 200 1404 292 2126 292 55 55 2126 1699 73 121 55 55 2126 184 1619 2126 
110 73 55 292 73 143 55 1678 55 6 1371 1722 55 2126 55 55 55 1722 55 
111 73 26 209 365 55 206 55 1478 73 2496 601 55 507 365 55 206 55 1722 
112 55 55 2393 2126 209 2033 73 55 55 535 1200 1021 1522 73 2126 
113 142 184 55 206 292 129 292 2126 184 55 586 2126 55 586 
114 55 55 536 1522 37 73 1722 2126 73 1940 55 260 55 6 
115 535 55 594 55 1619 1478 206 55 209 198 151 272 1000 55 209 55 98 1722 1494 
116 1722 73 73 2126 55 55 292 292 2098 55 139 55 
117 2098 55 209 55 2098 184 1603 1308 55 2761 55 2126 2126 
118 142 209 1478 55 2843 206 2761 2126 73 73 206 1722 2761 206 73 209 184 
119 6 55 143 1430 55 507 1722 58 1154 143 206 55 55 55 55 73 
120 55 55 55 1478 206 1522 1200 206 2761 206 55 184 55 55 
121 2126 55 55 209 55 1722 2555 206 55 2100 55 1722 2126 
122 639 206 365 1619 55 344 1724 43 1522 115 1722 55 
123 55 209 1719 1722 73 184 2622 206 1066 55 55 55 209 
124 77 1699 142 227 6 2098 6 206 54 206 1154 
125 55 2098 55 55 184 55 2098 16 2126 184 292 2126 73 55 
126 16 135 55 206 1114 1478 55 1522 55 1540 136 2761 535 55 
127 1522 209 1790 55 206 16 436 73 55 55 1789 55 489 
128 6 292 55 206 184 2098 55 55 2126 55 1619 1719 6 55 2126 1722 
129 206 507 536 55 184 55 6 206 55 26 73 55 184 1722 535 73 66 209 
130 55 6 1790 66 73 55 833 2098 292 55 206 209 55 209 209 66 
131 6 184 55 55 292 198 2930 42 227 1129 272 206 98 1719 2243 184 
132 6 1076 2098 98 292 2126 2126 
133 55 2126 135 672 1196 55 55 344 
134 184 573 55 2098 93 1722 55 1200 2098 55 55 2126 1722 586 535 312 
135 206 55 206 55 586 292 55 292 55 55 42 
136 55 1790 55 2126 1080 55 1724 206 507 206 206 2075 1129 55 2527 1722 
137 55 1522 55 42 55 165 292 2126 42 
138 98 292 1196 135 55 55 106 1722 106 55 55 1722 1722 47 209 25 206 
139 6 507 55 55 1522 55 47 55 369 1719 2126 55 121 2126 
140 288 1722 312 55 369 55 672 6 55 55 2126 
141 209 536 55 55 184 2545 1478 227 1308 1478 55 2761 184 
142 2098 1200 2098 2098 1722 1722 26 55 206 55 30 341 2098 507 206 1718 55 1619 
143 507 6 98 55 206 2126 292 292 507 55 1076 55 55 
144 1522 2126 1522 206 6 55 55 184 206 2098 1790 1722 73 55 
145 1522 16 2126 55 292 2126 41 73 1719 1722 130 55 920 1719 1522 1540 206 1540 184 
146 55 209 184 2126 184 920 55 55 292 1719 206 1619 
147 586 55 55 1722 206 209 55 1619 2126 1719 1308 
148 2903 344 536 55 55 55 1540 2098 73 292 206 55 1200 1719 206 
149 73 135 524 2168 1154 1478 209 206 761 2098 586 55 1722 
150 6 55 2126 536 73 292 292 55 292 2126 17 55 55 55 55 2098 847 
151 6 55 206 73 2243 2098 6 55 1200 55 1522 206 1217 55 55 1540 42 
152 2126 25 2492 209 241 55 312 55 1722 55 1722 55 58 55 
153 206 535 2098 55 16 55 2218 184 1790 206 1790 55 115 1076 1790 
154 1722 55 312 55 25 1722 55 292 1722 1200 55 1200 1722 6 55 55 
155 1522 165 209 1619 206 184 1722 73 55 1478 55 1722 206 2172 1722 121 1722 
156 2098 1722 2126 1722 1722 206 2126 2010 2126 206 2243 1722 
157 55 697 55 1719 121 73 1719 2126 2126 130 2109 2126 1722 1619 524 1210 
158 586 209 1722 55 292 206 55 55 2126 1478 55 
159 1522 206 55 2761 55 55 55 206 1478 2527 1722 312 
160 184 2126 55 184 73 42 1719 55 55 1719 697 73 292 55 73 586 
161 341 184 292 1619 98 2126 184 55 55 55 206 1719 55 1722 
162 1722 1768 6 55 1522 73 206 1893 6 2126 507 2098 55 1066 1200 1619 73 
163 55 1200 1619 6 55 55 55 1722 1478 25 562 55 292 
164 16 25 55 184 2098 1165 292 1722 55 55 157 1722 1478 1722 55 55 
165 55 365 142 312 697 2098 2545 206 55 1478 55 1722 77 34 184 
166 2098 55 2351 292 2351 198 2098 73 55 292 1722 904 165 
167 2300 55 536 1790 73 1619 2098 2309 292 55 55 206 16 1722 184 55 
168 142 6 55 2126 1722 55 2126 2126 2126 2126 1722 2126 1066 2126 
169 55 55 1722 55 1790 1478 73 135 2033 2126 2761 55 73 55 
170 436 1722 1165 292 135 55 1200 55 1655 55 55 55 
171 2098 847 55 1619 1719 1540 55 1719 1200 55 
172 142 6 55 6 209 55 55 206 55 920 206 55 55 2126 
173 55 1522 6 206 292 55 6 55 292 143 206 920 209 41 1540 66 2098 
174 206 184 1522 184 130 55 55 292 55 73 1722 130 55 1722 55 1076 55 
175 2728 1200 1478 2098 1320 206 292 1308 206 1722 2098 2126 2126 206 1066 1200 1478 
176 1722 1722 55 42 55 206 292 206 55 6 2239 55 
177 1699 536 2098 206 130 1165 2126 6 165 73 1200 114 2865 55 55 206 55 
178 55 1722 206 1619 1722 55 55 1722 1722 1722 142 1722 206 55 1200 198 1478 
179 55 1722 1722 206 209 42 2098 312 1540 55 206 55 206 206 
180 586 55 2126 55 272 2098 2034 73 73 535 564 1619 55 1786 
181 206 55 6 2098 55 507 1724 1165 55 2098 55 184 
182 1722 206 209 1619 1790 1619 55 55 209 797 292 
183 73 1722 55 55 1522 55 55 1165 1200 6 6 1722 55 55 2098 1619 586 55 
184 741 2126 42 741 55 292 1540 2126 6 
185 1200 292 272 6 1722 55 272 143 1009 261 2126 206 55 206 157 272 
186 142 55 6 206 206 209 55 55 73 206 55 55 55 
187 16 1522 344 1522 55 6 536 920 1165 55 2098 55 344 
188 227 536 2098 55 55 1522 206 292 55 184 1719 2126 
189 135 55 25 55 206 2126 55 2126 1719 184 55 1722 
190 1893 1699 206 1722 98 73 73 73 2300 920 344 115 209 55 
191 1782 209 2159 2075 281 1522 184 42 1308 1722 1722 55 507 1185 
192 206 55 2098 1893 206 2098 206 2098 209 206 6 2098 
193 1722 536 55 55 1522 55 114 1129 55 157 143 166 6 1722 292 
194 135 2126 2126 292 292 55 1719 55 55 436 184 2126 
195 135 73 2126 524 55 16 1522 55 206 1722 2098 
196 209 2126 55 184 2126 55 2309 73 292 166 55 1722 55 184 206 1210 
197 55 26 2098 55 206 292 184 206 1196 507 1722 1722 6 98 1722 
198 206 573 1719 292 2126 16 6 184 206 1200 6 73 1076 55 73 23 206 2126 
199 292 292 2126 206 1200 2239 2126 42 2218 1790 55 209 55 184 
200 55 55 184 6 2309 6 2098 55 184 55 184 1478 292 2693 55 55 
201 2098 55 1722 206 2496 55 920 55 142 2098 1540 1619 206 2126 
202 1722 507 206 1478 55 55 73 184 1723 1096 2126 2006 209 55 
203 55 2126 114 2300 55 55 272 292 1832 1522 55 1522 
204 55 55 292 2126 184 55 55 42 55 55 55 55 6 
205 209 2761 1790 55 206 292 1154 55 209 206 1699 143 1619 55 206 206 2761 1940 55 
206 2218 2098 55 206 292 55 55 39 2309 55 1790 55 1719 1000 1522 121 
207 73 98 206 1320 2098 1722 55 1210 2126 26 1699 2126 
208 73 365 55 73 55 1522 55 507 1522 1096 1522 73 507 
209 206 135 2098 2098 292 55 55 2364 184 115 55 2098 2126 2192 
210 55 55 55 55 55 55 55 6 34 1719 55 73 55 
211 2098 66 206 26 1200 2033 55 55 55 206 55 1522 1893 1722 1789 55 
212 2172 55 55 206 55 1678 26 42 1399 55 206 1096 209 1722 1522 55 1722 55 206 
213 184 184 55 55 468 55 6 1619 55 1719 42 184 
214 1522 55 1200 157 55 26 507 55 206 143 55 1722 292 206 206 206 
215 535 2098 1522 1522 206 55 2098 1032 55 2075 55 165 184 1722 
216 66 1719 55 2126 55 184 6 1076 1522 1722 1076 920 114 2098 2126 
217 55 653 1893 2190 206 507 26 1722 507 55 2126 143 1722 535 55 1722 184 1722 
218 30 1200 1722 55 55 55 507 198 6 292 2126 436 
219 829 1790 2761 209 25 209 206 292 121 55 1301 
220 73 2098 55 1478 292 55 55 55 55 206 55 42 73 2098 42 
221 206 135 272 292 292 2126 143 73 990 42 6 136 143 55 6 292 42 114 55 
222 1200 2761 1522 55 42 209 1094 2761 25 55 2865 55 1722 55 1076 1722 184 
223 55 365 55 55 55 55 55 1388 292 6 55 1719 6 
224 2761 536 98 1790 55 98 30 55 697 2243 55 143 573 292 2761 573 1722 241 
225 55 55 55 206 209 55 55 206 115 184 1722 1478 1522 55 206 1722 
226 73 206 16 206 2693 573 98 206 1593 312 55 55 
227 184 365 55 206 206 1478 1790 1722 1478 55 66 209 184 34 55 
228 1522 1699 2126 206 55 73 206 1719 2239 1200 55 42 55 55 
229 2098 1790 292 1619 697 1522 206 206 55 55 209 55 2126 
230 55 536 1619 1790 98 184 333 507 1217 507 1000 198 2126 1196 55 
231 73 73 507 1371 55 157 2034 1619 55 55 55 2126 2098 2006 
232 227 6 55 292 55 1719 42 25 55 
233 55 1722 2075 184 26 55 55 2761 25 209 360 209 1340 30 42 
234 55 6 6 2126 55 1200 55 55 536 55 55 55 1719 55 1522 
235 535 2518 507 1790 1722 55 292 114 55 2035 311 42 98 
236 200 1371 2126 536 2126 6 1200 524 1722 1619 1200 
237 55 6 206 1196 206 1934 1200 73 55 2126 55 206 206 1722 55 1655 25 209 
238 1522 55 1790 292 206 55 55 2496 1399 786 73 55 1200 1076 55 
239 1200 55 55 1478 1722 468 114 55 2098 2126 191 55 
240 73 55 1790 1200 206 1522 55 143 55 55 1013 55 55 55 55 1722 42 
241 55 73 114 1722 2126 55 1522 1478 1076 1722 
242 55 1722 1722 55 1724 1722 1371 55 143 55 1722 55 130 55 189 799 365 
243 1699 536 55 55 73 920 2098 55 55 55 1722 920 55 
244 2098 2387 55 55 2903 697 2098 135 55 184 206 206 55 55 1066 55 209 
245 312 55 55 55 1719 1722 73 
246 55 1722 272 206 42 1790 1200 1722 130 2075 55 1722 1722 184 1722 
247 1790 920 184 2761 1320 1076 1790 1790 
248 1434 847 2075 55 2218 55 55 55 55 2126 55 1185 130 
249 2098 920 184 30 66 1200 2441 1722 1722 55 206 1230 2126 1722 1478 209 1522 
250 55 55 55 2098 2075 55 55 143 55 292 206 198 312 6 1719 135 1722 73 
251 55 73 209 165 55 206 26 184 1722 55 2126 2098 1619 
252 55 55 55 6 206 292 209 55 206 206 1200 2098 292 2126 292 55 55 
253 1722 6 55 55 1200 42 1719 55 529 1790 1722 206 
254 136 6 39 206 55 206 55 55 129 55 184 1320 55 135 55 2527 
255 135 2033 2126 206 535 55 206 272 1032 1719 920 
256 42 55 292 209 206 143 586 601 1722 55 6 55 55 
257 1196 55 98 55 2126 2126 2126 206 55 1308 
258 73 833 365 2075 1722 55 184 1719 206 2320 55 143 2126 55 
259 2761 55 55 55 1196 26 55 55 1722 1722 292 1722 47 184 
260 2145 2098 55 1768 6 2098 1200 1371 23 1196 206 1076 66 1522 
261 2475 184 292 1165 55 136 165 920 77 25 55 55 55 920 55 2126 55 
262 1200 536 26 55 26 1320 2126 1478 55 2300 1722 573 206 2761 2126 
263 16 2098 697 206 2098 209 55 143 25 55 2098 55 55 1722 507 55 55 
264 1522 55 42 55 55 136 507 55 1522 55 1522 47 
265 2126 2761 1021 206 55 157 55 206 2761 292 
266 2098 2098 55 2098 1790 73 1200 697 1540 2126 143 2309 55 55 55 
267 344 344 23 55 697 73 206 2126 2126 55 2098 2126 2126 42 
268 697 2126 55 55 104 292 55 2190 55 55 73 333 
269 129 536 1722 55 365 55 115 535 206 55 6 1478 6 184 1722 
270 55 1522 333 1719 73 73 130 55 55 55 1719 1722 55 206 47 55 55 
271 55 272 73 2126 42 143 55 73 2098 292 55 206 2098 135 2126 55 184 55 1200 
272 111 1722 2098 1802 55 206 184 73 55 184 206 2100 1722 1619 2243 
273 536 2555 2098 1619 25 1719 1200 55 1719 55 198 206 206 55 121 
274 536 1478 6 1522 2098 1540 55 1722 6 2309 920 55 206 1478 73 2598 2126 55 
275 55 55 1722 2098 6 312 1371 73 209 55 2126 1308 
276 1522 1200 312 2098 55 2098 209 115 2098 
277 2126 536 507 55 129 55 55 6 55 55 586 55 198 55 
278 73 55 184 55 73 73 1301 55 1699 2098 55 206 1722 151 1722 
279 67 143 55 55 2098 206 55 1722 
280 2098 1722 206 1371 1467 1021 55 55 920 1722 2126 55 1108 2126 1522 6 
281 2126 55 1893 184 6 507 55 55 55 1619 292 55 6 206 73 55 55 
282 184 2098 55 2351 55 2098 206 206 1148 2098 292 55 55 
283 55 2098 55 206 38 6 507 55 189 55 129 55 55 55 
284 55 55 1722 272 209 41 55 6 2098 1478 1200 272 55 2033 6 
285 206 55 206 55 209 55 1722 55 1722 184 206 209 206 
286 1790 25 1256 42 55 272 206 30 507 206 206 55 151 55 535 6 
287 365 847 1404 2496 55 1719 920 55 98 1371 198 209 524 55 
288 920 1722 55 55 55 55 73 55 2098 206 6 55 
289 1790 1722 55 98 55 184 1522 157 55 143 2126 206 2001 184 586 1722 
290 2098 1722 55 1619 55 206 55 1722 55 365 73 1722 1722 1790 55 507 55 42 209 
291 55 2098 1118 184 206 2098 209 1722 129 2126 206 1722 23 142 1790 1722 55 206 
292 55 55 1478 55 2126 55 1522 1165 1371 1321 2126 1200 2126 
293 55 114 766 73 55 206 1619 55 2098 143 1118 1200 2126 55 55 6 55 55 55 
294 206 184 1200 55 55 55 206 55 198 55 55 55 
295 55 55 55 6 206 26 1478 573 2126 55 209 26 55 
296 127 536 73 73 184 55 165 507 55 55 55 55 360 55 
297 1522 2098 55 55 124 206 55 6 1200 6 115 73 55 129 55 1522 
298 66 184 55 1722 292 98 507 55 55 1678 6 206 507 292 1722 1000 206 55 55 1722 
299 55 66 2126 292 2802 55 206 55 6 2239 1522 
300 42 16 55 1478 135 1200 2098 1200 55 198 16 507 1722 
301 1790 55 536 73 2098 2098 1196 206 16 2098 55 55 2126 1722 55 
302 25 206 184 2098 1478 1009 2098 507 1790 535 448 206 771 
303 55 6 1478 106 1308 507 1478 198 1722 365 535 209 2126 6 6 
304 55 55 2098 292 2126 55 6 184 206 206 184 
305 1722 55 206 206 55 184 1478 1522 206 1722 55 206 1722 1174 1722 42 
306 55 55 36 2761 206 26 55 42 1399 73 143 1722 42 55 184 2761 1722 507 2527 
307 142 2098 206 1196 2545 55 55 206 73 1790 6 55 2767 206 
308 55 2098 73 55 1619 535 2126 55 1522 209 1619 55 
309 6 573 55 55 206 209 55 1678 2239 206 206 42 55 55 6 272 206 55 
310 535 507 1200 209 55 1722 1722 2309 55 920 535 1522 1722 1619 1722 
311 312 1790 206 55 206 
312 55 209 142 312 1371 1790 135 55 55 2033 1722 312 1722 1655 55 55 
313 127 2098 1722 1722 2098 1722 55 1722 1722 184 1678 55 
314 536 2098 292 55 909 55 2126 55 1522 55 206 1076 55 39 2126 1699 
315 55 2098 2126 6 55 25 573 55 1722 143 55 55 98 
316 55 2126 292 130 6 184 55 73 143 536 2126 55 55 
317 142 73 2126 135 55 1722 98 1790 393 2126 2126 73 55 55 1540 2126 73 2126 
318 536 209 292 55 2351 55 55 292 1722 535 54 1722 73 1619 1722 
319 55 55 55 6 2098 206 98 55 55 55 206 55 
320 41 507 55 55 2098 209 2098 42 
321 1722 786 1722 507 206 535 1724 206 25 55 1478 206 
322 55 1722 73 55 209 1320 55 1308 1200 26 55 6 55 151 
323 55 2098 73 292 55 365 55 206 2243 2126 206 
324 2098 536 55 1320 41 1680 55 184 42 16 1722 206 55 
325 55 344 25 55 2364 135 55 2865 184 106 136 292 55 799 55 135 
326 142 1893 55 206 1165 42 1200 55 1165 292 369 184 6 1165 55 55 55 
327 536 1790 209 25 142 2098 1722 1522 37 55 2098 2761 115 55 55 
328 42 55 209 55 73 55 1076 206 55 6 55 55 2126 55 1076 
329 129 55 292 55 1399 73 206 55 920 292 55 292 55 184 
330 55 1722 1722 1722 55 1724 206 206 1893 2126 2387 55 1722 344 209 55 55 
331 206 55 2126 536 1722 55 2309 312 761 292 55 55 206 73 206 
332 206 42 55 2098 1399 206 55 143 206 507 55 1722 1722 55 73 2126 
333 1722 55 1619 1196 292 1522 42 55 135 55 1722 1722 1196 292 507 206 184 
334 2043 2761 206 55 55 206 55 135 2126 55 55 
335 55 206 166 1790 206 1722 55 1722 507 1722 1790 55 184 55 151 184 
336 2227 55 1722 209 55 55 55 143 1478 206 1722 
337 312 55 55 2126 55 206 2930 1478 143 55 2091 55 1552 55 73 
338 1722 2098 55 55 55 206 136 184 26 206 1722 55 2126 1722 206 1722 55 
339 2555 292 2132 292 2126 1619 55 6 1076 55 1722 6 55 920 55 2098 2126 2098 
340 1200 206 55 1154 73 206 127 47 55 206 2098 1722 47 206 73 151 
341 2098 1200 6 1768 55 206 1200 55 1200 2126 292 206 1108 1722 1522 77 
342 151 1200 1200 2126 1722 55 115 98 507 2098 55 1699 
343 1522 2309 272 55 55 55 73 697 2098 55 1540 73 2098 55 55 1722 
344 536 2010 55 206 26 2126 206 209 73 1722 2034 136 55 312 1526 206 
345 55 55 507 135 468 55 55 55 55 73 55 1200 55 55 1722 55 1719 
346 1722 1522 292 6 73 55 55 1722 
347 55 1790 55 73 184 209 55 1699 6 55 206 2001 1876 1722 73 1722 
348 55 55 1371 55 55 93 55 184 55 1200 55 55 1522 1210 
349 55 6 55 184 55 312 292 55 135 369 55 920 55 1722 73 55 184 
350 25 206 904 26 184 55 55 55 55 1722 1722 55 206 507 
351 55 55 55 1200 25 55 1196 206 6 1478 55 292 55 1171 209 55 184 
352 1200 55 209 55 1724 55 6 2098 55 1655 1722 1722 
353 1619 55 1790 206 135 1722 1308 55 206 55 55 1722 55 2098 
354 2098 55 2098 1722 6 2351 2218 42 55 1722 206 55 55 
355 1722 2126 55 55 16 209 1722 2545 1478 55 184 1722 
356 2761 365 2562 2075 1713 55 184 1790 26 1308 73 55 2098 
357 55 55 55 55 55 1724 55 2309 1722 507 1722 55 55 206 55 55 42 
358 2142 536 55 209 206 55 594 206 55 55 55 2761 2098 1722 1722 
359 73 142 2126 6 73 697 55 312 6 1722 2126 2126 55 
360 206 2098 184 2126 1388 2126 55 206 920 206 2098 55 209 130 
361 214 1699 2198 292 209 184 143 73 206 507 206 1200 209 2126 
362 55 42 55 2126 6 292 2098 55 55 206 2098 2098 292 2159 507 1619 
363 2126 507 55 55 143 55 1722 55 55 206 206 1540 1722 1722 
364 1200 42 2098 292 1722 98 55 507 30 1722 206 55 55 
365 55 206 292 42 2098 73 2693 1522 142 1200 1540 184 1719 
366 2098 1790 55 55 697 1722 26 206 2098 55 206 1722 1619 6 1719 1719 55 
367 1165 1722 123 206 2098 198 2126 1371 55 1619 2098 26 209 
368 136 66 1722 292 2098 55 1522 206 344 55 206 
369 2132 1522 536 55 1699 55 2126 55 1021 2098 55 55 1722 55 165 
370 73 206 55 206 55 206 1722 55 55 55 535 1722 115 2098 55 
371 1522 55 55 1560 1619 292 25 55 55 2126 6 42 1200 55 6 344 6 55 
372 55 55 165 55 55 55 55 2098 1722 55 292 1722 73 2761 535 209 2126 
373 586 115 2132 55 2132 436 2126 2098 73 142 2126 55 1066 25 
374 55 2126 1722 1600 1722 2098 55 206 55 73 206 
375 206 73 1790 206 1200 55 55 73 55 55 55 55 206 55 55 55 55 55 
376 55 2387 2844 6 55 2351 55 206 2098 1722 206 55 2300 272 
377 2527 697 1200 55 55 206 1540 184 55 2098 292 206 184 
378 535 272 209 55 206 1619 1540 2496 1790 2469 209 206 206 1722 
379 55 55 55 135 1724 55 143 73 55 55 292 55 129 55 55 2126 25 
380 184 1790 292 1080 6 1722 1678 184 115 6 1718 292 6 2126 
381 55 1124 536 98 2098 1200 42 55 206 55 2098 1940 55 2527 55 
382 1522 206 292 55 55 1790 2126 55 2098 1934 1722 292 55 2609 55 55 55 55 
383 55 536 55 55 1522 55 1308 1655 55 586 55 2309 2098 55 55 2098 2098 
384 312 26 206 129 2218 55 206 55 55 55 143 1678 
385 206 1722 206 198 206 55 2126 55 365 206 55 6 55 
386 1722 55 1722 1478 1522 66 1722 1230 55 206 1722 184 2126 1200 
387 55 2098 55 1722 209 55 209 55 55 
388 507 1522 55 206 6 55 55 55 2126 55 1722 1722 73 206 55 1722 
389 2098 2126 184 55 535 2098 55 55 184 206 2098 
390 16 55 55 206 292 55 1722 235 1722 1722 73 1722 55 55 2496 2126 1522 
391 55 55 1540 594 1619 55 206 1722 55 55 42 55 365 184 184 
392 55 6 6 98 6 55 55 1308 1032 209 6 292 55 55 586 55 
393 55 1371 1722 2098 312 1722 115 2098 73 73 1722 206 198 2035 847 1722 
394 55 1371 1522 55 55 2098 198 1790 206 136 55 55 1722 2309 206 55 
395 55 1165 536 55 184 55 1619 55 1655 1678 55 55 1619 206 2761 
396 2098 2126 536 6 6 1722 206 55 1722 55 209 55 507 
397 73 344 55 344 6 6 369 1719 184 2126 2034 55 
398 73 536 55 292 272 272 697 55 1399 2126 1722 55 623 55 2098 209 
399 184 206 55 55 1832 55 1722 114 55 2300 1790 1722 55 209 55 209 1722 
400 55 6 2098 6 55 55 1722 55 114 25 55 30 292 55 
401 55 55 1722 1722 292 1722 55 98 55 2033 143 2098 1200 55 292 165 
402 1200 55 292 2126 55 73 920 292 55 206 1540 55 184 
403 55 55 2309 312 292 2033 55 2309 275 198 1478 1722 1722 535 1722 
404 344 6 1699 564 209 184 206 206 292 206 586 55 55 6 166 121 55 
405 55 55 55 142 55 55 55 1196 1478 1663 42 55 1478 206 55 42 586 
406 2098 55 66 209 1790 42 206 1619 1200 55 2598 209 6 55 
407 42 2098 2126 105 184 1522 206 413 1478 847 55 206 2761 55 1722 272 1196 1478 209 365 
408 1501 55 55 55 55 55 55 135 184 206 55 6 507 55 55 1217 
409 1200 1722 6 206 1790 55 206 206 55 55 1722 55 1230 1722 73 1200 98 
410 1522 55 55 143 1722 2182 1080 1722 184 55 184 55 
411 184 73 1893 206 55 1619 1196 55 2881 55 55 1179 507 16 1722 586 55 
412 55 73 55 1222 55 55 292 1722 1722 206 73 114 
413 1802 55 2126 1790 55 1296 206 206 55 1196 55 6 2527 
414 1722 1165 292 6 292 73 55 1522 42 73 55 6 
415 1722 2126 55 206 2455 1165 55 1722 2126 2827 6 6 2126 42 1719 2126 6 
416 55 55 55 55 369 6 165 55 2126 55 55 55 
417 6 507 292 55 292 2126 1522 55 206 55 1722 55 55 42 55 6 344 
418 55 1308 1200 135 1522 292 1197 1724 173 55 
419 55 209 1619 55 1522 73 73 1717 2098 55 2300 184 73 55 
420 2292 85 1522 292 206 55 184 2098 206 206 2098 1722 16 
421 26 55 55 55 2098 121 42 55 73 55 1722 1200 6 524 73 1699 1404 55 
422 55 2098 6 536 1790 312 209 55 2126 55 535 2126 209 55 206 
423 16 209 98 697 629 115 55 77 42 55 184 2126 55 1699 
424 209 55 206 292 55 41 184 55 2098 2126 292 507 55 292 55 
425 55 129 55 6 2300 98 55 1968 320 206 42 2126 55 184 
426 142 73 272 206 292 55 1522 206 73 1522 2126 55 55 42 2126 42 1722 
427 73 2243 135 55 55 55 2034 55 2075 6 2126 586 55 
428 1522 1790 1722 2098 1478 1196 2320 184 2126 1027 136 55 1522 55 1200 
429 2098 209 6 1790 55 184 209 1308 206 143 1719 55 341 184 1185 
430 55 55 209 55 206 184 55 206 206 1722 206 55 184 1722 507 
431 47 2243 55 55 1522 17 1722 6 184 2126 55 
432 55 55 6 1790 1722 184 1722 55 1478 55 507 55 55 206 55 1722 
433 55 1893 2098 1724 2098 209 292 312 206 66 507 206 1722 1722 55 209 209 
434 55 55 121 1061 55 55 2126 55 206 1722 206 209 121 
435 55 2300 55 55 206 2010 6 1722 55 73 55 
436 55 55 184 184 1790 206 206 55 55 1478 55 73 292 6 55 1722 55 
437 1722 586 1200 312 130 98 55 55 756 1522 1719 1722 206 184 209 
438 72 55 2555 55 281 292 55 55 206 55 55 55 1619 2190 209 
439 536 1165 184 496 55 55 55 586 55 601 55 143 73 535 206 55 
440 2098 55 209 55 2098 209 1619 25 920 1540 2496 535 55 1200 
441 206 2098 55 55 55 42 55 143 136 648 184 2126 507 55 
442 1200 6 1478 292 98 209 184 1722 537 1478 1790 535 2075 535 55 1522 77 184 
443 73 312 55 1478 25 55 55 206 586 206 1655 55 184 
444 73 55 1478 143 55 25 2761 206 6 2126 
445 206 206 1699 6 66 55 42 2126 6 184 2098 2126 2126 
446 1200 2761 55 1094 55 26 55 1200 1522 206 292 1722 292 1722 198 209 
447 55 292 6 55 184 16 55 206 73 206 6 1719 55 55 
448 1722 1522 73 135 73 2496 135 209 6 1678 1719 2218 77 114 206 
449 73 55 536 1790 47 55 206 73 2126 42 55 55 55 55 1722 623 55 
450 365 66 2309 55 1521 1724 206 1114 1722 206 2098 55 142 55 1722 73 55 
451 55 2847 135 55 1388 206 1722 1663 1478 507 206 55 1722 55 1718 
452 73 2243 292 157 184 1722 55 1940 2126 1655 198 73 2126 
453 135 697 1722 55 1196 1790 1522 55 507 206 55 1013 55 365 73 
454 312 55 206 1301 206 55 2098 1699 1876 2126 1217 25 1619 2098 
455 1522 73 135 1722 55 1478 2126 206 1722 1722 55 55 535 55 535 55 
456 209 2767 6 6 184 292 1545 1889 1722 55 55 2098 206 129 1722 55 6 55 
457 73 66 209 98 2098 2098 55 184 55 206 261 1722 151 55 1478 1154 55 73 
458 1522 55 55 135 6 129 114 55 55 272 1066 55 206 537 209 
459 55 206 206 1080 184 73 601 2098 292 55 1722 184 55 
460 206 42 55 55 2212 16 55 6 1722 741 206 206 
461 1200 55 209 2075 55 1619 55 697 1522 1719 26 55 55 206 1722 1196 2126 
462 536 6 55 209 206 2098 55 55 55 6 2309 1619 55 1833 55 1540 1722 507 
463 535 73 1841 1790 2098 1722 2098 1196 55 55 292 2309 143 55 55 184 
464 55 142 73 55 2098 55 38 55 2126 586 6 55 507 55 2126 
465 1522 55 1619 6 1200 73 536 55 73 1722 1719 151 55 1699 206 
466 6 2126 142 2098 55 1522 1114 55 1719 55 55 55 184 
467 507 536 6 1722 292 1719 2047 507 206 2309 920 1619 198 73 55 166 
468 1722 55 2126 1073 198 2033 1619 206 55 209 1722 206 55 73 1722 535 507 
469 536 6 55 184 184 55 55 507 6 184 1478 55 143 2309 292 206 1722 2126 55 
470 55 6 1057 55 1722 2315 1522 1522 2126 206 292 55 184 55 
471 55 55 1200 73 42 55 55 1619 1790 26 55 292 111 55 26 55 55 
472 55 26 1593 209 73 206 1478 55 6 73 206 2761 25 1066 
473 73 1522 1722 206 206 55 206 55 209 2320 
474 209 1724 272 209 2098 143 1478 55 55 1129 55 583 2126 55 55 2496 2098 
475 142 73 55 536 42 55 1802 25 184 292 1540 272 1719 184 
476 73 206 536 1790 2098 55 206 1619 1165 55 26 55 586 206 55 1699 
477 2227 2761 98 1522 55 2126 184 2761 136 1200 1478 55 
478 55 55 2098 2132 292 206 16 39 209 55 55 1165 802 920 55 1522 
479 1200 55 55 524 507 2098 157 209 206 1129 206 
480 55 206 206 1790 55 55 847 73 143 2034 2761 507 2262 73 1719 6 209 
481 200 55 2033 1722 55 73 1200 1321 867 206 1619 
482 73 1200 55 55 73 143 55 1722 184 42 206 55 55 114 
483 1522 209 55 2098 206 55 206 55 2126 1719 55 2172 55 55 42 55 
484 206 55 507 55 55 143 1719 55 1722 55 594 55 1719 115 206 1722 6 
485 2132 1722 55 6 1722 1722 333 206 2126 2126 1719 
486 535 272 1722 1478 292 2126 55 55 55 55 535 55 206 2126 55 55 586 
487 111 55 6 2126 55 55 55 1724 55 55 1722 73 55 6 
488 1522 73 55 55 1722 206 1196 55 1790 2098 2098 129 2126 292 55 55 55 55 
489 55 1478 206 55 2126 143 1678 55 1196 535 2761 55 206 6 55 
490 55 829 66 272 98 55 206 55 1724 1722 1009 1154 73 55 1719 1722 
