0 507 136 507 507 507 55 507 507 507 507 507 507 507 
1 507 507 507 507 507 507 507 507 507 507 507 16 507 165 507 
2 507 507 507 507 507 507 507 507 507 507 507 507 507 507 507 507 
3 55 55 55 55 55 55 55 55 55 115 55 55 55 55 
4 507 507 507 507 507 507 507 507 507 507 507 507 507 157 
5 166 312 166 166 166 166 55 47 166 166 166 166 166 166 
6 507 436 47 436 436 489 436 436 1219 136 436 16 436 436 436 436 
7 136 507 507 507 166 507 136 312 507 507 507 507 
8 507 507 507 507 507 507 507 262 507 507 507 507 55 507 507 507 507 
9 507 507 507 507 55 507 507 
10 55 55 55 55 55 55 55 55 55 55 55 55 55 
11 507 16 16 507 16 16 16 16 16 16 16 16 16 16 
12 16 16 16 16 16 16 16 16 16 16 16 16 
13 55 55 16 55 55 55 55 55 55 55 55 55 55 135 115 
14 507 507 507 1118 529 55 1399 507 16 507 1234 507 507 507 136 507 507 
15 507 507 594 507 507 507 507 507 507 507 
16 507 507 507 507 507 507 507 507 507 507 507 507 507 507 507 507 507 
17 507 507 507 507 507 507 507 507 507 507 507 1574 507 507 507 507 
18 136 529 136 136 136 136 1877 136 136 136 136 136 189 136 
19 55 55 55 55 55 55 165 55 55 573 55 55 55 55 55 
20 507 507 507 507 507 507 129 507 507 507 16 507 507 507 507 
21 507 507 507 1713 507 507 507 507 507 507 507 507 507 135 507 507 
22 55 165 507 55 55 55 55 55 55 55 55 55 55 55 55 55 2033 55 
23 55 55 55 157 55 55 55 6 55 55 55 507 55 23 55 55 55 55 
24 507 507 507 507 507 507 507 507 507 16 507 1632 507 507 
25 507 16 16 16 507 16 16 16 16 16 16 16 16 16 
26 115 115 115 115 115 165 115 115 115 115 115 115 507 115 
27 507 507 507 507 507 507 507 507 507 507 507 507 507 507 507 
28 55 55 55 55 55 9 
29 507 507 507 507 507 507 507 507 189 507 507 507 
30 16 16 16 16 16 6 16 16 507 16 16 
31 55 507 507 1713 507 507 507 507 507 507 507 507 16 507 507 507 507 
32 115 115 77 115 115 115 115 115 507 115 115 6 16 115 115 115 115 115 1108 
33 507 507 507 507 507 507 507 507 507 507 507 507 507 507 507 
34 507 507 507 507 507 507 507 507 507 507 507 507 
35 55 55 55 55 55 507 55 34 55 55 55 55 55 
36 55 6 16 55 55 157 55 55 55 55 55 55 55 55 
37 66 66 66 66 66 157 66 66 66 66 66 66 66 66 66 66 66 
38 115 115 344 115 115 115 115 115 115 115 115 115 115 115 115 115 
39 16 507 507 507 507 507 507 507 507 507 507 507 507 507 507 507 507 
40 55 55 55 55 55 136 55 16 55 55 55 
41 507 507 55 507 507 507 507 507 507 507 77 507 507 507 
42 507 507 507 507 507 507 136 507 507 507 507 507 507 165 507 
43 6 6 136 198 6 6 6 507 6 6 6 6 6 6 6 
44 507 507 507 507 507 507 507 507 507 507 55 507 507 507 507 507 
45 66 66 66 507 537 601 66 66 66 66 66 312 66 507 507 66 
46 507 507 507 507 507 507 507 507 507 507 507 507 507 507 507 
47 135 135 135 135 135 16 135 135 135 135 135 37 135 
48 55 55 55 55 55 55 55 55 55 55 55 
49 55 55 55 55 55 55 55 55 55 55 55 
50 507 55 507 507 52 507 507 507 507 507 507 507 507 507 
51 507 507 507 507 507 507 507 507 165 507 507 507 507 507 16 
52 507 507 507 507 507 1632 507 507 507 507 507 507 507 507 507 507 507 507 507 507 
53 507 507 507 98 507 507 507 55 507 507 573 507 507 507 507 
54 507 507 507 507 507 507 507 507 507 507 507 507 507 507 507 
55 507 507 66 507 507 507 507 507 507 507 507 507 507 507 507 
56 507 507 507 573 507 77 
57 55 55 55 55 55 55 55 55 55 55 55 
58 507 55 16 507 507 507 507 507 929 507 507 507 507 507 507 507 
59 58 55 507 55 55 55 55 55 135 55 55 
60 135 135 135 135 25 135 135 135 135 55 135 312 135 135 489 135 135 
61 507 507 507 507 507 507 507 507 507 1946 16 507 2210 507 507 
62 507 507 507 507 507 507 507 507 115 507 507 507 507 507 507 507 
63 507 507 507 98 524 42 507 507 1833 507 507 507 507 507 507 507 
64 507 507 55 234 507 507 507 507 507 507 507 507 16 507 312 
65 16 507 507 1118 507 507 507 507 507 507 507 507 
66 55 66 55 55 55 55 55 55 1994 55 55 1877 55 34 55 55 507 
67 507 507 507 507 507 507 55 198 507 507 507 507 507 507 
68 507 507 507 507 507 507 507 507 507 507 507 507 507 507 507 
69 507 312 507 507 507 507 507 507 507 507 1632 507 532 
70 507 507 507 507 507 
71 507 312 507 507 507 507 507 1320 507 507 507 507 507 507 507 507 
72 507 507 507 507 507 507 507 507 507 507 507 507 507 507 507 507 507 507 
73 66 66 66 66 66 66 66 66 66 66 507 66 66 66 66 66 
74 507 507 507 507 66 507 507 507 507 507 507 
75 507 507 507 507 507 344 507 507 507 507 507 507 507 507 507 507 
76 507 507 507 507 507 507 507 507 6 507 507 507 507 507 507 507 507 507 
77 55 55 55 73 55 507 55 55 157 55 55 55 507 55 55 55 55 55 
78 507 507 507 16 507 507 960 507 507 507 507 507 507 507 
79 1282 16 507 507 507 16 507 507 507 507 507 507 507 507 507 507 507 
80 136 136 136 136 136 136 136 136 507 136 6 55 136 136 136 136 
81 115 115 115 115 115 507 115 507 115 115 115 115 115 
82 507 507 507 507 507 507 507 507 507 507 507 507 507 55 507 166 
83 55 55 37 55 55 55 16 42 507 55 55 55 55 55 
84 55 55 55 55 16 55 55 55 55 55 55 55 489 55 55 55 55 55 55 
85 507 507 507 507 55 507 507 507 507 507 507 507 507 507 
86 507 42 42 42 55 42 42 42 42 42 42 42 42 42 42 
87 507 507 136 507 507 507 507 507 55 507 507 507 507 507 507 507 165 
88 507 507 507 507 507 507 507 507 507 507 507 507 507 507 507 507 
89 2430 55 507 55 55 55 55 55 55 55 55 55 34 55 55 55 
91 507 507 16 507 507 507 507 507 507 
92 55 55 507 55 136 55 136 55 55 55 55 55 
93 507 507 507 507 507 507 507 507 507 507 507 507 507 507 507 55 507 507 507 
94 507 16 507 507 507 507 507 507 224 507 507 507 924 507 507 
95 507 507 507 1388 507 507 507 507 507 507 507 507 507 115 507 42 
96 507 507 507 507 507 507 507 507 507 507 507 507 135 507 507 507 507 
97 507 507 507 507 34 507 507 136 507 507 507 507 507 
98 55 55 55 55 55 1989 16 55 55 55 1615 55 55 
99 507 507 507 507 507 507 507 507 507 6 507 507 115 507 507 507 507 507 
100 55 507 507 55 55 1242 55 55 55 72 55 66 2598 55 
101 55 55 55 55 55 55 55 55 55 55 55 1654 55 1219 
102 55 55 55 55 55 55 55 55 55 55 16 55 55 55 
103 136 136 136 541 55 136 136 136 136 766 136 136 136 
104 507 507 55 507 507 507 507 507 166 507 507 507 507 507 507 
105 16 16 16 16 16 16 16 16 16 16 16 16 16 16 16 
106 507 16 507 507 507 507 
107 16 16 16 166 312 16 16 16 507 16 16 16 16 16 16 16 16 
108 55 55 55 55 55 55 55 55 55 55 55 
109 507 55 507 507 507 507 507 507 507 507 47 507 507 507 507 507 507 
110 55 55 55 55 55 55 55 55 6 55 55 55 55 55 55 55 55 55 
111 507 507 507 507 312 507 507 507 507 66 601 507 507 365 507 507 507 507 
112 312 507 129 507 507 507 1197 507 507 507 507 344 507 507 507 
113 136 136 136 136 136 136 136 136 136 136 136 136 136 136 
114 507 507 507 507 507 507 507 507 507 507 507 16 507 165 
115 507 55 507 507 166 507 507 507 507 507 1654 507 507 507 507 507 507 507 489 
116 6 6 6 6 6 507 6 6 6 6 6 6 
117 507 507 507 507 507 507 16 507 507 507 507 507 507 
118 55 55 55 55 191 55 55 55 55 55 55 55 55 55 55 55 55 
119 507 507 507 166 165 507 507 573 507 507 507 507 507 507 507 507 
120 507 507 507 507 507 507 507 507 507 507 507 507 507 507 
121 16 16 16 16 16 16 42 16 16 16 16 16 16 
122 507 507 507 507 507 165 507 1977 507 115 507 507 
123 507 507 507 507 507 507 2622 507 507 507 507 507 507 
124 16 507 507 507 6 507 6 507 136 507 98 
125 55 55 55 55 55 55 55 16 55 55 55 55 55 55 
126 16 507 507 507 136 507 507 507 507 507 136 507 507 55 
127 507 507 507 507 507 16 436 507 507 507 507 507 489 
128 6 6 6 6 6 6 6 6 6 6 6 6 6 165 6 6 
129 507 507 507 507 507 507 6 507 507 507 507 507 507 507 507 507 66 507 
130 312 507 507 66 507 507 833 507 507 507 507 507 507 507 507 66 
131 507 507 507 507 507 198 436 42 135 507 507 507 507 507 507 507 
132 136 136 136 136 136 136 136 
133 115 115 115 115 115 115 115 344 
134 507 507 507 507 165 507 507 507 507 55 507 507 507 507 507 312 
135 507 507 507 507 507 507 507 507 344 507 507 
136 507 507 507 507 507 507 507 507 507 507 507 507 507 507 507 507 
137 136 136 136 42 136 165 136 136 136 
138 507 507 507 135 55 507 2210 507 52 507 507 507 507 47 507 507 507 
139 66 66 66 66 2001 66 47 66 66 66 66 66 66 66 
140 115 115 507 115 115 115 115 115 344 115 115 
141 507 507 507 507 507 507 507 507 507 507 507 507 507 
142 507 507 507 507 507 507 507 507 507 507 30 507 507 507 507 1718 55 507 
143 507 507 16 507 507 507 507 507 507 507 507 507 507 
144 507 507 507 507 507 507 507 507 507 507 507 507 507 507 
145 507 16 507 55 507 507 507 507 507 507 507 507 507 507 507 507 507 507 507 
146 507 507 507 507 507 507 55 507 507 507 507 507 
147 55 55 55 55 55 55 55 55 55 55 55 
148 507 344 507 55 507 507 507 507 507 507 507 507 507 507 507 
149 507 507 507 529 1581 507 209 507 136 507 507 507 507 
150 16 55 55 55 55 55 55 55 55 55 231 55 55 55 55 55 55 
151 344 507 507 507 507 507 16 507 507 507 507 507 507 507 507 507 507 
152 507 25 507 507 507 507 312 507 507 507 507 507 507 55 
153 55 55 55 55 16 55 2218 55 55 55 55 55 115 55 55 
154 507 507 312 507 507 507 507 507 507 507 507 507 507 507 507 507 
155 507 165 507 507 507 507 507 507 507 507 507 507 507 1118 507 507 507 
156 507 507 507 507 507 507 507 507 507 507 507 507 
157 55 55 55 55 55 55 55 55 55 55 157 55 55 55 524 16 
158 507 507 507 507 507 507 507 507 507 507 507 
159 507 507 507 507 507 507 507 507 507 507 507 507 
160 42 42 42 42 42 42 42 42 42 42 42 42 42 42 42 42 
161 16 16 16 16 16 16 16 16 16 16 16 16 16 16 
162 507 1768 6 507 507 507 507 507 166 507 507 507 55 507 507 507 507 
163 55 55 55 6 55 55 55 55 55 507 562 55 55 
164 16 25 507 507 507 507 507 507 55 507 157 507 1824 507 507 507 
165 507 507 507 312 507 507 507 507 55 507 507 507 507 34 507 
166 507 507 507 507 507 198 507 16 507 507 507 507 165 
167 55 55 55 55 55 55 55 55 55 55 55 55 16 55 55 55 
168 66 66 312 66 66 66 66 66 66 66 66 66 66 66 
169 507 507 507 507 507 507 507 507 16 507 507 507 507 507 
170 436 507 507 507 507 507 507 507 507 507 507 507 
171 507 507 507 507 507 507 507 507 507 507 
172 507 507 507 507 507 507 507 507 507 16 507 507 507 507 
173 507 507 507 507 507 55 312 507 507 507 507 507 507 507 507 66 507 
174 55 55 55 55 55 55 55 55 55 55 55 55 55 55 55 55 55 
175 2729 507 507 507 1320 507 507 507 507 507 507 507 507 507 507 507 507 
176 507 507 507 507 507 507 507 507 507 6 100 507 
177 115 115 115 115 115 115 115 115 115 115 115 114 507 507 115 115 55 
178 55 55 55 55 55 55 55 55 55 55 55 55 55 55 55 507 55 
179 55 55 55 55 55 136 55 312 55 55 55 55 55 55 
180 16 16 16 16 16 16 16 16 16 16 16 16 507 1786 
181 507 507 344 507 507 507 507 507 507 507 507 507 
182 507 507 507 507 507 507 507 507 507 797 507 
183 507 507 507 507 507 507 507 507 507 77 507 507 55 507 507 507 507 55 
184 55 115 507 507 507 507 507 507 507 
185 55 55 55 6 55 55 55 55 198 261 55 55 55 55 157 55 
186 16 16 16 16 16 16 16 16 16 16 16 16 16 
187 115 115 115 115 115 344 115 115 115 115 115 115 344 
188 135 507 507 507 507 507 507 507 507 507 507 507 
189 2599 507 25 507 507 507 507 507 507 507 507 507 
190 16 16 16 16 16 16 507 16 16 16 16 115 16 16 
191 55 55 1877 55 72 55 55 42 55 55 55 55 507 66 
192 507 507 507 507 507 507 507 507 507 55 507 507 
193 507 507 507 507 507 507 114 507 507 157 507 166 6 507 507 
194 135 507 507 507 507 507 507 507 507 436 507 55 
195 135 135 135 135 55 16 135 135 135 135 135 
196 166 166 166 507 166 166 166 16 166 166 166 166 166 166 166 16 
197 55 507 507 507 507 507 507 507 507 507 507 507 507 507 507 
198 16 507 16 16 16 16 16 16 16 16 16 16 16 16 16 23 507 16 
199 136 136 136 136 136 136 136 136 136 136 136 136 136 136 
200 115 115 115 115 115 6 115 115 115 115 115 115 115 2693 115 115 
201 16 16 16 16 16 16 16 16 16 16 16 16 16 16 
202 34 34 34 34 34 55 34 34 34 34 34 34 34 34 
203 55 55 55 55 55 55 55 55 136 55 55 55 
204 436 507 436 436 436 436 436 436 436 436 436 436 436 
205 55 55 55 55 55 55 82 55 55 55 55 55 55 55 55 55 55 115 55 
206 2218 55 55 55 55 55 55 39 55 55 55 55 55 55 55 55 
207 507 507 507 507 507 507 507 507 507 507 507 507 
208 507 507 507 507 507 507 507 507 507 507 507 507 507 
209 507 2599 507 507 507 507 507 507 507 115 507 507 507 157 
210 55 55 55 55 55 55 55 231 34 55 55 55 55 
211 136 66 136 136 136 2033 136 136 136 136 136 136 136 136 136 136 
212 507 507 507 507 507 507 507 16 507 507 507 507 507 507 507 507 507 507 507 
213 507 507 507 507 507 1833 507 507 55 507 507 507 
214 16 16 16 157 16 16 507 16 16 16 16 16 16 16 16 16 
215 507 507 507 507 507 507 507 507 507 507 507 165 16 507 
216 66 115 115 115 115 115 115 115 115 115 115 115 115 115 115 
217 507 653 507 507 507 507 507 507 507 507 507 507 507 507 507 507 507 507 
218 30 66 66 66 66 66 66 507 823 66 66 436 
219 2629 507 507 507 507 507 507 507 507 507 507 
220 507 507 507 507 507 507 507 507 507 507 507 507 507 165 507 
221 507 507 507 507 507 507 507 507 157 42 6 136 507 507 165 507 16 114 507 
222 507 507 507 55 166 507 507 507 507 507 507 507 507 55 507 507 507 
223 55 55 55 55 55 55 55 1501 55 507 55 55 16 
224 507 507 98 507 507 507 16 55 507 507 507 507 573 507 507 16 507 507 
225 507 507 507 507 507 507 507 507 115 507 507 507 507 507 507 507 
226 55 55 16 55 2598 507 98 55 1592 312 55 55 
227 507 507 507 507 507 507 507 507 507 507 66 507 507 34 507 
228 115 115 115 115 115 115 115 115 115 115 115 115 115 115 
229 55 55 55 55 55 55 55 55 55 55 55 55 55 
230 507 507 507 507 16 507 507 507 507 507 507 507 507 507 507 
231 507 507 507 507 507 157 507 507 507 507 507 507 507 507 
232 2292 507 507 507 507 507 507 507 507 
233 507 507 507 507 507 55 507 507 1833 507 507 507 507 507 507 
234 55 6 507 55 55 55 55 55 55 55 55 55 55 55 55 
235 507 507 507 507 507 507 507 507 507 507 311 507 507 
236 507 507 1977 507 507 507 507 507 507 507 507 
237 507 52 507 507 507 507 507 507 507 507 507 507 507 507 507 507 2629 507 
238 55 55 55 55 55 55 55 2496 2644 115 55 55 55 55 55 
239 507 507 507 507 507 507 114 507 507 507 2597 55 
240 507 55 507 507 507 507 507 507 507 507 1013 507 507 507 507 507 16 
241 507 507 507 507 507 507 507 1824 507 507 
242 507 507 507 507 507 507 507 507 507 507 507 507 507 507 189 507 507 
243 115 115 115 115 115 115 115 115 115 115 115 115 115 
244 507 136 55 507 66 507 507 115 507 507 507 507 507 507 507 507 507 
245 34 34 34 34 34 34 34 
246 507 507 507 507 85 507 507 507 507 507 507 507 507 507 507 
247 507 507 16 507 1320 507 507 507 
248 507 507 507 507 2218 507 507 507 55 507 507 66 507 
249 507 507 507 507 66 507 2496 507 507 507 507 507 507 507 507 507 507 
250 507 507 507 507 507 507 507 507 507 507 507 507 312 507 507 135 507 507 
251 16 16 16 165 16 16 16 16 16 16 16 16 16 
252 507 507 507 234 507 234 507 507 507 507 507 507 507 507 507 507 507 
253 507 507 507 507 507 42 507 507 529 507 507 507 
254 899 115 115 507 115 115 115 115 507 115 115 115 115 115 115 115 
255 507 2033 489 489 489 489 489 489 489 489 489 
256 507 507 507 507 507 507 262 601 507 507 507 507 507 
257 507 312 507 507 507 507 507 507 507 507 
258 55 1701 55 55 55 55 55 55 55 507 55 55 55 55 
259 55 55 55 55 55 55 55 55 55 55 55 55 47 55 
260 1026 507 507 1768 507 507 507 507 23 507 507 507 66 507 
261 115 115 115 115 115 136 115 115 115 115 115 115 55 115 507 115 115 
262 507 507 507 507 507 507 507 507 507 507 507 573 507 507 507 
263 66 66 66 66 66 66 66 66 25 66 66 507 66 66 66 66 66 
264 507 55 42 507 507 136 507 507 507 507 507 47 
265 507 507 507 507 507 157 507 507 507 507 
266 507 507 507 507 507 507 16 507 16 507 507 507 507 507 507 
267 344 344 16 16 16 16 16 16 16 16 16 16 16 16 
268 507 507 507 507 16 507 507 16 55 507 507 507 
269 507 507 507 507 623 507 115 507 507 507 507 507 507 507 507 
270 55 55 333 55 55 55 55 55 55 55 55 55 55 55 47 55 55 
271 55 507 507 507 507 507 507 507 507 507 507 507 507 507 507 55 507 507 507 
272 115 115 115 115 115 115 115 115 115 115 115 115 115 115 115 
273 507 507 507 507 507 507 507 507 507 507 507 507 507 507 507 
274 507 507 6 507 507 507 507 507 6 507 507 507 507 507 507 100 507 507 
275 507 507 507 507 16 507 507 507 507 507 507 507 
276 507 507 312 507 507 507 507 115 507 
277 507 507 507 507 129 507 507 507 507 1833 507 507 507 507 
278 507 507 507 507 507 1197 507 507 507 507 507 507 507 507 507 
279 66 507 507 507 507 507 507 507 
280 66 66 66 66 66 66 66 66 66 66 66 66 66 66 66 66 
281 507 507 507 507 6 507 55 507 507 507 507 507 16 507 507 507 507 
282 507 507 507 507 507 507 507 507 507 507 507 507 507 
283 507 507 507 507 38 166 507 507 189 507 507 507 507 55 
284 507 507 507 507 507 136 507 6 507 507 507 507 55 507 507 
285 507 507 507 507 507 507 507 507 507 507 507 507 507 
286 507 25 541 507 507 507 507 30 507 507 507 507 16 507 507 507 
287 507 507 1339 507 507 507 507 507 507 507 507 507 507 507 
288 115 115 115 115 115 115 115 115 115 115 6 507 
289 55 55 55 16 55 55 55 157 55 55 55 55 2001 55 55 55 
290 507 507 507 507 507 507 507 507 507 623 507 507 507 507 55 507 507 42 507 
291 507 507 1118 507 507 507 507 507 507 507 507 507 23 507 507 507 507 507 
292 489 489 489 489 489 489 489 489 489 489 489 489 489 
293 55 55 766 55 55 55 55 55 55 55 1118 55 55 55 55 507 55 55 55 
294 507 507 507 165 507 55 507 507 507 507 507 507 
295 507 507 507 507 507 507 507 507 507 507 507 507 507 
296 507 507 507 507 507 507 165 507 55 55 507 507 507 507 
297 115 115 507 55 115 115 115 115 115 115 115 115 55 507 115 115 
298 66 507 507 507 507 16 507 507 507 507 16 507 507 507 507 507 507 507 507 507 
299 66 66 66 66 66 507 66 66 489 66 66 
300 507 16 55 507 135 507 507 507 507 507 16 507 507 
301 507 507 507 507 507 507 507 507 16 507 507 507 507 507 507 
302 507 507 507 507 507 507 507 507 507 507 448 507 507 
303 157 42 157 136 157 157 157 157 157 1977 157 157 157 157 157 
304 6 6 6 6 6 6 6 6 6 6 6 
305 42 42 42 42 42 42 42 42 42 42 42 42 42 16 42 42 
306 507 507 36 507 507 507 55 507 507 507 507 507 507 507 507 507 507 507 507 
307 507 507 507 507 507 507 507 507 507 507 507 507 166 507 
308 55 55 55 55 55 55 55 55 55 55 55 55 
309 507 507 507 507 507 507 507 507 100 507 507 507 55 507 520 507 507 312 
310 507 507 507 507 507 507 507 507 507 507 507 507 507 507 507 
311 507 507 507 507 507 
312 507 507 507 507 507 507 507 507 507 507 507 312 507 507 507 507 
313 55 55 55 55 55 55 55 55 55 55 55 55 
314 507 507 507 507 507 507 507 507 507 55 507 507 507 16 507 507 
315 55 55 55 16 55 766 913 55 55 55 55 55 198 
316 507 507 507 507 507 507 507 507 507 507 507 507 507 
317 166 507 166 507 166 166 166 166 166 166 166 166 312 166 166 166 166 166 
318 507 507 507 507 507 507 55 507 507 507 66 507 507 16 507 
319 55 55 55 115 55 55 16 55 55 55 507 55 
320 507 507 507 55 507 507 2098 507 
321 507 507 507 507 507 507 507 507 507 507 507 507 
322 507 507 507 507 507 1320 507 507 507 507 507 507 507 507 
323 55 55 55 55 55 55 55 55 55 55 55 
324 507 507 507 1320 136 507 507 507 507 16 507 507 507 
325 507 344 25 507 507 135 507 166 507 52 136 507 507 799 507 16 
326 507 115 115 115 115 115 115 115 115 115 115 115 115 115 115 115 115 
327 507 507 507 25 507 507 507 507 507 507 507 507 115 507 507 
328 72 55 55 55 55 55 55 55 55 115 55 55 55 55 55 
329 507 507 507 507 1399 507 507 507 507 507 507 507 507 507 
330 507 507 507 507 507 507 507 507 507 507 1717 55 507 507 507 507 507 
331 136 136 136 136 136 136 136 136 136 136 136 136 136 136 136 
332 55 507 55 55 2644 55 55 55 55 507 55 55 55 55 55 55 
333 507 507 507 507 507 507 42 55 135 507 507 507 507 507 507 507 507 
334 72 507 507 507 507 507 507 135 507 507 507 
335 507 507 166 507 507 507 507 507 507 507 507 507 507 507 507 507 
336 1977 507 507 507 507 507 507 507 507 507 507 
337 507 507 507 507 55 507 436 507 507 507 1519 507 1977 507 507 
338 55 55 55 55 55 55 136 55 55 55 55 55 55 55 55 55 55 
339 115 115 115 115 115 115 115 115 115 115 115 115 115 115 115 115 115 115 
340 489 489 507 489 489 489 489 47 489 489 489 489 47 489 489 489 
341 16 16 165 34 16 507 16 16 16 16 16 16 16 16 16 16 
342 151 507 507 507 507 507 115 507 507 507 507 42 
343 55 55 55 55 55 55 55 55 55 55 55 55 55 55 55 55 
344 55 55 55 55 312 55 55 55 55 55 55 136 55 312 166 55 
345 507 507 507 135 507 507 507 507 507 507 507 507 507 507 507 507 507 
346 115 115 115 115 115 115 115 115 
347 507 507 507 507 507 55 507 507 507 507 507 2001 573 507 507 507 
348 55 55 55 55 55 165 55 55 55 55 55 55 55 16 
349 55 16 55 55 55 312 55 55 115 369 55 55 55 55 55 55 55 
350 312 507 507 507 507 507 507 507 507 507 507 507 55 507 
351 16 16 16 16 16 507 507 16 16 16 16 16 16 507 16 16 16 
352 55 55 55 55 55 55 16 55 55 55 55 55 
353 507 507 507 507 507 507 507 507 507 507 55 507 507 507 
354 507 507 507 507 6 507 2218 42 507 507 507 507 507 
355 507 507 507 507 16 507 507 507 507 507 507 507 
356 55 55 2267 55 1713 55 55 55 55 55 55 55 55 
357 507 507 507 507 55 507 507 507 507 507 507 507 507 507 507 507 507 
358 2213 55 55 55 55 55 594 55 55 55 55 55 55 55 55 
359 16 16 16 16 16 16 16 312 6 16 16 16 16 
360 55 55 16 55 761 55 55 55 55 55 55 55 55 55 
361 587 16 1977 507 507 507 507 507 507 507 507 507 507 507 
362 507 136 507 507 507 507 507 507 507 507 507 507 507 1581 507 507 
363 507 507 507 507 507 507 507 507 507 507 507 507 507 507 
364 507 82 507 507 507 16 507 507 507 55 507 55 507 
365 115 115 115 42 115 115 2693 115 115 115 115 115 115 
366 507 507 507 507 507 507 507 507 507 507 507 507 507 507 507 507 507 
367 507 507 123 507 507 198 507 507 507 507 507 507 55 
368 136 66 507 507 507 507 507 507 344 507 507 
369 507 507 507 507 507 507 507 507 507 507 507 507 507 507 165 
370 507 507 507 507 507 507 507 507 507 507 507 507 115 507 507 
371 115 115 115 115 115 115 507 115 115 115 115 115 115 115 6 115 115 115 
372 507 507 165 507 507 507 507 507 507 507 507 507 507 507 507 507 507 
373 66 115 66 66 66 436 66 66 66 66 66 66 66 66 
374 1197 507 507 507 507 507 507 507 507 1197 507 
375 16 16 16 16 16 16 16 16 16 16 16 16 16 16 16 16 16 16 
376 66 66 2346 909 66 507 66 66 66 66 66 66 66 66 
377 55 55 55 55 55 55 55 55 55 55 55 55 55 
378 507 507 507 507 507 507 507 507 507 507 507 507 507 507 
379 507 55 55 507 507 507 507 507 507 507 507 507 507 507 507 507 507 
380 115 115 115 115 115 115 115 115 115 115 1718 115 115 115 
381 55 66 55 2598 55 55 82 55 55 55 55 312 55 55 55 
382 55 55 55 55 55 55 55 55 55 507 55 55 55 1977 55 55 55 55 
383 55 55 55 55 55 55 55 55 55 114 55 55 55 55 55 55 55 
384 507 507 507 66 2218 507 507 507 507 507 507 507 
385 507 507 507 198 507 507 507 507 507 507 507 507 507 
386 507 507 507 507 507 66 507 507 507 507 507 507 507 507 
387 507 507 507 507 507 507 507 507 507 
388 507 507 507 507 507 507 507 507 507 507 507 507 507 507 507 507 
389 507 507 507 507 507 507 507 507 507 507 507 
390 16 507 507 507 507 507 507 1204 507 507 507 507 507 507 507 507 507 
391 507 507 507 594 507 507 507 507 507 507 507 507 507 507 507 
392 6 6 6 16 6 6 507 6 507 6 6 6 6 6 6 55 
393 55 507 507 507 312 507 115 507 507 507 55 507 198 507 507 507 
394 136 136 136 136 136 136 34 136 136 136 136 55 136 136 136 136 
395 507 507 507 507 507 507 507 507 507 507 507 507 507 507 507 
396 507 507 507 507 165 507 507 507 507 507 507 507 507 
397 115 115 115 115 115 115 115 115 115 115 115 115 
398 507 507 507 507 507 507 507 507 507 507 507 507 507 507 507 507 
399 507 507 507 507 136 507 507 507 507 507 507 507 507 507 507 507 507 
400 16 16 507 16 16 16 16 16 114 16 507 30 16 312 
401 165 507 507 507 507 507 507 16 507 507 507 507 507 507 507 165 
402 507 55 507 507 507 507 507 507 507 507 507 507 507 
403 55 55 55 312 55 2033 55 55 123 507 55 55 55 55 55 
404 344 166 166 166 166 166 166 166 166 166 166 507 166 166 166 166 166 
405 55 55 55 55 55 55 55 55 55 157 115 55 55 55 55 16 55 
406 507 507 66 507 507 507 507 507 507 507 2598 507 166 507 
407 507 507 507 105 16 507 507 66 507 507 507 507 507 507 507 507 507 507 507 507 
408 1251 507 55 507 507 507 55 135 507 507 507 507 507 507 507 507 
409 507 507 507 507 507 55 507 507 507 507 507 507 507 507 507 507 507 
410 115 507 115 115 115 115 115 115 115 115 115 115 
411 507 507 507 507 507 507 507 507 951 165 507 766 507 16 507 507 507 
412 16 16 16 16 16 16 16 16 16 16 16 16 
413 47 47 47 47 47 436 47 47 47 47 47 47 47 
414 507 507 507 115 507 507 507 507 115 507 507 165 
415 42 42 42 42 507 42 42 42 507 166 42 312 42 42 42 42 42 
416 16 16 16 16 16 16 165 16 16 16 16 16 
417 234 507 507 507 507 507 507 507 507 507 507 507 507 507 507 136 165 
418 507 507 507 507 507 507 507 507 173 507 
419 16 16 16 16 16 16 16 1717 16 16 16 16 16 16 
420 2292 507 507 507 507 507 507 507 507 507 507 507 16 
421 507 507 507 55 507 507 507 507 507 507 507 507 507 2319 507 507 507 507 
422 507 507 507 507 507 507 507 507 507 507 507 507 507 507 507 
423 16 16 16 16 16 115 16 16 82 16 136 16 16 16 
424 55 55 55 55 55 16 55 55 55 55 55 507 55 55 55 
425 507 507 312 507 1632 507 507 1968 166 507 507 507 507 507 
426 507 507 507 507 507 507 507 507 507 507 507 507 507 507 507 507 507 
427 507 507 507 507 507 507 507 507 507 507 507 507 507 
428 507 507 507 507 507 507 507 507 507 1026 136 507 507 507 507 
429 115 115 115 115 115 115 115 115 115 115 115 115 115 115 66 
430 507 507 507 507 25 507 507 507 507 507 507 507 507 507 507 
431 47 115 507 115 115 115 115 115 115 115 115 
432 507 507 507 507 507 507 507 507 507 55 507 507 507 507 507 507 
433 507 507 507 507 507 507 507 312 507 66 507 507 507 507 507 507 507 
434 507 507 507 1060 507 507 507 507 507 507 507 507 507 
435 55 55 55 55 55 55 16 55 55 55 55 
436 507 507 507 507 507 507 507 507 507 507 507 507 507 507 507 507 507 
437 136 136 136 136 136 136 136 136 66 507 136 136 136 136 136 
438 72 507 507 507 72 507 507 507 507 507 55 507 1718 16 507 
439 507 507 507 496 507 507 507 262 507 601 507 507 507 507 507 507 
440 507 507 209 507 507 507 507 507 507 507 198 507 507 507 
441 507 507 507 507 507 507 507 507 136 507 507 507 507 507 
442 55 6 55 115 16 55 55 55 537 55 55 55 55 55 55 55 77 16 
443 507 312 507 507 507 507 507 507 507 507 507 507 507 
444 507 507 507 507 55 507 507 507 507 507 
445 115 115 115 115 66 507 115 115 115 115 115 115 115 
446 507 507 55 507 507 507 507 507 507 507 507 507 507 507 507 507 
447 16 16 16 16 16 16 16 16 16 16 507 16 16 16 
448 136 136 136 165 136 136 899 136 333 136 136 136 16 136 136 
449 507 507 507 507 47 507 507 507 507 507 507 507 507 507 507 507 507 
450 507 66 507 507 1521 507 507 136 507 507 507 507 507 507 507 507 507 
451 55 2629 507 55 1388 507 507 1581 507 507 507 507 507 507 1718 
452 507 507 507 157 507 507 507 115 507 507 198 507 507 
453 2599 507 507 507 507 507 507 507 507 507 507 1013 1833 507 507 
454 312 507 507 507 507 55 507 507 66 507 507 507 507 507 
455 507 507 135 507 507 507 507 507 507 507 507 507 507 507 507 507 
456 507 507 507 507 507 507 1501 507 507 507 507 507 507 129 507 507 16 507 
457 55 66 55 16 55 55 55 55 55 55 261 55 1654 55 1478 98 55 55 
458 507 507 55 507 507 129 114 507 507 507 507 507 507 520 507 
459 507 507 507 507 507 507 601 507 507 507 507 507 507 
460 507 507 507 507 469 16 507 6 507 507 507 507 
461 507 507 507 507 507 507 165 507 507 507 507 507 507 507 507 55 507 
462 507 507 507 507 507 507 507 507 55 6 507 507 55 507 507 507 507 507 
463 55 55 1984 55 55 55 55 55 55 55 55 55 55 55 55 55 
464 55 55 55 55 507 55 9 55 55 55 6 55 507 55 55 
465 115 115 115 115 115 115 115 115 115 115 115 151 115 115 115 
466 136 136 136 136 136 136 136 136 136 136 136 136 136 
467 507 507 507 507 507 507 2001 507 507 507 507 507 507 507 55 166 
468 507 507 507 66 198 507 507 507 507 507 507 507 507 507 507 507 507 
469 66 66 66 66 66 66 66 507 489 66 66 66 66 66 66 66 66 66 66 
470 55 507 165 55 55 2315 55 55 55 55 55 55 55 55 
471 55 55 55 55 16 55 55 55 55 55 55 55 166 55 55 55 55 
472 55 55 1592 55 55 55 55 55 6 55 55 55 66 55 
473 507 507 507 507 507 507 507 507 507 507 
474 507 507 507 507 507 507 507 507 507 507 507 77 507 55 312 507 507 
475 507 507 507 507 42 507 507 25 55 507 507 507 507 507 
476 507 507 507 507 507 507 507 507 507 507 507 507 507 507 507 507 
477 1977 507 98 507 507 507 507 507 136 507 507 507 
478 55 55 55 55 55 55 16 39 55 55 55 507 562 55 55 55 
479 507 165 507 507 507 507 157 507 507 507 507 
480 507 507 507 507 507 507 507 507 507 507 507 507 507 507 507 507 507 
481 507 55 2292 507 507 507 507 55 507 54 507 
482 55 55 55 55 55 55 55 55 55 42 55 55 55 55 
483 55 55 55 55 55 55 55 55 55 55 55 1118 55 55 42 55 
484 136 136 507 136 136 136 136 136 136 136 1718 136 136 136 136 136 136 
485 136 136 136 136 136 136 136 136 136 136 136 
486 507 507 507 507 507 507 507 507 507 507 507 507 507 507 507 507 507 
487 507 55 507 507 507 507 507 507 507 55 507 507 507 507 
488 507 507 507 507 507 507 507 507 507 507 507 507 507 507 507 507 507 507 
489 55 55 55 55 55 55 55 55 55 55 55 55 55 507 55 
490 507 2629 66 507 507 507 507 507 507 507 507 507 507 507 507 507 
