0 507 136 766 507 2294 2644 507 507 507 507 507 507 507 
1 507 507 1877 507 507 507 507 507 507 2598 1877 16 507 165 507 
2 507 507 507 507 507 507 507 507 507 507 767 507 1877 507 507 766 
3 312 823 507 507 507 507 507 767 507 115 507 221 507 507 
4 507 507 1877 507 142 1877 766 221 507 1005 507 2644 507 157 
5 507 312 507 507 221 1654 55 2098 55 507 766 166 1478 507 
6 507 1180 344 507 507 2487 436 93 1889 55 507 102 142 507 1877 507 
7 102 766 507 507 166 507 136 312 1116 507 507 221 
8 507 507 507 507 766 507 507 93 507 507 507 507 55 507 142 507 507 
9 507 507 507 507 55 771 507 
10 507 2294 142 766 507 507 138 507 507 507 507 507 2142 
11 507 507 142 507 507 766 507 507 344 55 114 1196 507 114 
12 2286 507 507 16 507 507 507 507 507 312 102 70 
13 507 55 16 507 507 507 1877 304 507 507 142 1196 766 899 115 
14 507 1707 507 1118 2598 55 1399 507 16 507 1234 507 507 507 136 507 507 
15 2294 507 594 507 507 767 507 507 507 312 
16 507 507 142 507 2142 507 507 507 507 507 507 507 507 142 507 507 507 
17 507 507 507 507 507 2294 2294 507 1696 2294 1877 1574 142 507 507 507 
18 507 529 766 507 766 136 1877 766 25 507 766 767 311 507 
19 1475 2598 507 507 55 1244 165 507 507 573 507 507 507 766 507 
20 937 507 507 2644 766 2142 129 507 1877 142 16 766 507 507 507 
21 766 766 507 1713 507 2294 507 507 767 507 507 2294 2294 899 507 2142 
22 507 165 507 2415 507 507 1877 55 507 507 507 507 507 507 2294 507 2415 507 
23 213 55 507 157 2294 2142 221 6 142 507 507 507 55 23 507 507 142 55 
24 507 507 142 507 2294 1654 507 507 507 16 507 1632 507 507 
25 507 507 507 16 507 165 507 1467 1467 333 507 507 507 16 
26 507 165 507 507 115 93 507 507 507 507 507 507 507 102 
27 507 507 507 507 507 507 507 507 507 507 507 507 1877 507 1877 
28 507 2007 507 507 507 38 
29 507 507 507 507 507 507 507 142 62 507 507 507 
30 823 767 507 507 1197 6 1877 2598 507 507 507 
31 55 507 507 1713 507 507 507 507 507 823 142 507 16 507 507 507 507 
32 507 142 77 507 1180 2294 507 221 507 507 507 365 1877 507 507 507 507 16 594 
33 507 507 507 507 766 1654 221 507 2294 507 507 1239 507 507 507 
34 507 507 507 507 507 766 507 507 2294 507 507 507 
35 55 312 55 507 2598 507 507 34 142 507 507 507 766 
36 507 6 78 507 507 1129 2294 507 507 312 507 1239 507 507 
37 507 221 937 66 507 157 2294 304 766 507 507 507 507 2294 507 507 2142 
38 507 507 344 507 507 507 766 507 115 142 507 507 507 507 507 436 
39 454 507 766 507 2100 2007 507 507 507 766 507 507 507 507 2294 1877 2142 
40 766 507 55 507 507 284 507 16 507 507 507 
41 312 2294 55 507 507 507 507 213 507 2294 77 507 507 2142 
42 507 507 507 507 507 507 136 766 507 1877 507 221 142 165 507 
43 142 1239 312 198 2294 507 1632 507 221 507 1467 507 55 507 507 
44 507 93 507 312 507 507 507 507 507 1877 2359 937 507 507 507 507 
45 1475 2400 507 1475 923 601 507 115 507 767 1475 312 58 507 507 507 
46 507 937 507 507 507 507 507 507 766 507 507 507 507 767 507 
47 142 142 507 507 507 16 507 507 766 507 55 37 165 
48 507 55 507 766 507 507 507 766 2142 507 507 
49 507 507 507 55 142 507 507 55 507 507 507 
50 507 1680 766 2142 52 507 507 507 507 507 507 1877 507 507 
51 1239 507 2294 507 507 507 766 507 93 766 507 507 507 2598 16 
52 766 507 507 507 507 1632 507 507 1197 507 507 507 507 221 2598 507 507 507 507 507 
53 766 937 507 98 507 507 507 138 507 507 1397 507 507 507 507 
54 507 1554 507 507 507 507 2100 767 507 507 507 1180 507 507 2142 
55 507 507 66 507 221 2294 507 507 507 507 507 507 507 142 507 
56 507 312 507 1475 507 512 
57 507 507 507 507 55 507 507 507 304 262 55 
58 507 55 16 507 507 766 507 507 929 767 507 507 507 507 507 507 
59 58 344 507 767 507 507 142 507 899 55 507 
60 2142 507 221 507 25 507 507 55 507 1447 507 312 507 507 1833 507 507 
61 2598 507 507 507 2294 507 507 507 304 2598 16 507 1501 142 507 
62 766 507 507 507 507 507 507 304 2294 507 2294 507 507 507 507 507 
63 507 1877 507 98 524 663 2294 507 1833 304 507 507 1654 766 507 507 
64 507 507 55 234 2294 507 507 507 507 2294 507 2598 16 507 312 
65 16 507 507 1118 507 507 1877 507 507 507 507 507 
66 937 93 55 304 507 507 1877 507 1994 112 507 1877 142 2043 507 507 507 
67 507 507 507 507 507 507 55 198 507 142 766 507 711 507 
68 221 304 507 507 507 2294 507 507 766 937 507 507 937 507 507 
69 142 312 1877 507 2142 1877 507 507 2294 766 1632 507 2262 
70 507 507 507 507 507 
71 1475 312 507 507 771 507 507 1320 221 2294 766 142 507 507 507 507 
72 507 507 507 507 2294 507 507 507 2294 507 507 507 507 507 507 507 507 507 
73 507 766 766 2294 767 507 1877 507 221 507 507 507 507 1618 507 2629 
74 1475 507 507 507 1124 937 507 2294 507 507 507 
75 507 507 312 507 507 344 507 507 142 2294 312 507 507 507 507 1239 
76 507 507 507 1554 2598 507 507 507 6 507 93 507 1654 142 507 507 507 507 
77 915 766 1877 73 507 711 507 55 157 766 2294 766 507 507 507 507 507 507 
78 507 507 507 16 507 507 1070 507 142 507 507 507 507 507 
79 2856 16 507 221 507 16 221 507 507 2294 507 507 507 2598 507 1180 507 
80 507 507 507 2294 507 93 115 136 507 507 6 55 507 507 2598 507 
81 344 507 100 909 142 312 507 507 507 1197 2294 507 2142 
82 507 507 507 507 507 2294 2294 507 507 507 937 507 142 55 507 166 
83 507 507 37 507 507 507 78 42 507 2142 767 1877 767 55 
84 507 55 507 55 78 55 55 507 221 507 507 1654 489 55 142 507 507 507 507 
85 507 507 507 507 55 507 507 2294 507 507 507 507 766 507 
86 507 507 507 1475 55 100 2598 1467 142 507 507 507 2294 507 240 
87 507 507 131 507 507 507 1654 507 55 507 507 142 507 2598 507 507 165 
88 507 507 507 507 507 507 507 142 507 507 507 507 507 507 507 142 
89 2430 507 2294 507 766 55 507 142 304 507 507 766 34 507 312 507 
91 507 507 16 507 1180 507 312 507 507 
92 2346 55 507 142 136 2598 136 55 2294 507 507 1632 
93 507 507 507 507 507 507 1467 507 507 507 221 507 507 507 507 55 507 507 507 
94 766 16 507 767 507 142 507 507 224 93 507 507 1501 142 507 
95 1877 507 507 761 304 507 221 507 142 507 507 1877 507 115 312 240 
96 507 937 507 507 507 766 507 2142 507 507 767 507 135 507 507 823 221 
97 507 507 766 507 34 142 507 102 507 2294 2598 1654 507 
98 507 55 1680 507 2728 1989 30 507 507 1877 1311 1197 766 
99 507 507 93 507 507 507 221 507 507 6 507 507 115 507 507 507 507 507 
100 304 767 507 2854 1877 1242 2906 766 142 100 507 66 2598 55 
101 1475 55 507 507 507 507 507 1877 507 507 507 1654 507 1219 
102 1877 507 507 507 507 507 507 507 766 312 30 507 507 2294 
103 507 221 1404 1256 55 1877 304 2294 2598 766 2387 507 507 
104 507 507 55 1475 507 507 507 507 166 507 507 507 2294 507 507 
105 507 507 221 507 507 507 507 507 221 507 507 221 507 507 312 
106 507 16 1399 507 507 142 
107 507 756 312 1197 312 767 507 766 507 1877 142 55 507 507 507 507 2142 
108 507 507 1005 507 507 507 55 142 2142 507 507 
109 507 1404 507 221 507 507 766 2294 507 142 120 1180 507 507 507 956 507 
110 766 55 507 2598 2142 312 507 507 6 507 507 507 507 507 766 507 507 507 
111 507 1475 507 507 312 507 2294 2294 766 711 601 507 507 365 507 507 507 2142 
112 312 2598 2393 221 2294 507 1197 507 507 507 507 344 507 507 507 
113 142 507 507 507 507 70 507 221 507 1877 507 142 507 507 
114 507 312 507 507 37 221 507 507 142 2294 1877 16 507 165 
115 1475 55 507 1877 166 507 507 507 507 507 1654 267 507 507 507 507 507 2142 1494 
116 507 73 142 1554 507 1180 507 507 507 2294 140 507 
117 507 823 1554 507 507 507 231 507 507 507 507 142 507 
118 142 507 507 507 191 507 507 507 507 507 507 507 507 507 507 507 507 
119 507 507 507 166 165 507 507 1527 507 507 507 1877 923 1180 2598 507 
120 507 2294 507 2294 142 262 507 507 507 507 507 507 507 507 
121 507 507 507 507 1877 507 2555 142 507 2100 507 507 55 
122 507 507 2142 507 507 2346 507 2598 507 115 304 1877 
123 507 2294 304 507 507 507 2622 507 507 507 1180 507 507 
124 16 507 142 507 6 507 6 507 136 507 2728 
125 507 221 55 507 507 55 507 16 507 766 767 142 507 55 
126 16 507 507 1877 1116 2294 507 262 507 507 136 507 507 55 
127 507 507 507 507 507 16 436 221 507 221 507 507 489 
128 1320 507 507 142 507 507 221 507 507 937 507 507 16 165 507 2142 
129 766 507 507 507 507 766 455 507 767 507 221 507 766 507 507 507 66 507 
130 312 507 507 66 507 507 833 507 507 1877 1877 1475 312 507 766 66 
131 312 507 507 507 507 198 436 42 363 507 507 507 711 2294 142 507 
132 93 507 507 78 507 221 507 
133 312 344 823 672 1196 55 507 344 
134 507 507 507 507 93 767 507 507 507 55 507 507 507 507 507 312 
135 2294 766 142 507 507 507 507 507 344 507 1326 
136 507 507 1707 507 1080 937 507 507 507 507 507 507 507 1554 507 2142 
137 507 55 1877 1501 1877 165 507 221 136 
138 507 507 1196 912 2644 507 2210 507 52 1005 507 142 507 47 507 507 507 
139 507 507 507 766 2001 312 47 937 115 2294 142 507 507 55 
140 115 507 312 344 115 507 672 507 344 507 55 
141 213 507 507 937 507 1989 2294 312 507 2294 766 507 507 
142 221 507 507 507 507 304 507 507 507 507 30 2728 1877 507 507 1718 55 2294 
143 507 507 78 2294 507 507 767 767 507 507 507 507 507 
144 507 937 507 771 507 2294 507 507 507 507 507 507 507 312 
145 507 16 507 55 507 221 507 507 304 1654 2007 507 507 507 507 507 507 507 507 
146 93 507 766 507 2294 507 55 507 507 2294 507 507 
147 766 55 507 507 507 507 507 221 142 304 507 
148 2903 344 507 55 507 507 507 507 142 507 507 507 507 2294 507 
149 507 507 956 2598 1154 507 209 507 761 507 507 507 507 
150 221 507 507 507 507 507 507 55 507 221 344 1877 55 507 507 507 1696 
151 539 507 507 766 507 507 16 507 507 507 507 1696 507 507 507 507 37 
152 937 25 213 507 1554 1180 312 221 767 507 507 2294 771 55 
153 2142 1475 507 165 16 507 2218 507 507 507 1654 507 115 507 312 
154 507 507 312 766 1554 507 507 767 507 507 507 507 507 507 507 507 
155 507 165 507 507 507 507 507 507 507 507 507 507 507 2172 507 507 507 
156 507 507 507 507 507 507 142 507 142 507 142 507 
157 507 507 55 1475 507 507 142 2294 507 2007 2109 142 507 507 28 16 
158 766 507 507 507 767 507 2294 937 2598 507 507 
159 262 507 507 507 1554 507 507 507 2294 507 2142 312 
160 507 937 2598 2294 2100 1501 1475 507 55 142 1467 221 767 2346 507 507 
161 2598 507 507 507 78 221 507 507 507 507 507 507 507 507 
162 507 1768 455 507 507 221 507 766 166 507 507 507 55 507 507 507 507 
163 507 507 507 6 55 507 312 663 1877 507 562 507 767 
164 16 2257 2598 2294 507 507 507 304 2644 1654 157 507 1478 507 507 507 
165 507 507 142 312 766 507 1989 142 55 507 1654 142 507 34 507 
166 507 507 507 507 507 198 507 73 766 767 507 904 165 
167 507 507 507 507 507 221 507 507 507 507 507 507 16 507 507 55 
168 142 1632 312 507 507 312 2644 507 507 507 142 142 507 507 
169 507 507 507 507 507 2294 507 507 16 507 507 766 1467 312 
170 436 507 507 507 507 507 507 507 507 507 507 507 
171 507 507 1877 507 1475 507 1877 2294 507 507 
172 142 1399 507 507 2294 2294 507 2294 1877 920 507 507 221 507 
173 507 142 1286 507 507 55 312 507 507 2142 142 507 507 771 507 66 507 
174 507 507 142 2294 507 1440 507 507 55 507 507 2007 507 507 55 507 507 
175 2728 507 507 507 1320 507 507 507 507 507 507 2598 507 507 507 507 507 
176 507 507 507 93 1877 507 507 507 766 6 100 507 
177 221 507 507 507 507 1180 221 1180 165 507 507 2109 507 312 766 142 102 
178 507 2294 507 507 507 55 312 507 507 507 142 507 507 507 507 507 1877 
179 1833 507 507 507 507 136 507 312 507 507 507 507 507 507 
180 766 507 937 1877 2294 507 507 142 507 507 2166 507 1554 1786 
181 2142 507 344 507 507 507 507 507 507 507 507 507 
182 507 766 507 507 507 507 507 312 2294 797 507 
183 507 507 507 2294 507 507 507 1877 507 77 507 507 55 1654 507 507 507 55 
184 674 2644 507 507 507 767 507 142 507 
185 507 507 507 6 507 55 1475 2142 1009 2049 2294 507 312 507 157 262 
186 142 507 1286 507 507 2294 2294 55 766 507 507 507 507 
187 16 507 344 142 507 344 507 507 507 507 507 507 344 
188 363 507 507 507 507 142 507 507 507 507 2294 507 
189 2114 766 25 507 507 142 507 507 142 507 507 507 
190 507 221 507 507 78 55 507 221 1632 507 165 115 767 507 
191 1783 1877 1877 507 72 142 507 30 507 507 507 507 507 1695 
192 507 507 507 507 507 507 507 1467 2294 55 507 507 
193 2294 507 312 507 142 507 2109 507 507 157 507 166 6 507 767 
194 135 507 766 507 767 507 507 507 507 436 1180 55 
195 115 507 507 524 55 16 767 1877 507 507 507 
196 213 937 55 507 462 1467 507 73 767 166 1554 507 507 507 507 16 
197 55 507 507 507 507 507 507 1654 1196 507 507 507 507 711 507 
198 507 507 1475 507 221 16 766 507 507 767 93 142 507 102 507 23 507 507 
199 507 507 221 1877 507 100 2294 93 2218 507 507 766 507 507 
200 766 2598 507 344 507 6 1467 55 507 1877 507 1877 507 2598 507 507 
201 507 507 507 507 507 312 304 507 142 1877 507 507 507 507 
202 507 507 507 2294 1877 2598 507 507 1723 507 142 507 507 507 
203 55 937 312 93 507 55 2294 507 136 142 344 507 
204 507 507 507 221 507 221 507 115 507 507 823 507 2598 
205 1877 766 507 507 507 507 1292 507 2294 507 507 507 766 507 507 507 507 2294 2346 
206 2218 507 507 507 507 766 507 39 507 507 507 711 507 507 507 507 
207 507 507 507 507 507 507 507 507 507 507 507 507 
208 507 507 507 507 507 142 507 507 262 507 507 507 507 
209 2142 2114 507 507 507 507 507 507 507 115 507 507 507 2192 
210 507 507 507 55 55 55 507 344 34 507 507 507 312 
211 507 66 771 507 2826 37 507 1877 507 142 507 507 1877 507 507 766 
212 507 507 507 507 507 507 507 30 1399 507 507 507 507 507 507 221 507 507 507 
213 507 507 507 507 507 1833 507 221 55 304 507 1180 
214 55 507 507 157 771 507 507 507 507 507 55 507 767 2598 507 507 
215 1475 507 507 767 507 507 142 507 1559 507 1877 165 284 2142 
216 66 344 221 507 507 507 93 507 507 507 507 93 114 221 507 
217 1180 653 507 507 507 507 507 507 507 2100 507 507 507 507 507 142 507 507 
218 37 507 507 312 507 55 507 507 823 507 221 436 
219 829 507 507 507 507 507 507 507 507 221 766 
220 507 507 507 507 507 93 2644 507 771 507 2294 507 142 2341 507 
221 507 507 2294 507 507 221 2142 507 1754 42 6 136 507 507 165 507 16 114 507 
222 507 766 766 55 112 507 312 507 1554 507 507 507 507 55 507 507 507 
223 312 2142 766 507 165 507 507 1501 767 507 507 507 16 
224 766 507 98 507 507 507 30 55 507 507 507 507 573 507 507 16 507 507 
225 507 507 2728 507 2294 507 507 142 115 507 1654 507 507 507 507 507 
226 507 507 16 507 2598 923 98 507 1593 312 507 2109 
227 507 507 937 507 142 2294 507 507 507 2598 66 766 507 34 507 
228 142 221 507 507 766 507 507 304 100 507 1877 93 507 85 
229 221 507 507 507 507 507 507 507 507 507 767 312 507 
230 507 507 507 507 78 507 507 507 507 507 507 507 142 1196 507 
231 507 507 507 507 507 157 507 766 507 507 507 142 1877 507 
232 2693 507 507 507 221 507 507 507 507 
233 507 507 507 507 507 55 507 507 1833 767 507 507 507 507 1326 
234 507 6 507 221 55 507 507 55 507 766 507 1180 507 507 507 
235 1475 2359 507 507 507 1877 507 507 507 507 311 1554 711 
236 507 507 1977 507 1554 507 2598 507 507 2294 507 
237 507 52 507 1196 142 507 767 142 507 507 507 507 507 507 507 507 2629 507 
238 142 507 507 507 507 507 55 2496 1399 436 1357 55 507 507 55 
239 507 766 937 507 507 507 114 2294 507 507 191 711 
240 766 55 507 507 507 262 937 507 507 507 1013 507 507 507 507 2142 102 
241 507 766 507 142 142 766 142 1478 507 2142 
242 507 2294 507 507 507 507 507 507 507 1554 507 507 507 1197 62 507 507 
243 221 507 507 507 507 823 507 507 766 823 507 93 507 
244 221 2387 55 507 2903 507 507 115 507 507 766 507 766 507 507 766 507 
245 312 507 507 1654 304 2142 221 
246 507 507 2294 507 85 507 767 507 2007 507 766 1196 507 507 2142 
247 507 507 16 507 1320 507 312 507 
248 2598 507 507 2294 2218 507 1877 507 55 507 507 1695 507 
249 507 507 507 507 66 507 2441 507 507 507 507 507 142 507 1877 507 507 
250 507 507 507 507 507 507 507 507 507 767 142 507 312 507 507 899 711 507 
251 507 507 507 165 507 507 507 766 507 507 142 1877 16 
252 507 507 507 234 507 109 507 507 142 142 507 766 767 507 767 507 937 
253 304 507 507 507 507 1501 2294 2294 529 507 2142 142 
254 136 16 2047 507 507 142 1467 507 507 1877 507 1320 507 2763 507 507 
255 507 2033 937 507 507 507 507 507 1632 304 304 
256 507 507 507 2294 2294 2142 93 601 507 766 507 507 766 
257 1196 312 711 507 507 507 507 1654 507 507 
258 507 833 507 507 507 1654 507 304 1877 507 55 507 142 55 
259 766 507 507 507 1196 507 55 507 507 507 507 507 47 507 
260 2145 507 507 1768 507 507 507 507 23 2598 507 507 66 507 
261 507 507 507 165 507 136 165 823 16 85 2286 55 55 93 507 507 507 
262 507 507 507 1707 507 507 2294 2294 507 93 507 573 312 507 507 
263 16 507 507 507 1467 507 1877 2142 25 2644 507 2598 507 507 507 507 507 
264 262 55 42 507 2598 136 507 1654 507 1197 507 47 
265 937 766 507 507 507 157 766 507 507 507 
266 221 507 766 507 507 507 2826 507 16 507 507 507 507 507 312 
267 344 344 2319 507 1467 507 142 507 142 507 221 507 507 1326 
268 507 507 2598 507 16 767 507 221 55 37 507 507 
269 507 507 767 507 614 507 115 507 507 1180 507 2294 507 507 2142 
270 55 507 333 304 507 221 2007 507 507 766 507 142 507 507 47 312 507 
271 55 2294 507 507 1654 2142 507 221 507 507 507 507 507 507 142 2346 507 507 507 
272 507 507 507 507 507 142 507 507 221 221 142 2100 507 2294 142 
273 507 507 507 221 507 304 507 507 507 1877 507 507 507 823 507 
274 507 507 6 142 507 507 2294 507 6 507 507 507 507 2294 507 2598 507 1116 
275 1554 507 507 767 16 312 2294 1467 2294 507 507 507 
276 507 767 312 507 507 507 507 115 507 
277 937 507 507 767 129 1877 507 2294 937 2091 507 507 507 507 
278 507 507 507 1877 2598 1197 766 507 507 507 507 507 507 507 2142 
279 1554 507 2598 2644 507 507 507 767 
280 507 507 507 2294 1467 2007 507 1467 507 507 142 2598 507 507 507 115 
281 507 766 507 507 6 507 55 507 507 221 767 507 16 507 507 1554 507 
282 507 507 507 507 507 507 142 507 1148 142 767 507 507 
283 507 507 507 507 38 166 507 507 311 1197 507 507 507 1250 
284 507 507 507 2294 507 136 507 420 507 507 767 267 55 507 507 
285 507 507 507 507 2294 507 507 507 142 507 507 834 507 
286 507 25 1256 507 507 1475 507 30 507 507 462 507 102 2937 507 2598 
287 2142 507 1404 507 1877 142 304 507 507 507 507 2294 507 507 
288 823 507 507 55 165 312 766 507 507 507 6 507 
289 507 507 507 78 937 507 507 157 507 507 142 55 2001 507 507 2142 
290 221 2294 507 507 507 507 507 767 2294 614 507 507 507 507 55 507 507 42 507 
291 1877 507 1118 507 507 1467 507 507 507 507 507 507 23 142 507 507 507 507 
292 766 507 507 507 507 55 507 1877 507 507 142 507 507 
293 1833 2194 766 142 1877 507 507 507 507 2142 1118 767 507 507 507 507 102 507 507 
294 2294 507 507 165 507 55 507 507 507 507 507 507 
295 507 507 2346 904 507 507 2294 507 2598 2937 2294 766 507 
296 2307 507 507 507 507 507 165 507 55 55 1877 507 507 507 
297 507 221 507 55 115 507 507 16 507 16 115 142 55 507 507 507 
298 66 507 507 507 507 78 507 507 507 507 16 507 507 767 1239 507 507 1197 507 2142 
299 507 66 507 767 2598 507 55 2294 224 100 507 
300 507 16 55 2294 135 507 142 507 507 507 16 507 2142 
301 771 507 507 507 507 507 1196 507 16 1877 507 507 142 507 507 
302 507 766 507 507 262 507 507 507 1654 507 448 507 771 
303 507 6 2294 52 507 507 2294 507 507 365 507 507 507 16 2598 
304 507 507 507 507 142 1197 77 507 507 507 507 
305 507 507 507 507 766 507 507 507 507 507 507 507 507 1632 507 507 
306 507 507 36 507 1696 507 55 507 1399 142 507 507 507 1180 507 507 507 507 507 
307 142 507 507 1877 1989 507 1197 507 507 507 507 1197 2873 507 
308 507 507 766 55 766 507 142 507 142 507 2294 1654 
309 507 507 1877 507 507 507 507 507 100 507 507 93 55 507 520 507 507 312 
310 1475 507 507 507 507 507 507 507 507 507 507 507 507 2294 2142 
311 312 507 507 507 507 
312 507 507 142 312 2294 507 507 507 2644 507 304 312 507 507 507 507 
313 2307 221 507 2294 507 507 507 1632 507 507 507 1116 
314 507 507 507 221 909 1877 507 507 507 55 507 507 507 16 507 507 
315 507 507 937 16 55 766 913 766 304 2142 55 55 1746 
316 766 507 507 507 507 507 507 221 507 507 142 507 507 
317 142 507 507 507 93 507 78 507 165 507 507 1357 312 507 507 142 507 55 
318 507 507 507 507 507 507 55 767 1239 507 66 507 507 16 507 
319 507 344 507 1922 507 507 78 507 55 221 507 766 
320 507 507 507 55 507 767 2098 507 
321 2294 1554 507 507 507 507 507 142 1554 507 2294 507 
322 507 507 142 507 507 1320 507 507 507 213 507 507 507 507 
323 507 507 55 507 507 507 937 55 142 507 507 
324 221 507 507 1320 136 1680 507 507 1654 16 507 142 507 
325 507 344 25 937 507 102 312 2866 507 52 136 767 507 799 507 16 
326 142 507 507 507 1180 115 507 221 507 767 402 507 165 507 507 507 55 
327 507 507 507 25 142 507 507 507 37 1554 507 507 115 507 507 
328 72 507 2294 55 507 1877 507 507 507 1922 507 1197 142 2598 507 
329 507 507 507 507 1399 507 142 507 507 507 766 767 507 507 
330 507 507 507 507 2598 507 1877 142 507 507 2387 55 142 923 766 507 507 
331 507 766 507 507 507 55 507 312 761 767 507 507 507 507 507 
332 507 507 766 507 1399 507 55 2142 507 507 55 507 507 55 507 507 
333 304 507 507 1877 507 142 42 55 135 1197 507 507 2598 767 507 507 507 
334 909 766 507 766 507 507 221 135 507 507 507 
335 823 507 166 507 142 507 1005 507 507 507 507 766 507 221 507 507 
336 2213 507 142 507 507 507 507 2142 507 507 2142 
337 312 507 507 507 55 1877 436 2294 507 1877 2091 507 1977 2294 507 
338 304 221 507 507 766 142 136 507 507 507 507 1877 142 507 507 507 55 
339 507 507 507 507 221 221 507 93 507 1877 507 2598 221 93 55 221 507 507 
340 507 507 507 2728 507 507 507 47 507 507 507 507 47 507 507 102 
341 507 2826 165 1768 507 507 507 507 507 507 507 507 507 507 507 16 
342 578 507 767 507 507 507 115 711 507 507 2294 1699 
343 507 507 2294 507 507 55 55 507 507 55 507 221 507 507 165 507 
344 507 507 507 507 312 2294 507 312 142 1983 507 136 2294 312 64 507 
345 507 507 507 899 507 766 1877 507 507 507 937 507 1877 507 142 507 507 
346 507 767 507 507 55 767 507 507 
347 507 507 507 2598 507 55 507 507 2294 507 507 2001 1876 507 507 507 
348 507 507 2294 507 55 93 165 507 507 507 55 507 507 16 
349 507 221 507 507 507 312 507 221 115 369 507 507 2359 507 507 507 1180 
350 312 507 904 507 507 766 507 93 507 507 507 507 55 507 
351 55 165 55 507 25 2294 1196 1696 16 1877 1877 767 507 507 2294 507 507 
352 507 55 507 507 507 2598 16 507 766 507 507 507 
353 507 507 507 142 507 507 507 507 507 766 55 507 507 766 
354 507 507 507 507 6 507 2218 663 507 304 1877 507 507 
355 507 507 507 507 16 507 142 1989 507 1197 507 2142 
356 766 2142 2560 507 1713 766 507 507 507 507 221 507 507 
357 507 507 507 507 55 507 507 507 507 507 507 1877 507 2598 507 507 507 
358 2142 507 2598 2294 507 221 594 507 507 507 507 55 507 507 507 
359 937 142 507 507 2100 507 55 312 6 507 507 507 766 
360 507 507 16 221 761 344 507 507 507 507 1877 507 767 507 
361 214 221 1596 507 507 507 2142 507 142 507 507 507 507 507 
362 507 333 507 507 507 507 1467 507 2294 507 507 507 767 2155 507 507 
363 507 507 507 1877 2142 507 507 937 507 507 507 507 507 507 
364 507 30 507 507 507 78 507 507 507 663 507 55 507 
365 1877 766 507 1501 507 507 2693 507 142 767 507 507 507 
366 507 507 507 766 507 507 213 766 767 507 507 507 507 507 507 2294 507 
367 507 507 123 2294 507 198 2294 507 507 766 1877 766 1696 
368 136 66 507 507 507 507 507 507 344 507 1877 
369 1239 142 507 507 507 507 507 507 507 507 93 507 507 507 165 
370 507 507 766 507 221 507 767 507 507 507 507 507 115 221 312 
371 142 507 344 507 507 507 507 766 766 221 507 115 507 221 6 165 165 507 
372 507 507 165 507 937 507 507 507 507 766 767 507 766 507 507 507 142 
373 766 115 1239 165 507 436 507 507 507 142 507 1877 507 66 
374 1197 507 507 507 507 507 507 507 1877 1197 1877 
375 507 766 507 507 507 507 1654 507 507 221 507 507 142 507 507 507 507 507 
376 507 2387 2346 1180 507 507 2294 142 766 507 142 507 507 507 
377 2007 507 507 507 55 507 507 55 507 767 767 507 507 
378 1475 2294 507 507 507 2142 507 507 1654 507 2294 507 507 2142 
379 507 55 55 507 507 507 2142 221 507 507 507 507 507 1197 507 507 507 
380 507 507 507 1080 100 767 507 507 115 16 1718 767 507 507 
381 55 1124 507 711 507 507 85 165 142 93 507 312 1554 507 507 
382 507 507 507 507 507 507 507 507 507 507 507 507 766 2608 1833 85 937 507 
383 507 507 766 766 142 2598 507 507 507 114 507 507 767 766 507 507 507 
384 312 507 507 66 2218 507 507 507 507 507 2142 507 
385 507 507 507 198 142 507 507 507 507 507 507 507 507 
386 304 507 507 507 507 66 507 507 1654 507 507 507 142 507 
387 507 507 312 507 767 1180 766 507 507 
388 507 767 507 507 771 507 507 507 507 507 507 507 507 507 2598 507 
389 507 507 2294 507 507 1467 507 2598 507 1877 507 
390 16 507 823 507 507 507 507 214 507 507 1357 507 507 1554 507 507 507 
391 507 507 1877 923 507 2294 507 507 507 507 37 507 507 507 507 
392 507 455 6 78 77 507 507 507 507 507 718 767 1197 507 507 55 
393 55 2294 507 507 312 304 115 766 507 507 1983 507 198 507 1696 2142 
394 507 2294 767 766 1180 1877 198 507 507 136 2294 55 507 507 507 766 
395 507 507 507 507 507 507 221 507 507 507 1467 507 766 142 507 
396 507 507 507 507 165 304 507 507 507 1654 507 507 507 
397 507 344 507 507 344 344 16 1475 507 507 507 507 
398 937 507 507 507 267 2294 507 1467 1399 142 507 507 507 507 766 834 
399 507 2142 507 507 136 312 507 312 507 93 507 507 507 766 507 507 2142 
400 55 100 507 16 507 221 767 93 2109 85 507 30 767 312 
401 165 1554 507 507 507 507 2294 78 507 507 2142 507 507 2598 767 165 
402 507 55 507 221 507 221 507 767 507 507 507 507 507 
403 55 2598 507 312 507 2033 711 507 275 507 507 507 2294 507 507 
404 344 1320 221 564 2294 507 142 507 767 507 507 507 2598 507 166 507 1501 
405 2937 507 507 142 823 2728 55 1877 2294 1581 115 507 2294 507 507 16 507 
406 221 507 66 1554 507 507 507 2142 507 1877 2598 507 1578 507 
407 507 1877 507 105 16 507 2294 413 507 507 507 507 507 507 142 507 1196 507 766 507 
408 1501 507 55 507 507 507 55 135 507 1696 507 507 507 507 507 507 
409 507 507 507 507 507 55 507 507 507 937 507 1877 507 507 507 507 711 
410 507 507 55 507 507 507 1080 507 507 507 507 507 
411 507 507 507 507 507 507 1877 507 1638 165 507 766 507 16 507 507 507 
412 766 73 55 507 507 766 507 507 507 507 221 114 
413 1320 507 766 507 55 1296 2294 507 1877 2598 507 16 507 
414 507 507 767 115 507 507 507 2598 115 766 507 165 
415 507 507 55 507 507 165 55 507 507 166 507 312 142 42 2294 507 115 
416 507 55 55 507 16 507 165 507 507 55 507 507 
417 234 507 507 507 507 221 507 507 507 937 507 507 507 507 507 131 165 
418 766 766 507 507 767 767 1197 507 173 507 
419 507 2598 507 507 507 221 73 1717 142 507 507 507 507 507 
420 2292 507 142 507 507 507 507 507 507 507 1877 507 16 
421 1475 507 507 55 507 507 507 2294 507 507 507 767 507 2319 507 507 507 1877 
422 507 507 507 507 507 312 2294 766 507 766 507 142 2294 766 507 
423 16 507 78 1467 1022 115 1467 16 85 507 284 507 55 507 
424 213 507 507 507 55 16 507 507 507 507 507 507 312 767 507 
425 507 507 312 507 1632 507 507 1968 1505 142 507 142 312 507 
426 142 507 2294 507 507 766 507 142 766 507 142 2598 507 312 507 1326 2142 
427 766 507 507 507 507 507 507 766 507 1877 507 507 766 
428 766 507 507 507 507 1196 507 766 507 1027 136 507 507 507 507 
429 221 507 115 507 507 507 507 507 2294 507 2294 507 2728 507 1695 
430 507 507 507 507 25 507 507 507 507 507 2598 507 507 507 507 
431 47 507 823 2346 142 344 507 1877 507 507 766 
432 507 507 312 507 507 507 767 507 1877 55 507 507 1197 507 507 507 
433 507 507 507 507 507 507 767 312 142 66 507 507 507 507 507 507 834 
434 507 507 507 1059 507 507 507 1877 507 507 507 767 507 
435 55 507 507 507 142 507 16 507 507 507 507 
436 507 507 507 507 507 507 507 937 507 2294 507 221 767 507 766 142 507 
437 304 766 507 312 507 78 507 507 756 507 304 507 507 284 507 
438 72 507 507 507 72 507 2294 221 142 1877 102 507 1718 221 507 
439 507 507 2294 496 507 507 507 93 507 601 1654 507 766 507 507 507 
440 767 507 2598 507 1877 2294 2142 507 507 507 2863 507 2937 507 
441 507 1877 1707 507 312 507 507 507 136 507 507 2598 507 37 
442 507 234 507 109 78 1244 507 304 923 262 507 507 507 507 507 507 77 284 
443 507 312 507 2294 312 1877 507 507 507 507 507 507 507 
444 507 507 2294 507 55 507 507 507 507 507 
445 507 507 507 100 66 507 115 507 165 507 221 507 507 
446 507 766 55 312 507 507 507 507 766 507 507 507 767 142 507 507 
447 507 507 1632 507 507 16 507 507 766 142 507 507 312 507 
448 304 142 142 823 507 507 899 2294 333 507 304 2218 16 507 507 
449 507 507 507 507 47 2294 1696 221 507 1696 507 507 1180 507 507 507 507 
450 507 66 507 507 1521 507 1877 1116 767 507 507 507 142 507 507 507 507 
451 55 2629 507 55 761 507 304 1581 2294 507 507 507 507 507 1718 
452 507 507 507 157 507 767 507 2294 507 507 923 507 507 
453 2114 507 507 507 1877 507 262 1877 507 507 507 1013 1833 507 507 
454 312 507 507 766 1654 2598 507 507 1876 507 507 507 956 507 
455 507 507 135 507 507 507 507 1696 507 507 507 507 507 507 507 507 
456 507 312 507 507 2644 507 1501 1889 507 507 1877 767 507 129 507 507 16 507 
457 55 66 507 78 1877 507 55 507 55 1877 261 1983 1654 507 1478 1618 507 507 
458 507 766 55 507 507 129 2109 1877 507 507 507 507 507 520 507 
459 507 507 507 1080 507 507 601 507 767 507 507 507 507 
460 507 507 507 507 2211 16 507 2160 507 507 507 507 
461 507 507 1554 507 1654 2142 165 507 507 304 507 1501 507 507 507 1196 142 
462 507 507 2728 507 507 507 507 507 55 6 507 766 55 507 1180 507 507 507 
463 1475 507 1841 507 507 507 507 1196 507 507 767 507 507 507 507 507 
464 507 142 766 507 507 507 38 55 507 507 159 55 507 507 507 
465 507 766 507 507 507 507 507 507 507 507 507 102 2903 507 507 
466 1286 507 142 507 507 507 1116 507 2294 507 507 507 507 
467 507 507 507 507 507 1475 2047 507 507 507 507 507 507 507 102 166 
468 304 766 507 1073 198 507 221 507 507 507 507 507 507 142 507 507 507 
469 507 507 507 16 507 2294 2294 507 224 507 1877 55 507 507 767 507 507 507 102 
470 55 1399 165 507 507 2315 142 507 507 507 767 507 507 507 
471 507 507 507 507 16 937 507 2142 507 507 507 767 344 221 2598 1554 312 
472 507 507 1593 507 55 142 2294 507 6 766 507 507 2629 507 
473 507 507 507 507 507 766 507 507 507 507 
474 507 507 2294 507 507 2142 262 507 1877 507 507 77 507 55 312 507 507 
475 142 507 507 507 1501 2644 507 1903 221 767 507 507 507 1180 
476 507 507 507 507 507 507 507 507 507 2294 507 766 507 507 507 507 
477 2213 766 98 507 507 2598 507 507 136 507 507 507 
478 55 55 507 507 507 507 16 39 507 507 55 507 562 507 507 507 
479 507 165 507 507 507 507 157 507 507 507 142 
480 507 507 507 507 507 1501 507 507 507 507 507 507 507 507 507 1877 507 
481 507 1680 1963 507 507 1357 507 55 507 447 507 
482 507 507 507 165 766 2142 507 767 507 42 507 507 507 312 
483 507 507 766 507 507 55 142 2294 507 304 507 2172 1877 507 133 55 
484 507 507 507 507 55 2142 304 507 507 507 594 766 507 115 507 507 507 
485 1239 507 55 507 507 507 333 507 142 142 304 
486 1475 507 507 507 507 507 507 507 1877 312 507 507 507 142 2598 507 507 
487 507 2045 2598 507 507 766 507 507 2294 55 507 507 507 2598 
488 507 507 507 507 507 507 1196 1877 507 507 507 507 507 507 507 766 1197 507 
489 55 507 507 766 221 2142 507 507 2598 507 507 2359 507 507 507 
490 2346 829 66 2294 711 507 507 507 507 507 507 507 142 507 2294 2142 
