0 2 23 2
1 3 24 3
2 9 520 7
3 3 38 3
4 2 34 2
5 2 15 2
6 4 72 4
7 3 34 3
8 2 26 2
9 3 35 3
10 2 16 2
11 2 23 2
12 4 52 4
13 4 57 4
14 2 50 2
15 2 38 2
16 2 19 2
17 4 21 4
18 2 15 2
19 3 28 3
20 4 76 4
21 4 27 4
22 3 34 3
23 3 28 3
24 3 18 3
25 4 45 4
26 7 426 6
27 2 33 2
28 2 13 2
29 2 35 2
30 3 38 3
31 3 34 3
32 2 19 2
33 3 22 3
34 2 28 2
35 9 192 6
36 2 15 2
37 2 22 2
38 4 171 4
39 3 19 3
40 3 30 3
41 3 33 3
42 6 84 4
43 3 39 3
44 2 52 2
45 2 14 2
46 10 552 7
47 2 40 2
48 2 22 2
49 2 17 2
50 5 47 4
51 3 33 3
52 2 10 2
53 2 18 2
54 3 38 3
55 6 53 4
56 2 19 2
57 2 11 2
58 3 13 3
59 2 31 2
60 2 18 2
61 2 13 2
62 2 11 2
63 3 25 3
64 2 27 2
65 4 26 4
66 2 27 2
67 5 32 4
68 2 13 2
69 2 25 2
70 2 11 2
71 16 682 9
72 2 55 2
73 6 98 5
74 2 27 2
75 3 46 3
76 3 53 3
77 3 122 3
78 3 25 3
79 2 17 2
80 2 13 2
81 9 130 6
82 2 37 2
83 3 138 3
84 2 11 2
85 3 23 3
86 2 41 2
87 4 33 4
88 2 60 2
89 3 22 3
90 2 11 2
91 2 41 2
92 2 17 2
93 3 17 3
94 3 59 3
95 2 37 2
96 2 20 2
97 2 13 2
98 5 46 4
99 2 13 2
100 2 32 2
101 2 13 2
102 2 12 2
103 2 22 2
104 6 58 4
105 2 12 2
106 3 59 3
107 3 13 3
108 2 24 2
109 2 23 2
110 3 27 3
111 5 67 5
112 3 20 3
113 2 13 2
114 5 54 4
115 2 13 2
116 2 22 2
117 3 30 3
118 3 96 3
119 4 29 4
120 3 34 3
121 5 99 5
122 2 11 2
123 2 10 2
124 3 24 3
125 2 13 2
126 5 62 4
127 5 99 5
128 2 15 2
129 3 94 3
130 5 172 5
131 2 27 2
132 3 34 3
133 2 24 2
134 2 22 2
135 3 47 3
136 2 15 2
137 2 71 2
138 3 19 3
139 4 44 4
140 2 17 2
141 2 22 2
142 4 33 4
143 8 319 7
144 2 13 2
145 3 34 3
146 2 30 2
147 4 249 4
148 2 11 2
149 2 34 2
150 2 31 2
151 5 31 4
152 3 21 3
153 2 11 2
154 2 15 2
155 2 16 2
156 2 18 2
157 2 18 2
158 2 25 2
159 2 12 2
160 3 69 3
161 2 12 2
162 2 33 2
163 4 32 4
164 2 61 2
165 2 12 2
166 2 30 2
167 2 19 2
168 3 41 3
169 2 15 2
170 2 78 2
171 3 62 3
172 3 41 3
173 2 14 2
174 3 44 3
175 2 15 2
176 2 13 2
177 4 41 4
178 2 50 2
179 3 31 3
180 4 29 4
181 4 46 4
182 3 38 3
183 2 18 2
184 5 92 5
185 3 112 3
186 2 13 2
187 3 38 3
188 5 200 4
189 3 84 3
190 2 15 2
191 2 23 2
192 2 11 2
193 2 8 2
194 4 101 4
195 4 41 4
196 2 11 2
197 2 8 2
198 3 39 3
199 2 8 2
200 6 244 5
201 4 24 4
202 2 20 2
203 2 14 2
204 4 27 4
205 3 35 3
206 5 39 5
207 2 18 2
208 4 49 4
209 6 119 5
210 2 24 2
211 3 25 3
212 2 12 2
213 2 19 2
214 2 16 2
215 2 16 2
216 4 36 4
217 2 24 2
218 3 31 3
219 2 12 2
220 3 56 3
221 2 16 2
222 3 21 3
223 2 18 2
224 2 29 2
225 2 10 2
226 2 12 2
227 4 125 4
228 3 54 3
229 2 24 2
230 2 13 2
231 2 11 2
232 4 67 4
233 2 16 2
234 3 46 3
235 3 62 3
236 2 35 2
237 2 19 2
238 2 44 2
239 2 15 2
240 2 15 2
241 4 118 4
242 2 13 2
243 2 23 2
244 2 10 2
245 2 14 2
246 2 10 2
247 2 14 2
248 3 39 3
249 3 32 3
250 2 9 2
251 4 49 4
252 2 10 2
253 2 23 2
254 3 19 3
255 3 18 3
256 5 53 5
257 3 40 3
258 3 39 3
259 2 15 2
260 3 39 3
261 5 67 4
262 2 16 2
263 3 28 3
264 2 15 2
265 2 15 2
266 2 14 2
267 2 10 2
268 2 18 2
269 2 13 2
270 15 1335 12
271 2 21 2
272 5 81 5
273 2 12 2
274 3 28 3
275 3 33 3
276 2 13 2
277 3 39 3
278 3 18 3
279 2 14 2
280 2 20 2
281 4 40 4
282 2 15 2
283 3 20 3
284 2 26 2
285 2 13 2
286 3 40 3
287 3 35 3
288 3 21 3
289 2 22 2
290 2 12 2
291 2 13 2
292 6 50 6
293 13 106 6
294 12 125 6
295 2 45 2
296 3 39 3
297 2 19 2
298 2 11 2
299 2 9 2
300 2 9 2
301 3 23 3
302 6 74 5
303 2 10 2
304 2 43 2
305 2 36 2
306 2 21 2
307 2 11 2
308 2 21 2
309 2 24 2
310 2 13 2
311 2 8 2
312 3 78 3
313 2 13 2
314 5 63 4
315 3 20 3
316 2 20 2
317 2 29 2
318 3 48 3
319 2 18 2
320 3 50 3
321 2 8 2
322 2 18 2
323 2 23 2
324 2 17 2
325 2 21 2
326 2 18 2
327 2 11 2
328 2 18 2
329 2 17 2
330 2 12 2
331 2 47 2
332 2 15 2
333 3 27 3
334 2 11 2
335 4 77 4
336 2 14 2
337 3 36 3
338 3 73 3
339 2 18 2
340 3 33 3
341 4 38 4
342 2 15 2
343 4 96 4
344 3 24 3
345 2 12 2
346 2 37 2
347 2 10 2
348 2 11 2
349 3 23 3
350 2 17 2
351 3 73 3
352 2 15 2
353 2 9 2
354 4 33 4
355 4 37 4
356 2 14 2
357 2 66 2
358 2 14 2
359 2 9 2
360 3 23 3
361 2 13 2
362 2 15 2
363 2 20 2
364 3 63 3
365 5 122 5
366 4 77 4
367 2 10 2
368 2 13 2
369 4 21 4
370 2 26 2
371 14 531 10
372 2 37 2
373 3 16 3
374 2 19 2
375 2 16 2
376 2 16 2
377 2 83 2
378 2 9 2
379 2 62 2
380 2 8 2
381 2 12 2
382 3 48 3
383 3 25 3
384 2 21 2
385 3 44 3
386 2 17 2
387 2 14 2
388 4 37 4
389 2 9 2
390 2 17 2
391 2 22 2
392 2 14 2
393 3 33 3
394 2 16 2
395 2 22 2
396 2 22 2
397 2 22 2
398 2 16 2
399 2 15 2
400 2 15 2
401 2 17 2
402 2 14 2
403 2 51 2
404 2 28 2
405 2 12 2
406 2 17 2
407 3 17 3
408 2 19 2
409 2 39 2
410 3 62 3
411 2 16 2
412 2 23 2
413 3 51 3
414 2 12 2
415 3 31 3
416 2 16 2
417 3 30 3
418 2 16 2
419 2 9 2
420 3 51 3
421 2 30 2
422 2 105 2
423 2 17 2
424 2 18 2
425 2 11 2
426 2 35 2
427 2 14 2
428 2 14 2
429 2 19 2
430 2 14 2
431 2 23 2
432 2 57 2
433 2 10 2
434 2 22 2
435 2 22 2
436 2 18 2
437 3 89 3
438 2 22 2
439 2 22 2
440 3 66 3
441 3 13 3
442 2 13 2
443 2 10 2
444 2 13 2
445 2 74 2
446 2 31 2
447 3 22 3
448 2 15 2
449 2 20 2
450 2 15 2
451 2 8 2
452 3 46 3
453 3 24 3
454 2 16 2
455 3 31 3
456 2 12 2
457 2 16 2
458 2 29 2
459 2 11 2
460 2 12 2
461 2 8 2
462 2 23 2
463 2 13 2
464 2 19 2
465 2 12 2
466 3 25 3
467 2 8 2
468 4 20 4
469 2 20 2
470 4 64 4
471 2 16 2
472 2 89 2
473 2 12 2
474 2 29 2
475 2 16 2
476 2 19 2
477 2 33 2
478 2 16 2
479 2 13 2
480 3 21 3
481 3 13 3
482 2 12 2
483 2 18 2
484 3 17 3
485 2 18 2
486 3 26 3
487 4 30 4
488 2 24 2
489 2 15 2
490 4 33 4
491 2 16 2
492 2 22 2
493 3 49 3
494 4 246 4
495 2 21 2
496 2 9 2
497 2 14 2
498 2 22 2
499 2 17 2
500 2 22 2
501 2 12 2
502 3 31 3
503 2 32 2
504 4 26 4
505 2 8 2
506 4 37 4
507 2 14 2
508 2 13 2
509 2 9 2
510 3 25 3
511 3 13 3
512 2 21 2
513 2 13 2
514 2 13 2
515 2 19 2
516 3 54 3
517 3 24 3
518 2 18 2
519 2 16 2
520 2 17 2
521 3 31 3
522 2 22 2
523 2 15 2
524 5 48 4
525 2 10 2
526 2 10 2
527 2 14 2
528 2 16 2
529 2 11 2
530 3 28 3
531 2 13 2
532 2 11 2
533 2 26 2
534 2 9 2
535 6 116 6
536 6 171 5
537 3 17 3
538 2 12 2
539 2 12 2
540 2 12 2
541 2 17 2
542 2 12 2
543 2 14 2
544 4 26 4
545 2 13 2
546 2 28 2
547 2 10 2
548 3 18 3
549 3 75 3
550 2 27 2
551 2 10 2
552 3 46 3
553 4 67 4
554 2 50 2
555 2 14 2
556 3 63 3
557 2 47 2
558 2 77 2
559 2 47 2
560 2 19 2
561 2 16 2
562 2 25 2
563 2 11 2
564 4 56 4
565 6 124 4
566 3 48 3
567 2 9 2
568 3 16 3
569 3 17 3
570 4 54 4
571 4 29 4
572 2 22 2
573 3 14 3
574 2 15 2
575 2 28 2
576 2 28 2
577 2 9 2
578 2 12 2
579 2 11 2
580 2 16 2
581 2 75 2
582 2 14 2
583 4 35 4
584 3 27 3
585 2 10 2
586 5 135 5
587 2 12 2
588 3 81 3
589 2 9 2
590 3 36 3
591 2 12 2
592 2 13 2
593 2 10 2
594 3 24 3
595 2 12 2
596 2 13 2
597 2 22 2
598 2 12 2
599 2 10 2
600 2 12 2
601 2 15 2
602 3 19 3
603 3 35 3
604 2 14 2
605 2 34 2
606 2 10 2
607 2 58 2
608 2 34 2
609 2 10 2
610 2 13 2
611 2 14 2
612 2 25 2
613 2 10 2
614 2 19 2
615 2 17 2
616 2 10 2
617 2 54 2
618 2 40 2
619 3 51 3
620 3 31 3
621 2 9 2
622 2 31 2
623 3 15 3
624 2 10 2
625 2 9 2
626 4 51 4
627 2 22 2
628 2 24 2
629 3 28 3
630 2 9 2
631 2 27 2
632 2 17 2
633 2 17 2
634 2 10 2
635 4 51 4
636 2 13 2
637 2 50 2
638 3 29 3
639 5 140 5
640 2 56 2
641 2 35 2
642 2 22 2
643 2 37 2
644 2 16 2
645 3 20 3
646 2 10 2
647 2 8 2
648 3 15 3
649 4 38 4
650 2 45 2
651 2 14 2
652 2 17 2
653 2 9 2
654 4 53 4
655 2 21 2
656 2 13 2
657 2 49 2
658 3 26 3
659 3 32 3
660 2 13 2
661 2 8 2
662 2 91 2
663 2 14 2
664 3 14 3
665 3 33 3
666 2 8 2
667 4 32 4
668 2 13 2
669 2 27 2
670 2 27 2
671 3 28 3
672 2 26 2
673 2 20 2
674 3 34 3
675 3 24 3
676 2 26 2
677 2 14 2
678 2 11 2
679 2 12 2
680 3 39 3
681 2 25 2
682 2 15 2
683 2 28 2
684 2 31 2
685 2 26 2
686 3 30 3
687 2 18 2
688 2 14 2
689 4 74 4
690 2 38 2
691 2 14 2
692 2 11 2
693 3 29 3
694 3 33 3
695 3 22 3
696 2 9 2
697 6 268 6
698 4 71 4
699 2 75 2
700 2 16 2
701 2 16 2
702 3 22 3
703 2 33 2
704 2 11 2
705 3 21 3
706 3 43 3
707 3 39 3
708 2 10 2
709 4 107 4
710 2 29 2
711 3 37 3
712 3 35 3
713 2 15 2
714 2 13 2
715 2 9 2
716 3 23 3
717 2 17 2
718 2 11 2
719 2 85 2
720 2 27 2
721 2 13 2
722 2 16 2
723 2 17 2
724 2 21 2
725 2 25 2
726 2 21 2
727 2 19 2
728 2 15 2
729 2 9 2
730 2 10 2
731 4 39 4
732 6 117 4
733 2 22 2
734 2 13 2
735 2 20 2
736 2 10 2
737 3 50 3
738 3 36 3
739 2 25 2
740 3 31 3
741 5 81 5
742 2 12 2
743 2 10 2
744 2 13 2
745 2 10 2
746 3 14 3
747 2 33 2
748 4 52 4
749 2 13 2
750 2 14 2
751 2 15 2
752 2 9 2
753 2 19 2
754 2 11 2
755 2 13 2
756 2 11 2
757 3 22 3
758 2 20 2
759 3 24 3
760 3 16 3
761 2 26 2
762 2 12 2
763 2 27 2
764 2 17 2
765 2 13 2
766 3 24 3
767 2 14 2
768 2 9 2
769 2 43 2
770 4 51 4
771 2 14 2
772 2 24 2
773 2 56 2
774 3 27 3
775 2 12 2
776 2 11 2
777 2 12 2
778 2 21 2
779 2 11 2
780 2 62 2
781 2 39 2
782 2 16 2
783 3 63 3
784 2 13 2
785 2 25 2
786 4 43 4
787 2 10 2
788 2 14 2
789 2 46 2
790 4 153 4
791 2 20 2
792 2 16 2
793 2 52 2
794 2 12 2
795 2 9 2
796 2 13 2
797 2 9 2
798 2 17 2
799 3 21 3
800 2 11 2
801 2 21 2
802 3 21 3
803 2 26 2
804 2 11 2
805 2 25 2
806 2 9 2
807 2 13 2
808 2 15 2
809 2 16 2
810 3 24 3
811 2 32 2
812 4 62 4
813 2 15 2
814 5 62 4
815 2 15 2
816 2 13 2
817 3 28 3
818 2 36 2
819 3 25 3
820 3 25 3
821 2 12 2
822 2 18 2
823 2 24 2
824 3 16 3
825 2 14 2
826 2 38 2
827 2 13 2
828 2 13 2
829 3 27 3
830 2 14 2
831 2 16 2
832 2 9 2
833 2 56 2
834 2 20 2
835 2 21 2
836 3 20 3
837 2 44 2
838 2 27 2
839 2 12 2
840 2 14 2
841 2 20 2
842 2 20 2
843 2 14 2
844 2 12 2
845 2 16 2
846 2 14 2
847 7 73 5
848 2 10 2
849 2 13 2
850 2 28 2
851 3 22 3
852 2 21 2
853 2 29 2
854 2 15 2
855 3 55 3
856 2 14 2
857 3 25 3
858 2 33 2
859 2 31 2
860 2 15 2
861 2 9 2
862 2 11 2
863 2 21 2
864 2 10 2
865 3 22 3
866 2 32 2
867 4 30 4
868 2 23 2
869 3 27 3
870 2 11 2
871 2 53 2
872 2 15 2
873 2 19 2
874 2 24 2
875 2 32 2
876 2 27 2
877 2 14 2
878 2 19 2
879 2 11 2
880 4 113 4
881 3 48 3
882 2 23 2
883 2 35 2
884 2 10 2
885 5 41 5
886 2 26 2
887 2 14 2
888 2 23 2
889 2 13 2
890 2 13 2
891 5 65 5
892 2 11 2
893 2 9 2
894 2 21 2
895 2 20 2
896 2 18 2
897 2 44 2
898 2 16 2
899 2 16 2
900 3 27 3
901 2 26 2
902 2 13 2
903 2 18 2
904 2 59 2
905 2 26 2
906 2 15 2
907 2 13 2
908 2 17 2
909 3 13 3
910 5 63 4
911 2 8 2
912 2 10 2
913 2 9 2
914 3 70 3
915 2 17 2
916 3 45 3
917 2 22 2
918 2 42 2
919 3 20 3
920 6 107 5
921 2 8 2
922 3 65 3
923 2 123 2
924 2 19 2
925 2 18 2
926 2 19 2
927 2 10 2
928 2 8 2
929 3 29 3
930 2 11 2
931 3 55 3
932 2 22 2
933 2 26 2
934 2 16 2
935 4 37 4
936 2 10 2
937 2 11 2
938 2 9 2
939 2 9 2
940 2 23 2
941 3 38 3
942 2 16 2
943 3 54 3
944 2 38 2
945 3 26 3
946 3 16 3
947 2 36 2
948 3 32 3
949 2 11 2
950 2 88 2
951 2 14 2
952 2 10 2
953 3 19 3
954 2 14 2
955 2 12 2
956 2 46 2
957 2 37 2
958 2 8 2
959 2 15 2
960 2 9 2
961 2 8 2
962 3 43 3
963 2 17 2
964 2 19 2
965 2 25 2
966 2 18 2
967 2 16 2
968 2 10 2
969 2 9 2
970 2 17 2
971 2 43 2
972 2 14 2
973 2 16 2
974 3 56 3
975 2 29 2
976 2 17 2
977 2 26 2
978 2 14 2
979 2 20 2
980 3 49 3
981 2 20 2
982 2 21 2
983 2 15 2
984 2 11 2
985 2 10 2
986 2 16 2
987 3 24 3
988 2 18 2
989 2 12 2
990 3 16 3
991 4 90 4
992 2 11 2
993 2 13 2
994 3 40 3
995 2 14 2
996 2 12 2
997 2 8 2
998 2 13 2
999 2 21 2
1000 6 127 5
1001 2 14 2
1002 3 18 3
1003 3 27 3
1004 2 42 2
1005 2 10 2
1006 2 16 2
1007 2 12 2
1008 2 31 2
1009 3 30 3
1010 2 14 2
1011 2 8 2
1012 3 17 3
1013 2 10 2
1014 2 15 2
1015 4 55 4
1016 2 10 2
1017 2 11 2
1018 2 11 2
1019 5 44 5
1020 2 16 2
1021 4 23 4
1022 2 15 2
1023 2 13 2
1024 2 54 2
1025 2 39 2
1026 2 10 2
1027 2 19 2
1028 2 10 2
1029 4 25 4
1030 2 14 2
1031 3 25 3
1032 5 30 4
1033 2 19 2
1034 2 10 2
1035 2 26 2
1036 2 12 2
1037 2 11 2
1038 2 33 2
1039 3 57 3
1040 3 31 3
1041 2 13 2
1042 2 12 2
1043 2 31 2
1044 2 17 2
1045 3 28 3
1046 2 11 2
1047 2 15 2
1048 2 19 2
1049 5 44 4
1050 2 11 2
1051 4 54 4
1052 2 65 2
1053 2 20 2
1054 2 10 2
1055 3 33 3
1056 2 13 2
1057 7 171 6
1058 2 24 2
1059 2 10 2
1060 2 19 2
1061 3 36 3
1062 2 18 2
1063 2 8 2
1064 7 62 5
1065 2 16 2
1066 6 179 5
1067 2 15 2
1068 4 48 4
1069 2 24 2
1070 2 23 2
1071 2 23 2
1072 2 8 2
1073 2 13 2
1074 3 36 3
1075 2 11 2
1076 5 104 5
1077 3 13 3
1078 3 15 3
1079 2 22 2
1080 4 27 4
1081 4 23 4
1082 2 9 2
1083 2 9 2
1084 2 14 2
1085 2 67 2
1086 2 45 2
1087 2 14 2
1088 3 32 3
1089 2 19 2
1090 2 12 2
1091 3 31 3
1092 2 23 2
1093 3 16 3
1094 4 26 4
1095 2 9 2
1096 3 21 3
1097 2 16 2
1098 2 20 2
1099 2 13 2
1100 2 30 2
1101 2 10 2
1102 2 17 2
1103 2 9 2
1104 2 11 2
1105 2 15 2
1106 3 24 3
1107 2 22 2
1108 3 44 3
1109 3 21 3
1110 3 32 3
1111 2 20 2
1112 3 23 3
1113 2 34 2
1114 4 30 4
1115 2 9 2
1116 2 11 2
1117 2 13 2
1118 2 17 2
1119 3 46 3
1120 3 49 3
1121 2 21 2
1122 2 9 2
1123 4 23 4
1124 4 81 4
1125 2 12 2
1126 2 16 2
1127 2 16 2
1128 2 16 2
1129 3 38 3
1130 2 26 2
1131 2 13 2
1132 2 17 2
1133 2 13 2
1134 3 17 3
1135 2 12 2
1136 2 11 2
1137 2 20 2
1138 6 126 6
1139 2 13 2
1140 2 12 2
1141 2 15 2
1142 3 41 3
1143 3 58 3
1144 2 40 2
1145 2 8 2
1146 2 8 2
1147 2 17 2
1148 3 68 3
1149 3 33 3
1150 3 23 3
1151 4 80 4
1152 2 11 2
1153 2 25 2
1154 4 41 4
1155 4 37 4
1156 2 8 2
1157 3 20 3
1158 3 24 3
1159 2 22 2
1160 2 25 2
1161 3 30 3
1162 2 21 2
1163 2 10 2
1164 3 25 3
1165 4 46 4
1166 2 19 2
1167 2 11 2
1168 2 9 2
1169 3 17 3
1170 2 16 2
1171 3 79 3
1172 2 8 2
1173 2 20 2
1174 3 46 3
1175 2 9 2
1176 2 21 2
1177 2 11 2
1178 2 9 2
1179 4 25 4
1180 2 13 2
1181 2 12 2
1182 2 15 2
1183 2 10 2
1184 2 11 2
1185 3 27 3
1186 2 14 2
1187 3 18 3
1188 2 31 2
1189 2 11 2
1190 2 27 2
1191 3 24 3
1192 2 20 2
1193 2 11 2
1194 2 24 2
1195 3 23 3
1196 4 50 4
1197 3 19 3
1198 2 26 2
1199 2 28 2
1200 6 229 5
1201 2 11 2
1202 2 29 2
1203 2 29 2
1204 2 11 2
1205 2 20 2
1206 2 14 2
1207 2 18 2
1208 2 18 2
1209 2 31 2
1210 3 27 3
1211 2 9 2
1212 2 10 2
1213 2 15 2
1214 3 28 3
1215 2 23 2
1216 2 9 2
1217 5 109 5
1218 2 17 2
1219 2 18 2
1220 2 8 2
1221 2 14 2
1222 3 22 3
1223 2 11 2
1224 4 46 4
1225 4 28 4
1226 6 127 5
1227 2 10 2
1228 4 37 4
1229 2 24 2
1230 4 38 4
1231 2 16 2
1232 2 13 2
1233 3 25 3
1234 2 50 2
1235 2 10 2
1236 2 16 2
1237 2 30 2
1238 2 17 2
1239 2 36 2
1240 2 14 2
1241 2 19 2
1242 2 13 2
1243 2 20 2
1244 2 17 2
1245 2 11 2
1246 2 9 2
1247 2 14 2
1248 3 99 3
1249 2 11 2
1250 2 37 2
1251 2 27 2
1252 2 14 2
1253 2 29 2
1254 2 19 2
1255 2 28 2
1256 3 23 3
1257 2 17 2
1258 2 20 2
1259 2 9 2
1260 2 14 2
1261 2 21 2
1262 2 13 2
1263 2 12 2
1264 2 10 2
1265 2 20 2
1266 2 10 2
1267 2 35 2
1268 2 12 2
1269 2 18 2
1270 2 22 2
1271 3 47 3
1272 2 17 2
1273 2 14 2
1274 2 11 2
1275 2 17 2
1276 2 10 2
1277 2 19 2
1278 2 15 2
1279 2 29 2
1280 3 19 3
1281 2 17 2
1282 2 23 2
1283 2 47 2
1284 4 42 4
1285 2 8 2
1286 2 18 2
1287 3 38 3
1288 2 17 2
1289 3 17 3
1290 2 43 2
1291 2 36 2
1292 2 15 2
1293 2 12 2
1294 2 24 2
1295 2 15 2
1296 2 13 2
1297 2 11 2
1298 3 39 3
1299 3 36 3
1300 2 13 2
1301 4 39 4
1302 3 16 3
1303 5 124 4
1304 2 22 2
1305 3 28 3
1306 2 19 2
1307 3 22 3
1308 5 55 5
1309 2 10 2
1310 3 27 3
1311 2 14 2
1312 3 22 3
1313 2 24 2
1314 3 14 3
1315 2 18 2
1316 2 9 2
1317 2 26 2
1318 2 43 2
1319 2 18 2
1320 3 26 3
1321 6 139 5
1322 2 18 2
1323 2 24 2
1324 2 17 2
1325 2 15 2
1326 2 40 2
1327 2 17 2
1328 3 23 3
1329 2 9 2
1330 2 14 2
1331 2 12 2
1332 4 42 4
1333 3 71 3
1334 2 20 2
1335 2 9 2
1336 3 40 3
1337 2 21 2
1338 3 62 3
1339 2 19 2
1340 3 20 3
1341 2 10 2
1342 2 30 2
1343 2 10 2
1344 2 28 2
1345 2 50 2
1346 2 11 2
1347 2 17 2
1348 2 44 2
1349 2 61 2
1350 2 11 2
1351 2 19 2
1352 2 32 2
1353 2 12 2
1354 2 15 2
1355 3 20 3
1356 2 11 2
1357 2 19 2
1358 3 17 3
1359 3 24 3
1360 2 8 2
1361 2 9 2
1362 3 24 3
1363 3 78 3
1364 3 52 3
1365 3 20 3
1366 2 9 2
1367 2 26 2
1368 2 11 2
1369 2 36 2
1370 3 60 3
1371 6 129 6
1372 2 37 2
1373 2 10 2
1374 2 9 2
1375 2 32 2
1376 3 17 3
1377 2 47 2
1378 2 13 2
1379 2 26 2
1380 2 20 2
1381 5 72 4
1382 2 17 2
1383 3 18 3
1384 2 36 2
1385 3 22 3
1386 2 22 2
1387 2 17 2
1388 3 24 3
1389 2 25 2
1390 3 24 3
1391 3 122 3
1392 2 14 2
1393 3 26 3
1394 2 48 2
1395 2 10 2
1396 2 17 2
1397 2 23 2
1398 2 9 2
1399 3 65 3
1400 2 16 2
1401 2 17 2
1402 2 10 2
1403 2 9 2
1404 5 112 5
1405 2 12 2
1406 4 30 4
1407 2 16 2
1408 2 15 2
1409 2 11 2
1410 3 22 3
1411 2 10 2
1412 2 9 2
1413 2 20 2
1414 2 16 2
1415 2 14 2
1416 2 12 2
1417 4 83 4
1418 3 32 3
1419 2 10 2
1420 2 11 2
1421 2 16 2
1422 2 10 2
1423 2 8 2
1424 2 14 2
1425 2 11 2
1426 4 62 4
1427 4 28 4
1428 4 26 4
1429 2 11 2
1430 3 29 3
1431 2 17 2
1432 2 24 2
1433 2 12 2
1434 4 78 4
1435 2 9 2
1436 2 17 2
1437 2 19 2
1438 2 36 2
1439 2 41 2
1440 2 67 2
1441 2 14 2
1442 2 22 2
1443 2 8 2
1444 2 17 2
1445 2 24 2
1446 2 14 2
1447 3 28 3
1448 2 81 2
1449 3 45 3
1450 2 22 2
1451 2 11 2
1452 2 23 2
1453 2 14 2
1454 2 14 2
1455 4 78 4
1456 2 20 2
1457 2 18 2
1458 3 22 3
1459 2 13 2
1460 2 21 2
1461 2 20 2
1462 2 32 2
1463 2 26 2
1464 2 11 2
1465 3 21 3
1466 2 15 2
1467 3 15 3
1468 2 18 2
1469 2 12 2
1470 2 24 2
1471 3 38 3
1472 3 44 3
1473 3 50 3
1474 2 19 2
1475 2 17 2
1476 4 30 4
1477 2 22 2
1478 6 174 5
1479 2 10 2
1480 3 27 3
1481 2 15 2
1482 2 23 2
1483 2 12 2
1484 2 15 2
1485 2 17 2
1486 2 10 2
1487 2 19 2
1488 2 11 2
1489 2 38 2
1490 2 9 2
1491 2 16 2
1492 2 11 2
1493 3 16 3
1494 2 44 2
1495 2 10 2
1496 2 17 2
1497 2 29 2
1498 2 13 2
1499 2 10 2
1500 2 10 2
1501 2 41 2
1502 2 19 2
1503 2 15 2
1504 2 15 2
1505 2 19 2
1506 3 23 3
1507 5 35 4
1508 3 22 3
1509 2 14 2
1510 2 8 2
1511 2 21 2
1512 3 40 3
1513 2 17 2
1514 3 29 3
1515 2 12 2
1516 2 24 2
1517 2 16 2
1518 2 19 2
1519 2 11 2
1520 2 16 2
1521 2 13 2
1522 6 101 5
1523 2 9 2
1524 2 22 2
1525 2 16 2
1526 3 13 3
1527 2 16 2
1528 3 21 3
1529 2 38 2
1530 2 41 2
1531 2 9 2
1532 2 28 2
1533 2 19 2
1534 2 10 2
1535 2 10 2
1536 2 52 2
1537 2 8 2
1538 2 8 2
1539 2 28 2
1540 6 78 5
1541 2 14 2
1542 2 13 2
1543 2 9 2
1544 2 59 2
1545 3 48 3
1546 2 10 2
1547 2 32 2
1548 3 62 3
1549 2 10 2
1550 3 30 3
1551 2 25 2
1552 3 38 3
1553 2 15 2
1554 2 11 2
1555 3 44 3
1556 2 14 2
1557 2 11 2
1558 2 43 2
1559 3 60 3
1560 4 77 4
1561 2 25 2
1562 2 15 2
1563 2 33 2
1564 2 15 2
1565 4 78 4
1566 3 43 3
1567 2 46 2
1568 2 69 2
1569 2 10 2
1570 2 12 2
1571 2 11 2
1572 2 11 2
1573 2 15 2
1574 3 18 3
1575 2 14 2
1576 3 39 3
1577 2 18 2
1578 2 11 2
1579 2 11 2
1580 2 15 2
1581 2 11 2
1582 2 23 2
1583 2 15 2
1584 2 14 2
1585 2 11 2
1586 2 21 2
1587 2 8 2
1588 2 41 2
1589 2 9 2
1590 2 25 2
1591 2 15 2
1592 2 13 2
1593 4 50 4
1594 2 13 2
1595 2 14 2
1596 2 16 2
1597 2 30 2
1598 3 26 3
1599 2 17 2
1600 3 28 3
1601 2 23 2
1602 3 42 3
1603 4 43 4
1604 2 21 2
1605 2 12 2
1606 2 13 2
1607 2 16 2
1608 2 12 2
1609 2 21 2
1610 2 27 2
1611 2 59 2
1612 2 16 2
1613 2 15 2
1614 2 20 2
1615 2 9 2
1616 3 67 3
1617 2 34 2
1618 3 27 3
1619 6 86 5
1620 2 23 2
1621 2 29 2
1622 2 17 2
1623 2 24 2
1624 2 25 2
1625 3 20 3
1626 2 18 2
1627 2 47 2
1628 2 23 2
1629 4 64 4
1630 3 39 3
1631 2 11 2
1632 2 8 2
1633 2 12 2
1634 2 17 2
1635 2 11 2
1636 2 25 2
1637 3 105 3
1638 2 22 2
1639 2 9 2
1640 2 25 2
1641 2 18 2
1642 2 16 2
1643 2 9 2
1644 2 14 2
1645 2 27 2
1646 2 9 2
1647 2 11 2
1648 2 17 2
1649 2 18 2
1650 2 29 2
1651 3 24 3
1652 3 38 3
1653 2 9 2
1654 2 17 2
1655 5 44 4
1656 2 14 2
1657 2 33 2
1658 2 11 2
1659 2 22 2
1660 2 15 2
1661 2 19 2
1662 3 21 3
1663 5 92 4
1664 2 12 2
1665 2 44 2
1666 3 29 3
1667 2 59 2
1668 2 9 2
1669 2 19 2
1670 2 19 2
1671 4 102 4
1672 2 10 2
1673 2 13 2
1674 3 20 3
1675 2 11 2
1676 3 35 3
1677 4 107 4
1678 5 68 5
1679 2 11 2
1680 2 40 2
1681 2 114 2
1682 2 19 2
1683 3 26 3
1684 2 13 2
1685 3 43 3
1686 2 18 2
1687 3 30 3
1688 2 26 2
1689 3 21 3
1690 3 35 3
1691 2 21 2
1692 2 22 2
1693 2 11 2
1694 2 11 2
1695 2 19 2
1696 2 9 2
1697 2 27 2
1698 2 19 2
1699 6 168 5
1700 2 13 2
1701 2 15 2
1702 3 34 3
1703 2 12 2
1704 2 19 2
1705 2 22 2
1706 2 47 2
1707 2 22 2
1708 2 9 2
1709 3 117 3
1710 2 12 2
1711 3 30 3
1712 2 18 2
1713 2 14 2
1714 3 102 3
1715 2 23 2
1716 3 22 3
1717 2 13 2
1718 2 23 2
1719 8 195 6
1720 2 13 2
1721 2 13 2
1722 7 500 6
1723 2 15 2
1724 6 43 5
1725 2 39 2
1726 2 14 2
1727 2 14 2
1728 2 9 2
1729 7 205 5
1730 2 78 2
1731 2 13 2
1732 2 20 2
1733 2 14 2
1734 2 10 2
1735 5 136 5
1736 2 15 2
1737 2 152 2
1738 2 8 2
1739 4 137 4
1740 2 12 2
1741 2 12 2
1742 2 12 2
1743 2 12 2
1744 2 19 2
1745 2 12 2
1746 2 11 2
1747 3 23 3
1748 2 12 2
1749 2 30 2
1750 10 203 7
1751 3 18 3
1752 2 11 2
1753 2 15 2
1754 2 13 2
1755 2 15 2
1756 2 42 2
1757 2 11 2
1758 2 11 2
1759 3 39 3
1760 2 14 2
1761 2 13 2
1762 2 11 2
1763 2 10 2
1764 2 14 2
1765 5 39 4
1766 2 8 2
1767 2 13 2
1768 2 25 2
1769 2 11 2
1770 2 15 2
1771 3 128 3
1772 2 10 2
1773 2 8 2
1774 2 10 2
1775 2 30 2
1776 2 14 2
1777 2 28 2
1778 2 10 2
1779 2 13 2
1780 4 38 4
1781 2 11 2
1782 4 88 4
1783 2 13 2
1784 5 105 4
1785 2 8 2
1786 3 45 3
1787 2 12 2
1788 4 42 4
1789 4 88 4
1790 7 116 6
1791 2 14 2
1792 4 42 4
1793 2 12 2
1794 3 28 3
1795 2 16 2
1796 2 17 2
1797 2 12 2
1798 2 13 2
1799 2 15 2
1800 2 13 2
1801 2 9 2
1802 4 94 4
1803 2 13 2
1804 3 23 3
1805 2 13 2
1806 2 12 2
1807 2 12 2
1808 2 10 2
1809 2 8 2
1810 2 16 2
1811 2 17 2
1812 2 8 2
1813 2 14 2
1814 2 35 2
1815 2 24 2
1816 2 16 2
1817 3 27 3
1818 2 31 2
1819 10 372 9
1820 2 16 2
1821 3 26 3
1822 2 18 2
1823 2 8 2
1824 2 20 2
1825 2 16 2
1826 3 41 3
1827 2 42 2
1828 4 77 4
1829 2 12 2
1830 3 28 3
1831 2 9 2
1832 3 94 3
1833 3 48 3
1834 2 23 2
1835 2 23 2
1836 4 156 4
1837 2 33 2
1838 2 10 2
1839 2 11 2
1840 2 24 2
1841 3 48 3
1842 2 33 2
1843 3 21 3
1844 2 15 2
1845 2 31 2
1846 2 13 2
1847 3 38 3
1848 2 14 2
1849 2 10 2
1850 2 9 2
1851 2 8 2
1852 2 10 2
1853 2 14 2
1854 2 10 2
1855 3 28 3
1856 3 25 3
1857 2 10 2
1858 2 12 2
1859 2 21 2
1860 2 15 2
1861 2 9 2
1862 4 40 4
1863 2 12 2
1864 2 24 2
1865 3 15 3
1866 2 11 2
1867 3 30 3
1868 2 14 2
1869 2 39 2
1870 3 14 3
1871 2 11 2
1872 2 10 2
1873 2 11 2
1874 2 9 2
1875 2 12 2
1876 4 155 4
1877 3 28 3
1878 2 18 2
1879 3 31 3
1880 2 10 2
1881 3 81 3
1882 2 9 2
1883 2 12 2
1884 2 8 2
1885 3 31 3
1886 5 48 4
1887 3 26 3
1888 3 57 3
1889 4 133 4
1890 2 15 2
1891 2 13 2
1892 2 20 2
1893 5 123 5
1894 2 8 2
1895 3 54 3
1896 2 22 2
1897 2 24 2
1898 2 9 2
1899 3 25 3
1900 2 8 2
1901 2 12 2
1902 2 15 2
1903 3 15 3
1904 4 112 4
1905 3 20 3
1906 3 26 3
1907 2 14 2
1908 2 9 2
1909 2 19 2
1910 2 31 2
1911 2 14 2
1912 2 9 2
1913 2 8 2
1914 2 18 2
1915 2 59 2
1916 4 52 4
1917 2 11 2
1918 2 17 2
1919 2 30 2
1920 2 13 2
1921 3 29 3
1922 2 23 2
1923 2 9 2
1924 2 9 2
1925 2 22 2
1926 2 17 2
1927 2 21 2
1928 2 15 2
1929 2 28 2
1930 2 17 2
1931 2 10 2
1932 3 30 3
1933 2 12 2
1934 4 88 4
1935 2 18 2
1936 4 27 4
1937 2 27 2
1938 3 28 3
1939 2 33 2
1940 4 42 4
1941 2 9 2
1942 2 11 2
1943 2 71 2
1944 2 14 2
1945 2 9 2
1946 2 30 2
1947 3 68 3
1948 4 93 4
1949 2 13 2
1950 2 10 2
1951 2 79 2
1952 2 11 2
1953 3 15 3
1954 2 34 2
1955 2 81 2
1956 2 10 2
1957 3 55 3
1958 3 37 3
1959 2 11 2
1960 3 62 3
1961 3 26 3
1962 2 35 2
1963 2 19 2
1964 2 19 2
1965 2 27 2
1966 2 20 2
1967 2 18 2
1968 3 17 3
1969 2 23 2
1970 3 14 3
1971 3 51 3
1972 2 50 2
1973 3 100 3
1974 2 18 2
1975 2 11 2
1976 2 34 2
1977 2 21 2
1978 3 42 3
1979 2 25 2
1980 3 35 3
1981 4 48 4
1982 2 12 2
1983 2 38 2
1984 3 30 3
1985 2 9 2
1986 2 14 2
1987 3 124 3
1988 2 13 2
1989 2 21 2
1990 2 23 2
1991 2 33 2
1992 2 15 2
1993 2 15 2
1994 2 9 2
1995 2 95 2
1996 2 53 2
1997 2 44 2
1998 2 57 2
1999 3 34 3
2000 2 32 2
2001 2 18 2
2002 2 18 2
2003 2 19 2
2004 3 54 3
2005 2 11 2
2006 6 602 6
2007 2 16 2
2008 2 14 2
2009 2 31 2
2010 6 138 5
2011 2 35 2
2012 2 21 2
2013 2 18 2
2014 2 13 2
2015 2 10 2
2016 2 13 2
2017 3 43 3
2018 2 9 2
2019 2 54 2
2020 2 24 2
2021 2 15 2
2022 2 52 2
2023 4 58 4
2024 2 11 2
2025 3 23 3
2026 2 9 2
2027 2 17 2
2028 2 29 2
2029 2 65 2
2030 2 19 2
2031 2 9 2
2032 2 19 2
2033 4 67 4
2034 7 113 5
2035 3 26 3
2036 2 20 2
2037 2 10 2
2038 3 89 3
2039 2 12 2
2040 4 49 4
2041 2 9 2
2042 5 74 4
2043 4 55 4
2044 2 12 2
2045 2 14 2
2046 2 13 2
2047 2 16 2
2048 2 17 2
2049 3 69 3
2050 3 16 3
2051 3 44 3
2052 2 27 2
2053 2 10 2
2054 2 13 2
2055 2 8 2
2056 2 19 2
2057 2 23 2
2058 2 15 2
2059 2 22 2
2060 4 32 4
2061 2 13 2
2062 2 22 2
2063 4 57 4
2064 2 18 2
2065 3 126 3
2066 2 11 2
2067 3 47 3
2068 3 34 3
2069 3 34 3
2070 2 13 2
2071 2 18 2
2072 2 16 2
2073 2 17 2
2074 2 19 2
2075 5 84 5
2076 2 10 2
2077 2 11 2
2078 4 60 4
2079 2 11 2
2080 2 115 2
2081 5 101 4
2082 3 33 3
2083 2 9 2
2084 2 50 2
2085 2 18 2
2086 2 20 2
2087 4 96 4
2088 3 68 3
2089 2 11 2
2090 2 13 2
2091 2 12 2
2092 2 10 2
2093 2 10 2
2094 3 31 3
2095 2 9 2
2096 3 23 3
2097 2 23 2
2098 5 56 5
2099 3 18 3
2100 3 33 3
2101 2 85 2
2102 3 77 3
2103 2 23 2
2104 3 17 3
2105 3 58 3
2106 2 17 2
2107 3 29 3
2108 2 16 2
2109 2 21 2
2110 2 48 2
2111 2 16 2
2112 3 69 3
2113 2 10 2
2114 2 28 2
2115 4 32 4
2116 4 80 4
2117 2 11 2
2118 2 15 2
2119 4 272 4
2120 5 46 4
2121 2 14 2
2122 5 35 4
2123 2 24 2
2124 2 11 2
2125 3 31 3
2126 6 174 6
2127 3 35 3
2128 2 17 2
2129 2 8 2
2130 2 12 2
2131 3 30 3
2132 7 170 5
2133 3 30 3
2134 3 37 3
2135 2 11 2
2136 3 103 3
2137 2 14 2
2138 2 15 2
2139 2 10 2
2140 2 14 2
2141 2 10 2
2142 2 15 2
2143 3 15 3
2144 2 14 2
2145 3 59 3
2146 2 25 2
2147 2 16 2
2148 4 67 4
2149 2 13 2
2150 2 21 2
2151 2 15 2
2152 3 54 3
2153 2 15 2
2154 2 11 2
2155 2 17 2
2156 2 13 2
2157 2 17 2
2158 2 23 2
2159 4 54 4
2160 2 12 2
2161 3 250 3
2162 2 11 2
2163 2 13 2
2164 2 11 2
2165 2 10 2
2166 3 30 3
2167 2 20 2
2168 3 25 3
2169 2 12 2
2170 2 12 2
2171 2 37 2
2172 3 80 3
2173 2 16 2
2174 2 13 2
2175 2 20 2
2176 2 16 2
2177 2 66 2
2178 2 19 2
2179 2 56 2
2180 2 13 2
2181 2 21 2
2182 3 88 3
2183 2 11 2
2184 2 8 2
2185 2 10 2
2186 2 10 2
2187 2 18 2
2188 2 19 2
2189 2 30 2
2190 3 102 3
2191 5 110 4
2192 2 41 2
2193 2 9 2
2194 2 23 2
2195 3 40 3
2196 2 30 2
2197 4 100 4
2198 3 67 3
2199 2 15 2
2200 2 19 2
2201 2 10 2
2202 3 40 3
2203 2 11 2
2204 2 10 2
2205 2 13 2
2206 2 16 2
2207 4 24 4
2208 2 59 2
2209 4 115 4
2210 2 22 2
2211 2 35 2
2212 3 43 3
2213 2 16 2
2214 2 15 2
2215 4 108 4
2216 2 29 2
2217 3 22 3
2218 2 12 2
2219 2 15 2
2220 2 22 2
2221 2 13 2
2222 3 17 3
2223 2 10 2
2224 3 74 3
2225 2 24 2
2226 5 96 4
2227 3 49 3
2228 2 17 2
2229 2 21 2
2230 2 15 2
2231 5 78 5
2232 3 25 3
2233 2 10 2
2234 2 18 2
2235 2 43 2
2236 2 21 2
2237 4 144 4
2238 2 8 2
2239 4 31 4
2240 2 18 2
2241 2 62 2
2242 2 13 2
2243 7 114 6
2244 2 8 2
2245 2 26 2
2246 2 17 2
2247 2 11 2
2248 4 86 4
2249 2 9 2
2250 2 53 2
2251 4 77 4
2252 2 46 2
2253 2 13 2
2254 4 43 4
2255 2 16 2
2256 2 23 2
2257 2 18 2
2258 3 43 3
2259 2 19 2
2260 3 42 3
2261 4 100 4
2262 3 17 3
2263 2 10 2
2264 2 12 2
2265 3 14 3
2266 3 32 3
2267 2 23 2
2268 2 13 2
2269 4 47 4
2270 2 14 2
2271 2 197 2
2272 2 12 2
2273 2 21 2
2274 2 9 2
2275 2 26 2
2276 3 141 3
2277 2 9 2
2278 2 61 2
2279 3 64 3
2280 2 11 2
2281 2 15 2
2282 3 21 3
2283 3 56 3
2284 2 19 2
2285 2 12 2
2286 2 8 2
2287 4 57 4
2288 2 10 2
2289 4 23 4
2290 3 17 3
2291 2 16 2
2292 2 17 2
2293 2 15 2
2294 2 35 2
2295 2 12 2
2296 2 17 2
2297 2 14 2
2298 3 34 3
2299 2 17 2
2300 6 177 5
2301 2 12 2
2302 2 8 2
2303 2 10 2
2304 3 19 3
2305 2 76 2
2306 2 45 2
2307 3 38 3
2308 2 23 2
2309 6 534 6
2310 2 14 2
2311 2 29 2
2312 3 25 3
2313 3 99 3
2314 2 74 2
2315 2 9 2
2316 2 10 2
2317 2 41 2
2318 2 11 2
2319 2 8 2
2320 3 69 3
2321 3 57 3
2322 2 20 2
2323 2 16 2
2324 2 21 2
2325 4 106 4
2326 2 12 2
2327 2 9 2
2328 2 16 2
2329 2 16 2
2330 2 18 2
2331 3 20 3
2332 2 15 2
2333 2 10 2
2334 3 25 3
2335 2 26 2
2336 3 58 3
2337 2 10 2
2338 4 57 4
2339 2 21 2
2340 2 30 2
2341 2 18 2
2342 2 18 2
2343 5 126 4
2344 2 55 2
2345 2 9 2
2346 2 10 2
2347 2 12 2
2348 2 43 2
2349 2 21 2
2350 2 34 2
2351 4 23 4
2352 2 17 2
2353 2 22 2
2354 3 30 3
2355 3 47 3
2356 2 20 2
2357 2 19 2
2358 2 12 2
2359 2 14 2
2360 4 79 4
2361 3 34 3
2362 2 9 2
2363 2 26 2
2364 3 46 3
2365 3 19 3
2366 2 23 2
2367 2 23 2
2368 2 12 2
2369 5 72 4
2370 2 17 2
2371 2 31 2
2372 2 20 2
2373 3 33 3
2374 3 50 3
2375 2 8 2
2376 2 29 2
2377 3 15 3
2378 2 24 2
2379 3 32 3
2380 2 27 2
2381 2 12 2
2382 2 10 2
2383 3 57 3
2384 4 70 4
2385 5 46 4
2386 2 11 2
2387 2 12 2
2388 2 72 2
2389 2 9 2
2390 3 63 3
2391 3 16 3
2392 2 11 2
2393 3 51 3
2394 3 87 3
2395 3 25 3
2396 2 33 2
2397 2 11 2
2398 2 25 2
2399 3 15 3
2400 2 15 2
2401 4 56 4
2402 2 20 2
2403 3 75 3
2404 3 14 3
2405 2 11 2
2406 2 20 2
2407 3 22 3
2408 2 11 2
2409 2 15 2
2410 2 8 2
2411 2 10 2
2412 2 10 2
2413 3 26 3
2414 3 42 3
2415 6 95 5
2416 2 57 2
2417 2 31 2
2418 2 32 2
2419 3 55 3
2420 2 11 2
2421 2 22 2
2422 2 70 2
2423 2 10 2
2424 3 41 3
2425 2 33 2
2426 2 12 2
2427 2 11 2
2428 3 46 3
2429 2 8 2
2430 2 8 2
2431 2 15 2
2432 2 12 2
2433 5 160 5
2434 3 23 3
2435 4 161 4
2436 2 37 2
2437 2 11 2
2438 2 17 2
2439 2 33 2
2440 2 20 2
2441 4 40 4
2442 2 12 2
2443 2 70 2
2444 3 56 3
2445 2 19 2
2446 2 34 2
2447 2 17 2
2448 2 12 2
2449 2 51 2
2450 2 22 2
2451 2 11 2
2452 3 57 3
2453 2 14 2
2454 2 12 2
2455 3 58 3
2456 2 8 2
2457 2 18 2
2458 2 26 2
2459 11 120 6
2460 2 14 2
2461 2 26 2
2462 4 66 4
2463 2 10 2
2464 2 12 2
2465 3 21 3
2466 3 32 3
2467 3 30 3
2468 2 9 2
2469 4 43 4
2470 2 8 2
2471 2 14 2
2472 3 94 3
2473 2 11 2
2474 2 10 2
2475 3 139 3
2476 2 30 2
2477 2 44 2
2478 2 20 2
2479 2 26 2
2480 2 96 2
2481 2 45 2
2482 2 37 2
2483 4 71 4
2484 2 10 2
2485 3 23 3
2486 2 49 2
2487 3 25 3
2488 2 28 2
2489 2 11 2
2490 2 71 2
2491 4 95 4
2492 4 43 4
2493 2 10 2
2494 3 52 3
2495 2 11 2
2496 4 41 4
2497 3 17 3
2498 2 23 2
2499 2 8 2
2500 2 37 2
2501 2 8 2
2502 2 11 2
2503 3 18 3
2504 3 29 3
2505 2 14 2
2506 2 73 2
2507 2 17 2
2508 2 10 2
2509 2 9 2
2510 2 9 2
2511 2 10 2
2512 2 33 2
2513 2 11 2
2514 3 37 3
2515 2 20 2
2516 4 98 4
2517 2 12 2
2518 4 52 4
2519 2 23 2
2520 2 19 2
2521 2 13 2
2522 3 26 3
2523 2 13 2
2524 2 30 2
2525 2 61 2
2526 4 35 4
2527 5 126 5
2528 2 42 2
2529 2 11 2
2530 2 17 2
2531 2 16 2
2532 2 22 2
2533 2 11 2
2534 2 11 2
2535 2 11 2
2536 3 23 3
2537 2 58 2
2538 2 12 2
2539 2 11 2
2540 2 8 2
2541 4 112 4
2542 3 29 3
2543 2 12 2
2544 2 8 2
2545 4 58 4
2546 2 20 2
2547 2 16 2
2548 2 8 2
2549 2 9 2
2550 2 10 2
2551 4 43 4
2552 2 308 2
2553 2 36 2
2554 2 13 2
2555 4 38 4
2556 2 9 2
2557 2 20 2
2558 2 23 2
2559 2 11 2
2560 3 23 3
2561 2 20 2
2562 5 171 5
2563 2 15 2
2564 3 19 3
2565 2 10 2
2566 2 36 2
2567 3 43 3
2568 2 23 2
2569 2 13 2
2570 2 31 2
2571 2 9 2
2572 2 11 2
2573 2 10 2
2574 2 41 2
2575 2 14 2
2576 2 27 2
2577 2 25 2
2578 2 14 2
2579 3 32 3
2580 2 18 2
2581 2 11 2
2582 4 37 4
2583 3 38 3
2584 2 20 2
2585 3 59 3
2586 2 12 2
2587 2 45 2
2588 2 43 2
2589 3 39 3
2590 2 12 2
2591 2 50 2
2592 4 103 4
2593 3 23 3
2594 3 35 3
2595 2 35 2
2596 2 16 2
2597 2 10 2
2598 2 13 2
2599 2 18 2
2600 3 78 3
2601 3 38 3
2602 2 8 2
2603 2 26 2
2604 2 16 2
2605 2 15 2
2606 2 14 2
2607 3 58 3
2608 2 38 2
2609 4 61 4
2610 2 10 2
2611 2 29 2
2612 4 57 4
2613 3 37 3
2614 3 72 3
2615 2 22 2
2616 3 90 3
2617 2 15 2
2618 2 44 2
2619 2 49 2
2620 2 27 2
2621 3 17 3
2622 2 26 2
2623 3 12 3
2624 5 201 4
2625 2 17 2
2626 2 14 2
2627 2 17 2
2628 2 23 2
2629 2 16 2
2630 3 46 3
2631 2 13 2
2632 4 87 4
2633 3 27 3
2634 3 16 3
2635 3 104 3
2636 5 53 4
2637 2 13 2
2638 3 50 3
2639 2 14 2
2640 2 21 2
2641 2 10 2
2642 3 48 3
2643 2 18 2
2644 2 31 2
2645 2 33 2
2646 2 41 2
2647 2 16 2
2648 2 14 2
2649 2 20 2
2650 2 10 2
2651 2 10 2
2652 3 17 3
2653 4 250 4
2654 2 9 2
2655 2 13 2
2656 3 32 3
2657 2 8 2
2658 2 12 2
2659 3 16 3
2660 2 29 2
2661 2 70 2
2662 2 29 2
2663 2 98 2
2664 2 16 2
2665 2 12 2
2666 3 24 3
2667 3 14 3
2668 2 10 2
2669 2 18 2
2670 3 37 3
2671 2 81 2
2672 3 105 3
2673 3 279 3
2674 3 42 3
2675 2 22 2
2676 3 31 3
2677 2 25 2
2678 2 28 2
2679 4 35 4
2680 2 14 2
2681 2 93 2
2682 2 11 2
2683 3 29 3
2684 2 9 2
2685 2 28 2
2686 2 13 2
2687 2 27 2
2688 2 18 2
2689 2 14 2
2690 3 22 3
2691 2 12 2
2692 2 33 2
2693 3 64 3
2694 2 34 2
2695 2 14 2
2696 2 16 2
2697 2 10 2
2698 2 22 2
2699 4 41 4
2700 2 55 2
2701 2 14 2
2702 3 54 3
2703 4 29 4
2704 3 26 3
2705 2 27 2
2706 2 14 2
2707 2 17 2
2708 2 8 2
2709 2 48 2
2710 2 21 2
2711 2 14 2
2712 2 27 2
2713 3 45 3
2714 3 26 3
2715 3 43 3
2716 3 65 3
2717 2 9 2
2718 2 10 2
2719 2 19 2
2720 3 180 3
2721 2 10 2
2722 2 17 2
2723 3 117 3
2724 2 12 2
2725 2 22 2
2726 2 14 2
2727 2 30 2
2728 3 48 3
2729 2 153 2
2730 3 166 3
2731 3 16 3
2732 3 85 3
2733 2 23 2
2734 2 23 2
2735 3 70 3
2736 2 24 2
2737 4 41 4
2738 2 13 2
2739 2 18 2
2740 2 32 2
2741 2 69 2
2742 2 16 2
2743 2 17 2
2744 2 13 2
2745 2 17 2
2746 2 24 2
2747 2 14 2
2748 2 15 2
2749 2 17 2
2750 2 12 2
2751 3 82 3
2752 2 13 2
2753 2 40 2
2754 3 70 3
2755 2 13 2
2756 2 22 2
2757 3 68 3
2758 2 10 2
2759 2 34 2
2760 2 19 2
2761 5 159 5
2762 2 14 2
2763 2 10 2
2764 2 20 2
2765 5 80 5
2766 3 44 3
2767 4 72 4
2768 2 12 2
2769 2 19 2
2770 2 11 2
2771 2 16 2
2772 2 11 2
2773 2 65 2
2774 2 38 2
2775 2 8 2
2776 2 12 2
2777 4 59 4
2778 2 12 2
2779 2 25 2
2780 2 16 2
2781 3 68 3
2782 2 10 2
2783 2 37 2
2784 3 53 3
2785 4 108 4
2786 2 26 2
2787 2 8 2
2788 2 10 2
2789 3 45 3
2790 4 29 4
2791 2 12 2
2792 2 37 2
2793 2 10 2
2794 2 16 2
2795 2 11 2
2796 2 10 2
2797 2 11 2
2798 2 16 2
2799 3 127 3
2800 2 12 2
2801 4 126 4
2802 5 68 4
2803 2 34 2
2804 2 16 2
2805 5 100 5
2806 3 35 3
2807 3 29 3
2808 2 53 2
2809 2 119 2
2810 2 17 2
2811 2 15 2
2812 2 13 2
2813 2 19 2
2814 2 16 2
2815 2 13 2
2816 2 15 2
2817 2 14 2
2818 2 42 2
2819 2 15 2
2820 2 17 2
2821 2 8 2
2822 5 41 4
2823 2 30 2
2824 3 23 3
2825 2 47 2
2826 2 10 2
2827 3 29 3
2828 2 13 2
2829 2 16 2
2830 3 16 3
2831 2 11 2
2832 3 64 3
2833 2 12 2
2834 2 26 2
2835 3 16 3
2836 3 33 3
2837 2 9 2
2838 2 21 2
2839 2 11 2
2840 2 31 2
2841 2 13 2
2842 2 20 2
2843 3 95 3
2844 4 149 4
2845 2 15 2
2846 3 23 3
2847 3 52 3
2848 2 15 2
2849 4 135 4
2850 2 14 2
2851 2 18 2
2852 2 23 2
2853 2 9 2
2854 2 8 2
2855 2 24 2
2856 3 195 3
2857 2 41 2
2858 2 13 2
2859 3 24 3
2860 2 25 2
2861 3 178 3
2862 2 11 2
2863 2 9 2
2864 2 19 2
2865 3 14 3
2866 2 19 2
2867 2 22 2
2868 2 9 2
2869 2 21 2
2870 2 24 2
2871 2 29 2
2872 2 19 2
2873 2 15 2
2874 2 40 2
2875 2 19 2
2876 2 20 2
2877 2 9 2
2878 2 24 2
2879 2 17 2
2880 2 8 2
2881 5 68 4
2882 2 129 2
2883 2 18 2
2884 2 47 2
2885 2 49 2
2886 3 21 3
2887 2 9 2
2888 2 14 2
2889 2 16 2
2890 2 52 2
2891 2 18 2
2892 2 8 2
2893 2 28 2
2894 2 10 2
2895 2 23 2
2896 2 10 2
2897 2 55 2
2898 2 9 2
2899 2 13 2
2900 2 64 2
2901 2 11 2
2902 2 12 2
2903 2 10 2
2904 2 34 2
2905 2 29 2
2906 2 16 2
2907 2 15 2
2908 3 32 3
2909 2 15 2
2910 2 10 2
2911 4 37 4
2912 2 14 2
2913 2 51 2
2914 3 17 3
2915 2 14 2
2916 2 14 2
2917 2 11 2
2918 4 88 4
2919 2 11 2
2920 2 19 2
2921 2 42 2
2922 3 77 3
2923 2 21 2
2924 2 24 2
2925 2 35 2
2926 2 11 2
2927 2 11 2
2928 2 34 2
2929 2 16 2
2930 3 22 3
2931 2 9 2
2932 2 19 2
2933 2 18 2
2934 2 11 2
2935 2 8 2
2936 2 11 2
2937 3 61 3