359	2	23	2
114	3	24	3
1209	9	520	7
607	3	38	3
406	2	34	2
573	2	15	2
11	4	72	4
176	3	34	3
276	2	26	2
139	3	35	3
209	2	16	2
1369	2	23	2
217	4	52	4
616	4	57	4
617	2	50	2
618	2	38	2
7	2	19	2
537	4	21	4
49	2	15	2
409	3	28	3
448	4	76	4
1161	4	27	4
667	3	34	3
77	3	28	3
504	3	18	3
17	4	45	4
1623	7	426	6
2152	2	33	2
328	2	13	2
282	2	35	2
50	3	38	3
2153	3	34	3
691	2	19	2
126	3	22	3
13	2	28	2
136	9	192	6
99	2	15	2
187	2	22	2
74	4	171	4
25	3	19	3
2317	3	30	3
169	3	33	3
9	6	84	4
1490	3	39	3
2318	2	52	2
1372	2	14	2
1171	10	552	7
19	2	40	2
290	2	22	2
435	2	17	2
1173	5	47	4
1373	3	33	3
47	2	10	2
353	2	18	2
30	3	38	3
2	6	53	4
250	2	19	2
91	2	11	2
54	3	13	3
60	2	31	2
152	2	18	2
1174	2	13	2
299	2	11	2
403	3	25	3
400	2	27	2
222	4	26	4
5	2	27	2
789	5	32	4
543	2	13	2
790	2	25	2
198	2	11	2
118	16	682	9
35	2	55	2
162	6	98	5
309	2	27	2
1742	3	46	3
591	3	53	3
21	3	122	3
379	3	25	3
624	2	17	2
625	2	13	2
626	9	130	6
40	2	37	2
627	3	138	3
628	2	11	2
236	3	23	3
592	2	41	2
2320	4	33	4
1744	2	60	2
153	3	22	3
1389	2	11	2
942	2	41	2
529	2	17	2
265	3	17	3
943	3	59	3
944	2	37	2
2323	2	20	2
540	2	13	2
39	5	46	4
538	2	13	2
156	2	32	2
539	2	13	2
61	2	12	2
563	2	22	2
786	6	58	4
802	2	12	2
295	3	59	3
803	3	13	3
804	2	24	2
813	2	23	2
1746	3	27	3
909	5	67	5
321	3	20	3
1123	2	13	2
88	5	54	4
3	2	13	2
2326	2	22	2
2327	3	30	3
814	3	96	3
544	4	29	4
314	3	34	3
259	5	99	5
182	2	11	2
38	2	10	2
73	3	24	3
150	2	13	2
315	5	62	4
260	5	99	5
316	2	15	2
22	3	94	3
1496	5	172	5
445	2	27	2
608	3	34	3
252	2	24	2
701	2	22	2
10	3	47	3
4	2	15	2
1748	2	71	2
355	3	19	3
629	4	44	4
181	2	17	2
630	2	22	2
497	4	33	4
2328	8	319	7
234	2	13	2
1374	3	34	3
2329	2	30	2
1749	4	249	4
1500	2	11	2
2330	2	34	2
876	2	31	2
115	5	31	4
381	3	21	3
2889	2	11	2
1005	2	15	2
205	2	16	2
2092	2	18	2
8	2	18	2
2890	2	25	2
325	2	12	2
257	3	69	3
1225	2	12	2
2097	2	33	2
2892	4	32	4
1226	2	61	2
20	2	12	2
6	2	30	2
1074	2	19	2
1558	3	41	3
2099	2	15	2
429	2	78	2
1227	3	62	3
267	3	41	3
68	2	14	2
1228	3	44	3
2100	2	15	2
866	2	13	2
1232	4	41	4
534	2	50	2
184	3	31	3
650	4	29	4
2102	4	46	4
2897	3	38	3
2898	2	18	2
223	5	92	5
308	3	112	3
708	2	13	2
286	3	38	3
247	5	200	4
42	3	84	3
481	2	15	2
191	2	23	2
2901	2	11	2
2104	2	8	2
1562	4	101	4
2902	4	41	4
1620	2	11	2
358	2	8	2
24	3	39	3
2105	2	8	2
2907	6	244	5
2908	4	24	4
2909	2	20	2
395	2	14	2
2913	4	27	4
373	3	35	3
75	5	39	5
202	2	18	2
2110	4	49	4
106	6	119	5
1569	2	24	2
1570	3	25	3
186	2	12	2
2111	2	19	2
161	2	16	2
1237	2	16	2
656	4	36	4
483	2	24	2
2112	3	31	3
64	2	12	2
48	3	56	3
518	2	16	2
1608	3	21	3
2060	2	18	2
214	2	29	2
450	2	10	2
2919	2	12	2
67	4	125	4
2920	3	54	3
923	2	24	2
154	2	13	2
396	2	11	2
747	4	67	4
372	2	16	2
174	3	46	3
261	3	62	3
1138	2	35	2
2198	2	19	2
564	2	44	2
893	2	15	2
246	2	15	2
352	4	118	4
89	2	13	2
494	2	23	2
955	2	10	2
641	2	14	2
1660	2	10	2
1862	2	14	2
482	3	39	3
457	3	32	3
749	2	9	2
1423	4	49	4
475	2	10	2
895	2	23	2
1665	3	19	3
1104	3	18	3
1105	5	53	5
2209	3	40	3
2210	3	39	3
2211	2	15	2
579	3	39	3
165	5	67	4
132	2	16	2
341	3	28	3
342	2	15	2
343	2	15	2
344	2	14	2
345	2	10	2
346	2	18	2
347	2	13	2
338	15	1335	12
339	2	21	2
340	5	81	5
1106	2	12	2
2217	3	28	3
1668	3	33	3
731	2	13	2
862	3	39	3
1669	3	18	3
288	2	14	2
1670	2	20	2
112	4	40	4
417	2	15	2
418	3	20	3
240	2	26	2
419	2	13	2
420	3	40	3
421	3	35	3
378	3	21	3
296	2	22	2
2058	2	12	2
412	2	13	2
690	6	50	6
1146	13	106	6
274	12	125	6
2223	2	45	2
938	3	39	3
936	2	19	2
807	2	11	2
937	2	9	2
1964	2	9	2
263	3	23	3
2298	6	74	5
2299	2	10	2
1477	2	43	2
2302	2	36	2
401	2	21	2
698	2	11	2
757	2	21	2
2304	2	24	2
890	2	13	2
394	2	8	2
15	3	78	3
230	2	13	2
1067	5	63	4
2308	3	20	3
1975	2	20	2
2309	2	29	2
1738	3	48	3
1168	2	18	2
33	3	50	3
1365	2	8	2
1366	2	18	2
1367	2	23	2
808	2	17	2
590	2	21	2
2313	2	18	2
2314	2	11	2
1741	2	18	2
1371	2	17	2
700	2	12	2
2319	2	47	2
1119	2	15	2
31	3	27	3
383	2	11	2
384	4	77	4
385	2	14	2
386	3	36	3
387	3	73	3
388	2	18	2
382	3	33	3
125	4	38	4
215	2	15	2
348	4	96	4
71	3	24	3
2321	2	12	2
87	2	37	2
2322	2	10	2
566	2	11	2
2324	3	23	3
1068	2	17	2
2325	3	73	3
301	2	15	2
2393	2	9	2
1213	4	33	4
1792	4	37	4
2395	2	14	2
2071	2	66	2
1794	2	14	2
1545	2	9	2
1001	3	23	3
2402	2	13	2
2403	2	15	2
2404	2	20	2
2407	3	63	3
1036	5	122	5
2409	4	77	4
2410	2	10	2
1530	2	13	2
108	4	21	4
596	2	26	2
648	14	531	10
1508	2	37	2
2415	3	16	3
1289	2	19	2
513	2	16	2
1283	2	16	2
2416	2	83	2
2421	2	9	2
1817	2	62	2
724	2	8	2
1818	2	12	2
2422	3	48	3
2424	3	25	3
2429	2	21	2
2430	3	44	3
2432	2	17	2
2433	2	14	2
2434	4	37	4
761	2	9	2
1824	2	17	2
1825	2	22	2
511	2	14	2
200	3	33	3
1134	2	16	2
2436	2	22	2
762	2	22	2
1415	2	22	2
639	2	16	2
1416	2	15	2
2437	2	15	2
741	2	17	2
506	2	14	2
1565	2	51	2
582	2	28	2
470	2	12	2
2138	2	17	2
1880	3	17	3
1432	2	19	2
567	2	39	2
2493	3	62	3
905	2	16	2
2145	2	23	2
1293	3	51	3
2495	2	12	2
2497	3	31	3
1249	2	16	2
1891	3	30	3
1892	2	16	2
1893	2	9	2
1250	3	51	3
2499	2	30	2
2500	2	105	2
962	2	17	2
963	2	18	2
2501	2	11	2
2502	2	35	2
2503	2	14	2
392	2	14	2
1896	2	19	2
2505	2	14	2
1438	2	23	2
1439	2	57	2
2506	2	10	2
1082	2	22	2
663	2	22	2
29	2	18	2
461	3	89	3
643	2	22	2
1023	2	22	2
1440	3	66	3
145	3	13	3
965	2	13	2
1901	2	10	2
1904	2	13	2
1025	2	74	2
515	2	31	2
1907	3	22	3
36	2	15	2
1059	2	20	2
109	2	15	2
1908	2	8	2
884	3	46	3
1909	3	24	3
657	2	16	2
1155	3	31	3
840	2	12	2
1910	2	16	2
1911	2	29	2
2512	2	11	2
2013	2	12	2
104	2	8	2
1929	2	23	2
1930	2	13	2
2557	2	19	2
1591	2	12	2
2560	3	25	3
58	2	8	2
192	4	20	4
649	2	20	2
2562	4	64	4
160	2	16	2
2563	2	89	2
2565	2	12	2
466	2	29	2
2566	2	16	2
2569	2	19	2
2137	2	33	2
1018	2	16	2
2570	2	13	2
1938	3	21	3
2576	3	13	3
2577	2	12	2
1052	2	18	2
858	3	17	3
1462	2	18	2
2578	3	26	3
1578	4	30	4
1162	2	24	2
12	2	15	2
1163	4	33	4
2583	2	16	2
1593	2	22	2
2584	3	49	3
1257	4	246	4
572	2	21	2
63	2	9	2
2586	2	14	2
1467	2	22	2
2588	2	17	2
503	2	22	2
1032	2	12	2
1470	3	31	3
1471	2	32	2
2589	4	26	4
1291	2	8	2
906	4	37	4
1	2	14	2
1538	2	13	2
330	2	9	2
2591	3	25	3
2592	3	13	3
213	2	21	2
1948	2	13	2
2595	2	13	2
391	2	19	2
2596	3	54	3
2598	3	24	3
2599	2	18	2
1953	2	16	2
101	2	17	2
969	3	31	3
970	2	22	2
1474	2	15	2
41	5	48	4
1972	2	10	2
574	2	10	2
1973	2	14	2
1974	2	16	2
37	2	11	2
1976	3	28	3
2651	2	13	2
585	2	11	2
2652	2	26	2
1977	2	9	2
1978	6	116	6
2655	6	171	5
66	3	17	3
72	2	12	2
1598	2	12	2
2658	2	12	2
102	2	17	2
2661	2	12	2
2662	2	14	2
2665	4	26	4
251	2	13	2
1154	2	28	2
474	2	10	2
976	3	18	3
977	3	75	3
1983	2	27	2
300	2	10	2
324	3	46	3
1172	4	67	4
2669	2	50	2
1986	2	14	2
1987	3	63	3
754	2	47	2
1308	2	77	2
447	2	47	2
2672	2	19	2
1043	2	16	2
349	2	25	2
2674	2	11	2
1056	4	56	4
425	6	124	4
1990	3	48	3
2680	2	9	2
1991	3	16	3
2682	3	17	3
1492	4	54	4
204	4	29	4
1270	2	22	2
26	3	14	3
2688	2	15	2
2689	2	28	2
2692	2	28	2
2695	2	9	2
2757	2	12	2
2696	2	11	2
1493	2	16	2
1494	2	75	2
2046	2	14	2
1603	4	35	4
1495	3	27	3
451	2	10	2
1275	5	135	5
171	2	12	2
2701	3	81	3
776	2	9	2
660	3	36	3
469	2	12	2
1277	2	13	2
2127	2	10	2
43	3	24	3
1088	2	12	2
452	2	13	2
2019	2	22	2
2745	2	12	2
1605	2	10	2
2747	2	12	2
119	2	15	2
1189	3	19	3
1190	3	35	3
2748	2	14	2
2818	2	34	2
2021	2	10	2
2022	2	58	2
2023	2	34	2
1323	2	10	2
2750	2	13	2
1607	2	14	2
721	2	25	2
423	2	10	2
2754	2	19	2
2756	2	17	2
2765	2	10	2
1597	2	54	2
620	2	40	2
831	3	51	3
830	3	31	3
2036	2	9	2
1272	2	31	2
426	3	15	3
2774	2	10	2
2776	2	9	2
2778	4	51	4
248	2	22	2
784	2	24	2
393	3	28	3
2782	2	9	2
2579	2	27	2
1611	2	17	2
2783	2	17	2
2785	2	10	2
1612	4	51	4
1533	2	13	2
1058	2	50	2
1534	3	29	3
2044	5	140	5
565	2	56	2
571	2	35	2
2793	2	22	2
1197	2	37	2
1198	2	16	2
1199	3	20	3
2794	2	10	2
2795	2	8	2
2796	3	15	3
2798	4	38	4
1264	2	45	2
652	2	14	2
2826	2	17	2
70	2	9	2
1210	4	53	4
908	2	21	2
2828	2	13	2
2829	2	49	2
2061	3	26	3
2830	3	32	3
2062	2	13	2
2752	2	8	2
676	2	91	2
293	2	14	2
2065	3	14	3
2066	3	33	3
284	2	8	2
634	4	32	4
292	2	13	2
635	2	27	2
636	2	27	2
501	3	28	3
1697	2	26	2
2832	2	20	2
633	3	34	3
235	3	24	3
2838	2	26	2
2839	2	14	2
1542	2	11	2
1881	2	12	2
2840	3	39	3
2842	2	25	2
2843	2	15	2
2844	2	28	2
432	2	31	2
1600	2	26	2
2849	3	30	3
2740	2	18	2
2853	2	14	2
2855	4	74	4
228	2	38	2
2860	2	14	2
1585	2	11	2
460	3	29	3
424	3	33	3
2863	3	22	3
2864	2	9	2
2079	6	268	6
2080	4	71	4
496	2	75	2
2868	2	16	2
2870	2	16	2
673	3	22	3
603	2	33	2
1547	2	11	2
438	3	21	3
1630	3	43	3
1631	3	39	3
946	2	10	2
2163	4	107	4
2162	2	29	2
945	3	37	3
453	3	35	3
2169	2	15	2
2170	2	13	2
1125	2	9	2
1301	3	23	3
2167	2	17	2
1595	2	11	2
1087	2	85	2
947	2	27	2
2166	2	13	2
2171	2	16	2
1766	2	17	2
653	2	21	2
1090	2	25	2
1035	2	21	2
454	2	19	2
1637	2	15	2
1636	2	9	2
134	2	10	2
2178	4	39	4
1097	6	117	4
1098	2	22	2
1099	2	13	2
2176	2	20	2
1305	2	10	2
1306	3	50	3
1307	3	36	3
2175	2	25	2
2174	3	31	3
771	5	81	5
604	2	12	2
772	2	10	2
773	2	13	2
774	2	10	2
732	3	14	3
892	2	33	2
2180	4	52	4
405	2	13	2
480	2	14	2
769	2	15	2
770	2	9	2
797	2	19	2
921	2	11	2
2183	2	13	2
654	2	11	2
1128	3	22	3
751	2	20	2
2182	3	24	3
2181	3	16	3
428	2	26	2
1647	2	12	2
719	2	27	2
1101	2	17	2
269	2	13	2
105	3	24	3
1645	2	14	2
1646	2	9	2
1311	2	43	2
1310	4	51	4
327	2	14	2
1278	2	24	2
2187	2	56	2
2186	3	27	3
2185	2	12	2
2194	2	11	2
2192	2	12	2
361	2	21	2
1651	2	11	2
1315	2	62	2
1314	2	39	2
1650	2	16	2
1797	3	63	3
2193	2	13	2
2260	2	25	2
436	4	43	4
1701	2	10	2
1703	2	14	2
1704	2	46	2
1441	4	153	4
1708	2	20	2
2267	2	16	2
459	2	52	2
2264	2	12	2
730	2	9	2
2263	2	13	2
367	2	9	2
1705	2	17	2
28	3	21	3
1575	2	11	2
1280	2	21	2
897	3	21	3
1341	2	26	2
1342	2	11	2
1340	2	25	2
1935	2	9	2
2823	2	13	2
1455	2	15	2
1710	2	16	2
1711	3	24	3
90	2	32	2
2273	4	62	4
2272	2	15	2
1715	5	62	4
1937	2	15	2
1458	2	13	2
933	3	28	3
934	2	36	2
2275	3	25	3
2280	3	25	3
1718	2	12	2
1717	2	18	2
130	2	24	2
1345	3	16	3
1346	2	14	2
2278	2	38	2
363	2	13	2
1343	2	13	2
2282	3	27	3
80	2	14	2
2281	2	16	2
864	2	9	2
146	2	56	2
1720	2	20	2
1347	2	21	2
2287	3	20	3
2286	2	44	2
79	2	27	2
1722	2	12	2
2285	2	14	2
2284	2	20	2
2289	2	20	2
1724	2	14	2
2288	2	12	2
1725	2	16	2
2293	2	14	2
756	7	73	5
1084	2	10	2
1355	2	13	2
1354	2	28	2
668	3	22	3
948	2	21	2
949	2	29	2
950	2	15	2
951	3	55	3
2346	2	14	2
2351	3	25	3
1762	2	33	2
326	2	31	2
1072	2	15	2
2352	2	9	2
1760	2	11	2
95	2	21	2
1764	2	10	2
832	3	22	3
1384	2	32	2
1385	4	30	4
2356	2	23	2
1940	3	27	3
879	2	11	2
2361	2	53	2
2360	2	15	2
2359	2	19	2
2358	2	24	2
62	2	32	2
1282	2	27	2
303	2	14	2
1771	2	19	2
2042	2	11	2
2364	4	113	4
2370	3	48	3
2369	2	23	2
678	2	35	2
723	2	10	2
2047	5	41	5
2367	2	26	2
2052	2	14	2
245	2	23	2
439	2	13	2
1779	2	13	2
2375	5	65	5
2056	2	11	2
2380	2	9	2
1284	2	21	2
1780	2	20	2
2378	2	18	2
2377	2	44	2
1391	2	16	2
27	2	16	2
1783	3	27	3
2383	2	26	2
581	2	13	2
2382	2	18	2
912	2	59	2
1788	2	26	2
1424	2	15	2
583	2	13	2
287	2	17	2
224	3	13	3
2455	5	63	4
1835	2	8	2
100	2	10	2
137	2	9	2
1243	3	70	3
1013	2	17	2
846	3	45	3
2456	2	22	2
1845	2	42	2
430	3	20	3
651	6	107	5
2457	2	8	2
1577	3	65	3
129	2	123	2
149	2	19	2
957	2	18	2
2465	2	19	2
2466	2	10	2
2468	2	8	2
471	3	29	3
1428	2	11	2
1429	3	55	3
1855	2	22	2
2018	2	26	2
2474	2	16	2
2473	4	37	4
520	2	10	2
1245	2	11	2
898	2	9	2
2471	2	9	2
2132	2	23	2
2131	3	38	3
1581	2	16	2
2478	3	54	3
434	2	38	2
597	3	26	3
680	3	16	3
2134	2	36	2
1865	3	32	3
1866	2	11	2
85	2	88	2
179	2	14	2
1121	2	10	2
1016	3	19	3
1078	2	14	2
1868	2	12	2
1582	2	46	2
1867	2	37	2
959	2	8	2
849	2	15	2
144	2	9	2
743	2	8	2
2482	3	43	3
2136	2	17	2
270	2	19	2
896	2	25	2
1871	2	18	2
1017	2	16	2
1870	2	10	2
2487	2	9	2
1874	2	17	2
2486	2	43	2
2485	2	14	2
1878	2	16	2
2521	3	56	3
2522	2	29	2
1587	2	17	2
717	2	26	2
1156	2	14	2
2524	2	20	2
1083	3	49	3
856	2	20	2
1917	2	21	2
2530	2	15	2
2527	2	11	2
2526	2	10	2
2532	2	16	2
1443	3	24	3
523	2	18	2
584	2	12	2
180	3	16	3
2535	4	90	4
140	2	11	2
243	2	13	2
2533	3	40	3
472	2	14	2
1444	2	12	2
1296	2	8	2
1447	2	13	2
1446	2	21	2
1445	6	127	5
744	2	14	2
2537	3	18	3
2536	3	27	3
2542	2	42	2
2540	2	10	2
98	2	16	2
1921	2	12	2
1920	2	31	2
742	3	30	3
1292	2	14	2
1287	2	8	2
1922	3	17	3
97	2	10	2
364	2	15	2
1923	4	55	4
2507	2	10	2
253	2	11	2
767	2	11	2
2549	5	44	5
2548	2	16	2
83	4	23	4
859	2	15	2
966	2	13	2
489	2	54	2
1924	2	39	2
190	2	10	2
1222	2	19	2
2547	2	10	2
2546	4	25	4
2552	2	14	2
2551	3	25	3
468	5	30	4
1029	2	19	2
1925	2	10	2
2554	2	26	2
1596	2	12	2
1251	2	11	2
2609	2	33	2
1959	3	57	3
2611	3	31	3
1960	2	13	2
2610	2	12	2
2615	2	31	2
2614	2	17	2
2613	3	28	3
524	2	11	2
722	2	15	2
458	2	19	2
2616	5	44	4
886	2	11	2
1963	4	54	4
1034	2	65	2
188	2	20	2
2622	2	10	2
2621	3	33	3
1261	2	13	2
2620	7	171	6
973	2	24	2
972	2	10	2
525	2	19	2
974	3	36	3
427	2	18	2
516	2	8	2
2624	7	62	5
2623	2	16	2
2625	6	179	5
1086	2	15	2
1968	4	48	4
1969	2	24	2
860	2	23	2
888	2	23	2
1479	2	8	2
1478	2	13	2
272	3	36	3
2630	2	11	2
2629	5	104	5
2628	3	13	3
2636	3	15	3
1076	2	22	2
569	4	27	4
2641	4	23	4
498	2	9	2
2640	2	9	2
2639	2	14	2
2638	2	67	2
1481	2	45	2
2645	2	14	2
2644	3	32	3
2643	2	19	2
2713	2	12	2
2710	3	31	3
2715	2	23	2
2714	3	16	3
878	4	26	4
689	2	9	2
868	3	21	3
1274	2	16	2
473	2	20	2
1040	2	13	2
1604	2	30	2
2718	2	10	2
2008	2	17	2
2722	2	9	2
759	2	11	2
2724	2	15	2
2723	3	24	3
1936	2	22	2
128	3	44	3
2726	3	21	3
510	3	32	3
415	2	20	2
2730	3	23	3
1184	2	34	2
1183	4	30	4
1182	2	9	2
1181	2	11	2
1576	2	13	2
14	2	17	2
2011	3	46	3
479	3	49	3
1186	2	21	2
1185	2	9	2
2572	4	23	4
1592	4	81	4
2732	2	12	2
138	2	16	2
2731	2	16	2
440	2	16	2
599	3	38	3
1970	2	26	2
1932	2	13	2
1045	2	17	2
1187	2	13	2
1276	3	17	3
2737	2	12	2
456	2	11	2
2736	2	20	2
2735	6	126	6
201	2	13	2
277	2	12	2
2739	2	15	2
2801	3	41	3
645	3	58	3
2803	2	40	2
2802	2	8	2
1326	2	8	2
2050	2	17	2
2805	3	68	3
2804	3	33	3
2054	3	23	3
2053	4	80	4
509	2	11	2
2051	2	25	2
199	4	41	4
706	4	37	4
705	2	8	2
704	3	20	3
703	3	24	3
768	2	22	2
1256	2	25	2
835	3	30	3
693	2	21	2
834	2	10	2
990	3	25	3
78	4	46	4
484	2	19	2
838	2	11	2
837	2	9	2
836	3	17	3
2807	2	16	2
329	3	79	3
2806	2	8	2
1536	2	20	2
185	3	46	3
1616	2	9	2
904	2	21	2
51	2	11	2
113	2	9	2
2055	4	25	4
528	2	13	2
1884	2	12	2
553	2	15	2
552	2	10	2
551	2	11	2
413	3	27	3
1033	2	14	2
2808	3	18	3
2810	2	31	2
2809	2	11	2
661	2	27	2
305	3	24	3
2811	2	20	2
1201	2	11	2
1065	2	24	2
2812	3	23	3
227	4	50	4
258	3	19	3
155	2	26	2
2814	2	28	2
229	6	229	5
1971	2	11	2
2813	2	29	2
2815	2	29	2
166	2	11	2
1204	2	20	2
1203	2	14	2
1207	2	18	2
1206	2	18	2
900	2	31	2
273	3	27	3
2057	2	9	2
1609	2	10	2
1537	2	15	2
81	3	28	3
675	2	23	2
410	2	9	2
674	5	109	5
839	2	17	2
142	2	18	2
578	2	8	2
2015	2	14	2
746	3	22	3
2059	2	11	2
2822	4	46	4
1617	4	28	4
2821	6	127	5
2820	2	10	2
1563	4	37	4
1564	2	24	2
1108	4	38	4
2904	2	16	2
2676	2	13	2
745	3	25	3
111	2	50	2
1050	2	10	2
2903	2	16	2
874	2	30	2
2912	2	17	2
1888	2	36	2
2911	2	14	2
752	2	19	2
857	2	13	2
2910	2	20	2
219	2	17	2
559	2	11	2
558	2	9	2
557	2	14	2
556	3	99	3
555	2	11	2
560	2	37	2
399	2	27	2
2914	2	14	2
1590	2	29	2
2139	2	19	2
2108	2	28	2
2106	3	23	3
887	2	17	2
1567	2	20	2
1566	2	9	2
593	2	14	2
2916	2	21	2
1621	2	13	2
1568	2	12	2
2915	2	10	2
1073	2	20	2
1297	2	10	2
2113	2	35	2
2917	2	12	2
1613	2	18	2
775	2	22	2
2114	3	47	3
748	2	17	2
984	2	14	2
983	2	11	2
982	2	17	2
2918	2	10	2
2922	2	19	2
2921	2	15	2
2115	2	29	2
1571	3	19	3
1618	2	17	2
244	2	23	2
1114	2	47	2
2117	4	42	4
2923	2	8	2
854	2	18	2
666	3	38	3
2926	2	17	2
2925	3	17	3
766	2	43	2
1573	2	36	2
1572	2	15	2
2927	2	12	2
2924	2	24	2
2121	2	15	2
928	2	13	2
2120	2	11	2
2119	3	39	3
1241	3	36	3
606	2	13	2
1240	4	39	4
1081	3	16	3
2118	5	124	4
533	2	22	2
2122	3	28	3
2929	2	19	2
2928	3	22	3
819	5	55	5
2930	2	10	2
956	3	27	3
220	2	14	2
1852	3	22	3
2123	2	24	2
2206	3	14	3
1662	2	18	2
1661	2	9	2
110	2	26	2
1320	2	43	2
1319	2	18	2
92	3	26	3
2207	6	139	5
2208	2	18	2
694	2	24	2
1834	2	17	2
602	2	15	2
1666	2	40	2
2216	2	17	2
2215	3	23	3
1426	2	9	2
2214	2	14	2
2213	2	12	2
2212	4	42	4
1667	3	71	3
922	2	20	2
1328	2	9	2
1327	3	40	3
173	2	21	2
1329	3	62	3
216	2	19	2
210	3	20	3
2221	2	10	2
2220	2	30	2
2219	2	10	2
2218	2	28	2
1672	2	50	2
1671	2	11	2
958	2	17	2
1330	2	44	2
2222	2	61	2
433	2	11	2
1864	2	19	2
1673	2	32	2
2224	2	12	2
1452	2	15	2
1451	3	20	3
1676	2	11	2
1675	2	19	2
1674	3	17	3
1394	3	24	3
2226	2	8	2
1872	2	9	2
2225	3	24	3
2228	3	78	3
2227	3	52	3
1682	3	20	3
1681	2	9	2
1680	2	26	2
1679	2	11	2
1678	2	36	2
2230	3	60	3
1677	6	129	6
605	2	37	2
733	2	10	2
2229	2	9	2
1060	2	32	2
1431	3	17	3
84	2	47	2
1331	2	13	2
1042	2	26	2
2233	2	20	2
2232	5	72	4
2231	2	17	2
1683	3	18	3
2234	2	36	2
1614	3	22	3
899	2	22	2
2235	2	17	2
52	3	24	3
1684	2	25	2
1219	3	24	3
1982	3	122	3
1981	2	14	2
2663	3	26	3
1037	2	48	2
640	2	10	2
485	2	17	2
177	2	23	2
517	2	9	2
397	3	65	3
1984	2	16	2
1599	2	17	2
2668	2	10	2
2667	2	9	2
2675	5	112	5
1601	2	12	2
2671	4	30	4
598	2	16	2
812	2	15	2
811	2	11	2
810	3	22	3
809	2	10	2
1993	2	9	2
1992	2	20	2
532	2	16	2
414	2	14	2
1491	2	12	2
659	4	83	4
903	3	32	3
1995	2	10	2
677	2	11	2
1994	2	16	2
2686	2	10	2
2685	2	8	2
2684	2	14	2
194	2	11	2
763	4	62	4
2694	4	28	4
913	4	26	4
1998	2	11	2
2693	3	29	3
1996	2	17	2
2700	2	24	2
2699	2	12	2
880	4	78	4
1177	2	9	2
157	2	17	2
2697	2	19	2
2698	2	36	2
729	2	41	2
488	2	67	2
1178	2	14	2
337	2	22	2
281	2	8	2
1497	2	17	2
2002	2	24	2
867	2	14	2
1014	3	28	3
739	2	81	2
2755	3	45	3
304	2	22	2
478	2	11	2
2758	2	23	2
2028	2	14	2
2027	2	14	2
1325	4	78	4
2766	2	20	2
375	2	18	2
2763	3	22	3
1324	2	13	2
2762	2	21	2
455	2	20	2
1522	2	32	2
1019	2	26	2
2760	2	11	2
2759	3	21	3
891	2	15	2
594	3	15	3
283	2	18	2
829	2	12	2
987	2	24	2
986	3	38	3
985	3	44	3
2034	3	50	3
2032	2	19	2
1548	2	17	2
2031	4	30	4
833	2	22	2
370	6	174	5
2779	2	10	2
2037	3	27	3
242	2	15	2
2773	2	23	2
2772	2	12	2
818	2	15	2
817	2	17	2
816	2	10	2
2770	2	19	2
589	2	11	2
1513	2	38	2
1514	2	9	2
1531	2	16	2
728	2	11	2
2780	3	16	3
2789	2	44	2
1535	2	10	2
2788	2	17	2
644	2	29	2
2786	2	13	2
2041	2	10	2
2040	2	10	2
45	2	41	2
2792	2	19	2
2045	2	15	2
2791	2	15	2
1279	2	19	2
2790	3	23	3
2800	5	35	4
2799	3	22	3
2048	2	14	2
1290	2	8	2
2049	2	21	2
1200	3	40	3
1615	2	17	2
1062	3	29	3
877	2	12	2
2836	2	24	2
1889	2	16	2
505	2	19	2
121	2	11	2
2845	2	16	2
127	2	13	2
159	6	101	5
1286	2	9	2
2585	2	22	2
2850	2	16	2
621	3	13	3
294	2	16	2
2848	3	21	3
2847	2	38	2
740	2	41	2
1221	2	9	2
1220	2	28	2
2858	2	19	2
953	2	10	2
869	2	10	2
842	2	52	2
542	2	8	2
2767	2	8	2
237	2	28	2
476	6	78	5
2861	2	14	2
2869	2	13	2
2082	2	9	2
2078	2	59	2
989	3	48	3
2077	2	10	2
1743	2	32	2
2075	3	62	3
371	2	10	2
398	3	30	3
2872	2	25	2
172	3	38	3
2871	2	15	2
238	2	11	2
2084	3	44	3
2083	2	14	2
2874	2	11	2
1053	2	43	2
2873	3	60	3
2877	4	77	4
669	2	25	2
2876	2	15	2
2875	2	33	2
2738	2	15	2
917	4	78	4
916	3	43	3
2147	2	46	2
1361	2	69	2
1739	2	10	2
919	2	12	2
787	2	11	2
536	2	11	2
918	2	15	2
94	3	18	3
1368	2	14	2
2151	3	39	3
135	2	18	2
788	2	11	2
2154	2	11	2
1122	2	15	2
46	2	11	2
2159	2	23	2
2158	2	15	2
1745	2	14	2
2165	2	11	2
2164	2	21	2
1629	2	8	2
465	2	41	2
871	2	9	2
1747	2	25	2
952	2	15	2
441	2	13	2
1089	4	50	4
2168	2	13	2
1300	2	14	2
889	2	16	2
1634	2	30	2
1767	3	26	3
1941	2	17	2
297	3	28	3
298	2	23	2
404	3	42	3
670	4	43	4
1463	2	21	2
1194	2	12	2
2172	2	13	2
357	2	16	2
632	2	12	2
1635	2	21	2
1127	2	27	2
1782	2	59	2
2177	2	16	2
1638	2	15	2
1639	2	20	2
239	2	9	2
1096	3	67	3
1095	2	34	2
1094	3	27	3
231	6	86	5
1642	2	23	2
1055	2	29	2
1641	2	17	2
354	2	24	2
275	2	25	2
1640	3	20	3
2179	2	18	2
2184	2	47	2
2239	2	23	2
1691	4	64	4
1152	3	39	3
1690	2	11	2
59	2	8	2
1692	2	12	2
2242	2	17	2
1465	2	11	2
374	2	25	2
1695	3	105	3
495	2	22	2
931	2	9	2
930	2	25	2
929	2	18	2
2245	2	16	2
2251	2	9	2
1698	2	14	2
1696	2	27	2
2255	2	9	2
999	2	11	2
336	2	17	2
998	2	18	2
2827	2	29	2
2751	3	24	3
875	3	38	3
2253	2	9	2
350	2	17	2
527	5	44	4
1702	2	14	2
366	2	33	2
1335	2	11	2
2259	2	22	2
2258	2	15	2
1334	2	19	2
1115	3	21	3
716	5	92	4
2268	2	12	2
1707	2	44	2
1706	3	29	3
2266	2	59	2
2265	2	9	2
753	2	19	2
1064	2	19	2
1457	4	102	4
493	2	10	2
492	2	13	2
491	3	20	3
490	2	11	2
1433	3	35	3
2274	4	107	4
1453	5	68	5
1337	2	11	2
1339	2	40	2
1338	2	114	2
1714	2	19	2
2277	3	26	3
2276	2	13	2
1713	3	43	3
1934	2	18	2
1719	3	30	3
2279	2	26	2
1344	3	21	3
2283	3	35	3
463	2	21	2
1044	2	22	2
805	2	11	2
1349	2	11	2
968	2	19	2
1348	2	9	2
1464	2	27	2
1723	2	19	2
642	6	168	5
2336	2	13	2
322	2	15	2
2340	3	34	3
2339	2	12	2
1281	2	19	2
2342	2	22	2
369	2	47	2
1510	2	22	2
577	2	9	2
981	3	117	3
737	2	12	2
2348	3	30	3
2347	2	18	2
502	2	14	2
1757	3	102	3
1761	2	23	2
1382	3	22	3
23	2	13	2
16	2	23	2
1193	8	195	6
2357	2	13	2
1528	2	13	2
268	7	500	6
1527	2	15	2
1386	6	43	5
362	2	39	2
2666	2	14	2
2366	2	14	2
1772	2	9	2
2365	7	205	5
1388	2	78	2
1770	2	13	2
1529	2	20	2
1778	2	14	2
2372	2	10	2
2371	5	136	5
331	2	15	2
1777	2	152	2
1776	2	8	2
2368	4	137	4
796	2	12	2
519	2	12	2
1775	2	12	2
1774	2	12	2
1773	2	19	2
2376	2	12	2
1828	2	11	2
1077	3	23	3
2445	2	12	2
437	2	30	2
2447	10	203	7
218	3	18	3
522	2	11	2
1238	2	15	2
2446	2	13	2
1523	2	15	2
1829	2	42	2
2124	2	11	2
914	2	11	2
2451	3	39	3
2450	2	14	2
1167	2	13	2
1832	2	11	2
1831	2	10	2
1830	2	14	2
561	5	39	4
1030	2	8	2
1242	2	13	2
197	2	25	2
1839	2	11	2
143	2	15	2
1838	3	128	3
1836	2	10	2
2580	2	8	2
1843	2	10	2
2460	2	30	2
56	2	14	2
2459	2	28	2
2458	2	10	2
2463	2	13	2
1849	4	38	4
1244	2	11	2
1848	4	88	4
1847	2	13	2
1288	5	105	4
2464	2	8	2
726	3	45	3
2129	2	12	2
1579	4	42	4
1854	4	88	4
1580	7	116	6
2472	2	14	2
1853	4	42	4
1861	2	12	2
1860	3	28	3
1246	2	16	2
2479	2	17	2
443	2	12	2
1859	2	13	2
2477	2	15	2
1857	2	13	2
1858	2	9	2
499	4	94	4
2133	2	13	2
1863	3	23	3
2481	2	13	2
2480	2	12	2
2135	2	12	2
1253	2	10	2
1015	2	8	2
356	2	16	2
1586	2	17	2
1295	2	8	2
2513	2	14	2
2514	2	35	2
1913	2	24	2
1912	2	16	2
2646	3	27	3
1436	2	31	2
1435	10	372	9
2516	2	16	2
446	3	26	3
2515	2	18	2
1915	2	8	2
76	2	20	2
512	2	16	2
1914	3	41	3
2517	2	42	2
1069	4	77	4
2518	2	12	2
1916	3	28	3
332	2	9	2
1254	3	94	3
65	3	48	3
2520	2	23	2
2519	2	23	2
853	4	156	4
855	2	33	2
1442	2	10	2
2523	2	11	2
1026	2	24	2
1027	3	48	3
2531	2	33	2
1588	3	21	3
2528	2	15	2
2529	2	31	2
2525	2	13	2
335	3	38	3
2534	2	14	2
979	2	10	2
1589	2	9	2
2852	2	8	2
464	2	10	2
1159	2	14	2
1158	2	10	2
2681	3	28	3
1157	3	25	3
993	2	10	2
615	2	12	2
992	2	21	2
2541	2	15	2
1448	2	9	2
2539	4	40	4
2538	2	12	2
1919	2	24	2
2543	3	15	3
852	2	11	2
828	3	30	3
1028	2	14	2
1449	2	39	2
2545	3	14	3
1046	2	11	2
902	2	10	2
2544	2	11	2
2600	2	9	2
1475	2	12	2
1164	4	155	4
69	3	28	3
2604	2	18	2
2603	3	31	3
614	2	10	2
1955	3	81	3
1954	2	9	2
2602	2	12	2
2116	2	8	2
2601	3	31	3
2606	5	48	4
2605	3	26	3
1879	3	57	3
431	4	133	4
1165	2	15	2
2607	2	13	2
1259	2	20	2
507	5	123	5
2608	2	8	2
1958	3	54	3
1957	2	22	2
116	2	24	2
882	2	9	2
720	3	25	3
2564	2	8	2
1961	2	12	2
1476	2	15	2
672	3	15	3
2612	4	112	4
848	3	20	3
167	3	26	3
2617	2	14	2
1260	2	9	2
2496	2	19	2
351	2	31	2
1967	2	14	2
2619	2	9	2
1965	2	8	2
1298	2	18	2
2618	2	59	2
2020	4	52	4
541	2	11	2
1180	2	17	2
2029	2	30	2
861	2	13	2
1166	3	29	3
271	2	23	2
2627	2	9	2
570	2	9	2
2626	2	22	2
1285	2	17	2
2634	2	21	2
2633	2	15	2
2632	2	28	2
2631	2	17	2
2705	2	10	2
2703	3	30	3
2704	2	12	2
870	4	88	4
2702	2	18	2
727	4	27	4
2003	2	27	2
1498	3	28	3
2706	2	33	2
226	4	42	4
1271	2	9	2
2004	2	11	2
2657	2	71	2
1499	2	14	2
477	2	9	2
595	2	30	2
1239	3	68	3
2707	4	93	4
2005	2	13	2
738	2	10	2
2708	2	79	2
1267	2	11	2
2006	3	15	3
2709	2	34	2
2007	2	81	2
2712	2	10	2
2711	3	55	3
2716	3	37	3
1273	2	11	2
380	3	62	3
2717	3	26	3
702	2	35	2
285	2	19	2
815	2	19	2
883	2	27	2
1216	2	20	2
163	2	18	2
467	3	17	3
548	2	23	2
547	3	14	3
546	3	51	3
545	2	50	2
2721	3	100	3
1502	2	18	2
2720	2	11	2
2719	2	34	2
18	2	21	2
1504	3	42	3
1503	2	25	2
1526	3	35	3
1525	4	48	4
2725	2	12	2
1217	2	38	2
777	3	30	3
1263	2	9	2
576	2	14	2
1505	3	124	3
1506	2	13	2
123	2	21	2
2010	2	23	2
873	2	33	2
376	2	15	2
980	2	15	2
255	2	9	2
206	2	95	2
2729	2	53	2
2728	2	44	2
2727	2	57	2
207	3	34	3
665	2	32	2
55	2	18	2
2141	2	18	2
2734	2	19	2
1507	3	54	3
1218	2	11	2
2733	6	602	6
2385	2	16	2
2384	2	14	2
1787	2	31	2
995	6	138	5
1400	2	35	2
1399	2	21	2
2392	2	18	2
2391	2	13	2
279	2	10	2
696	2	13	2
1398	3	43	3
2390	2	9	2
2389	2	54	2
1130	2	24	2
587	2	15	2
1401	2	52	2
1793	4	58	4
1192	2	11	2
1191	3	23	3
2399	2	9	2
2398	2	17	2
1988	2	29	2
1381	2	65	2
2555	2	19	2
2401	2	9	2
2400	2	19	2
93	4	67	4
1796	7	113	5
872	3	26	3
1223	2	20	2
1403	2	10	2
2408	3	89	3
2405	2	12	2
2406	4	49	4
1805	2	9	2
1804	5	74	4
1080	4	55	4
1803	2	12	2
1802	2	14	2
1808	2	13	2
658	2	16	2
2091	2	17	2
1807	3	69	3
2414	3	16	3
1806	3	44	3
2413	2	27	2
390	2	10	2
2425	2	13	2
2417	2	8	2
554	2	19	2
1816	2	23	2
2420	2	15	2
1813	2	22	2
1814	4	32	4
2419	2	13	2
2418	2	22	2
2093	4	57	4
1020	2	18	2
2635	3	126	3
444	2	11	2
1812	3	47	3
1819	3	34	3
2427	3	34	3
158	2	13	2
2426	2	18	2
1061	2	16	2
1139	2	17	2
2428	2	19	2
1820	5	84	5
1412	2	10	2
610	2	11	2
1822	4	60	4
1821	2	11	2
151	2	115	2
1606	5	101	4
580	3	33	3
1413	2	9	2
2431	2	50	2
203	2	18	2
1823	2	20	2
1233	4	96	4
2435	3	68	3
1012	2	11	2
1141	2	13	2
971	2	12	2
1140	2	10	2
2142	2	10	2
2490	3	31	3
1877	2	9	2
1148	3	23	3
1147	2	23	2
196	5	56	5
211	3	18	3
1247	3	33	3
117	2	85	2
2492	3	77	3
1047	2	23	2
612	3	17	3
1883	3	58	3
2494	2	17	2
2650	3	29	3
2550	2	16	2
613	2	21	2
312	2	48	2
960	2	16	2
915	3	69	3
2014	2	10	2
323	2	28	2
765	4	32	4
221	4	80	4
1887	2	11	2
1886	2	15	2
1584	4	272	4
2508	5	46	4
2143	2	14	2
662	5	35	4
1021	2	24	2
262	2	11	2
1248	3	31	3
408	6	174	6
266	3	35	3
1150	2	17	2
1022	2	8	2
1434	2	12	2
2144	3	30	3
2498	7	170	5
1890	3	30	3
1895	3	37	3
1894	2	11	2
881	3	103	3
851	2	14	2
1153	2	15	2
2140	2	10	2
562	2	14	2
1899	2	10	2
1252	2	15	2
1897	3	15	3
601	2	14	2
1902	3	59	3
1900	2	25	2
1905	2	16	2
1024	4	67	4
2510	2	13	2
2509	2	21	2
1906	2	15	2
2553	3	54	3
264	2	15	2
827	2	11	2
826	2	17	2
825	2	13	2
824	2	17	2
823	2	23	2
416	4	54	4
514	2	12	2
2511	3	250	3
1450	2	11	2
1926	2	13	2
2556	2	11	2
531	2	10	2
2009	3	30	3
1928	2	20	2
682	3	25	3
718	2	12	2
1931	2	12	2
212	2	37	2
1255	3	80	3
1456	2	16	2
1454	2	13	2
1031	2	20	2
2561	2	16	2
2559	2	66	2
2558	2	19	2
1933	2	56	2
1160	2	13	2
1903	2	21	2
885	3	88	3
2568	2	11	2
792	2	8	2
1519	2	10	2
487	2	10	2
1518	2	18	2
1517	2	19	2
1461	2	30	2
2575	3	102	3
2012	5	110	4
57	2	41	2
2574	2	9	2
2573	2	23	2
1460	3	40	3
1939	2	30	2
692	4	100	4
1966	3	67	3
2582	2	15	2
2590	2	19	2
2587	2	10	2
1258	3	40	3
1469	2	11	2
1468	2	10	2
1943	2	13	2
1942	2	16	2
1946	4	24	4
1473	2	59	2
1594	4	115	4
256	2	22	2
1945	2	35	2
609	3	43	3
664	2	16	2
1472	2	15	2
1085	4	108	4
2594	2	29	2
2593	3	22	3
86	2	12	2
568	2	15	2
683	2	22	2
1952	2	13	2
1951	3	17	3
1950	2	10	2
2597	3	74	3
389	2	24	2
1949	5	96	4
681	3	49	3
2649	2	17	2
2647	2	21	2
2648	2	15	2
1927	5	78	5
2654	3	25	3
2653	2	10	2
1484	2	18	2
168	2	43	2
1302	2	21	2
2831	4	144	4
684	2	8	2
1262	4	31	4
1169	2	18	2
2660	2	62	2
2659	2	13	2
1487	7	114	6
1486	2	8	2
302	2	26	2
254	2	17	2
1038	2	11	2
360	4	86	4
1979	2	9	2
1170	2	53	2
2664	4	77	4
193	2	46	2
1980	2	13	2
2670	4	43	4
685	2	16	2
1985	2	23	2
2581	2	18	2
865	3	43	3
1488	2	19	2
1489	3	42	3
734	4	100	4
131	3	17	3
2673	2	10	2
1268	2	12	2
623	3	14	3
978	3	32	3
289	2	23	2
1602	2	13	2
1057	4	47	4
2679	2	14	2
2678	2	197	2
2677	2	12	2
1309	2	21	2
2691	2	9	2
2690	2	26	2
1176	3	141	3
1175	2	9	2
2687	2	61	2
2109	3	64	3
2683	2	11	2
2001	2	15	2
2000	3	21	3
736	3	56	3
1999	2	19	2
1997	2	12	2
2017	2	8	2
1048	4	57	4
2016	2	10	2
2741	4	23	4
1049	3	17	3
280	2	16	2
53	2	17	2
550	2	15	2
141	2	35	2
822	2	12	2
821	2	17	2
820	2	14	2
411	3	34	3
1188	2	17	2
997	6	177	5
2749	2	12	2
2743	2	8	2
1898	2	10	2
1512	3	19	3
1511	2	76	2
1041	2	45	2
1515	3	38	3
2024	2	23	2
791	6	534	6
2753	2	14	2
1266	2	29	2
2026	3	25	3
1501	3	99	3
2764	2	74	2
208	2	9	2
2761	2	10	2
1520	2	41	2
1521	2	11	2
82	2	8	2
311	3	69	3
2769	3	57	3
2035	2	20	2
2033	2	16	2
2768	2	21	2
1882	4	106	4
313	2	12	2
2777	2	9	2
2775	2	16	2
2771	2	16	2
2784	2	18	2
638	3	20	3
637	2	15	2
2039	2	10	2
2781	3	25	3
2038	2	26	2
927	3	58	3
1196	2	10	2
750	4	57	4
1265	2	21	2
1532	2	30	2
2043	2	18	2
2787	2	18	2
2130	5	126	4
671	2	55	2
2797	2	9	2
249	2	10	2
2824	2	12	2
2656	2	43	2
1054	2	21	2
2825	2	34	2
407	4	23	4
2567	2	17	2
2025	2	22	2
1947	3	30	3
1540	3	47	3
1539	2	20	2
333	2	19	2
2064	2	12	2
402	2	14	2
2063	4	79	4
1071	3	34	3
1541	2	9	2
1070	2	26	2
2069	3	46	3
2837	3	19	3
2835	2	23	2
2834	2	23	2
2833	2	12	2
2067	5	72	4
2068	2	17	2
1215	2	31	2
535	2	20	2
1214	3	33	3
2070	3	50	3
225	2	8	2
1000	2	29	2
2851	3	15	3
622	2	24	2
679	3	32	3
1544	2	27	2
707	2	12	2
1543	2	10	2
2846	3	57	3
2859	4	70	4
2857	5	46	4
2856	2	11	2
310	2	12	2
1619	2	72	2
2862	2	9	2
697	3	63	3
2867	3	16	3
2866	2	11	2
2865	3	51	3
2076	3	87	3
1751	3	25	3
2934	2	33	2
2933	2	11	2
175	2	25	2
2932	3	15	3
2931	2	15	2
2936	4	56	4
2935	2	20	2
2937	3	75	3
2125	3	14	3
2938	2	11	2
1524	2	20	2
183	3	22	3
1574	2	11	2
2126	2	15	2
586	2	8	2
1737	2	10	2
1622	2	10	2
2148	3	26	3
170	3	42	3
2146	6	95	5
1624	2	57	2
1120	2	31	2
1546	2	32	2
232	3	55	3
1626	2	11	2
1625	2	22	2
1627	2	70	2
941	2	10	2
1299	3	41	3
2150	2	33	2
2149	2	12	2
2854	2	11	2
1628	3	46	3
2160	2	8	2
1051	2	8	2
2161	2	15	2
2156	2	12	2
2155	5	160	5
2157	3	23	3
631	4	161	4
1632	2	37	2
575	2	11	2
508	2	17	2
619	2	33	2
422	2	20	2
133	4	40	4
1126	2	12	2
1092	2	70	2
1091	3	56	3
107	2	19	2
920	2	34	2
1093	2	17	2
442	2	12	2
1633	2	51	2
1390	2	22	2
1304	2	11	2
1303	3	57	3
2173	2	14	2
785	2	12	2
1686	3	58	3
1685	2	8	2
1885	2	18	2
233	2	26	2
1149	11	120	6
961	2	14	2
2237	2	26	2
2236	4	66	4
1688	2	10	2
1687	2	12	2
1151	3	21	3
1689	3	32	3
2241	3	30	3
2240	2	9	2
1332	4	43	4
1269	2	8	2
863	2	14	2
2243	3	94	3
1063	2	11	2
2244	2	10	2
365	3	139	3
2744	2	30	2
2238	2	44	2
2247	2	20	2
2248	2	26	2
2249	2	96	2
2742	2	45	2
2250	2	37	2
2246	4	71	4
1694	2	10	2
1693	3	23	3
2256	2	49	2
901	3	25	3
2254	2	28	2
1699	2	11	2
2252	2	71	2
2261	4	95	4
695	4	43	4
1109	2	10	2
1107	3	52	3
1918	2	11	2
44	4	41	4
932	3	17	3
2257	2	23	2
1333	2	8	2
1700	2	37	2
2269	2	8	2
1336	2	11	2
2270	3	18	3
2262	3	29	3
521	2	14	2
755	2	73	2
1712	2	17	2
1709	2	10	2
2271	2	9	2
964	2	9	2
1179	2	10	2
1137	2	33	2
1716	2	11	2
1459	3	37	3
462	2	20	2
2333	4	98	4
2334	2	12	2
307	4	52	4
2331	2	23	2
1375	2	19	2
2332	2	13	2
1376	3	26	3
1379	2	13	2
1378	2	30	2
1377	2	61	2
1750	4	35	4
2335	5	126	5
486	2	42	2
850	2	11	2
1753	2	17	2
1752	2	16	2
735	2	22	2
1380	2	11	2
368	2	11	2
2341	2	11	2
241	3	23	3
2337	2	58	2
2338	2	12	2
1754	2	11	2
2343	2	8	2
1610	4	112	4
1755	3	29	3
549	2	12	2
793	2	8	2
911	4	58	4
2345	2	20	2
1124	2	16	2
1756	2	8	2
2423	2	9	2
2344	2	10	2
2349	4	43	4
1759	2	308	2
1758	2	36	2
2350	2	13	2
647	4	38	4
1763	2	9	2
795	2	20	2
794	2	23	2
760	2	11	2
178	3	23	3
124	2	20	2
1509	5	171	5
1195	2	15	2
1765	3	19	3
1387	2	10	2
910	2	36	2
1212	3	43	3
1211	2	23	2
500	2	13	2
2354	2	31	2
2353	2	9	2
1383	2	11	2
2355	2	10	2
1768	2	41	2
988	2	14	2
2362	2	27	2
2363	2	25	2
1769	2	14	2
2440	3	32	3
1236	2	18	2
2438	2	11	2
1826	4	37	4
2439	3	38	3
1417	2	20	2
996	3	59	3
1143	2	12	2
845	2	45	2
2642	2	43	2
2441	3	39	3
2442	2	12	2
2107	2	50	2
2443	4	103	4
1827	3	23	3
2444	3	35	3
189	2	35	2
1418	2	16	2
103	2	10	2
34	2	13	2
278	2	18	2
2449	3	78	3
2448	3	38	3
1420	2	8	2
1419	2	26	2
1466	2	16	2
1422	2	15	2
1421	2	14	2
164	3	58	3
1144	2	38	2
715	4	61	4
655	2	10	2
2453	2	29	2
2452	4	57	4
1841	3	37	3
1840	3	72	3
1842	2	22	2
994	3	90	3
1844	2	15	2
2454	2	44	2
1837	2	49	2
1833	2	27	2
1846	3	17	3
847	2	26	2
1145	3	12	3
2461	5	201	4
2462	2	17	2
1427	2	14	2
1425	2	17	2
2081	2	23	2
120	2	16	2
2128	3	46	3
2467	2	13	2
1851	4	87	4
1850	3	27	3
2469	3	16	3
2470	3	104	3
2475	5	53	4
1856	2	13	2
2476	3	50	3
725	2	14	2
1483	2	21	2
1482	2	10	2
1079	3	48	3
2819	2	18	2
122	2	31	2
2087	2	33	2
1550	2	41	2
1549	2	16	2
1551	2	14	2
2085	2	20	2
1407	2	10	2
611	2	10	2
2086	3	17	3
844	4	250	4
449	2	9	2
843	2	13	2
2090	3	32	3
646	2	8	2
2880	2	12	2
291	3	16	3
2089	2	29	2
2088	2	70	2
1516	2	29	2
1004	2	98	2
764	2	16	2
1003	2	12	2
2879	3	24	3
2878	3	14	3
1224	2	10	2
2884	2	18	2
2885	3	37	3
1554	2	81	2
1553	3	105	3
1552	3	279	3
2881	3	42	3
2882	2	22	2
2883	3	31	3
1557	2	25	2
1556	2	28	2
1555	4	35	4
1007	2	14	2
1006	2	93	2
2886	2	11	2
600	3	29	3
2887	2	9	2
320	2	28	2
319	2	13	2
318	2	27	2
317	2	18	2
1129	2	14	2
2888	3	22	3
2893	2	12	2
2098	2	33	2
96	3	64	3
2891	2	34	2
2095	2	14	2
2094	2	16	2
32	2	10	2
2096	2	22	2
2894	4	41	4
1010	2	55	2
1009	2	14	2
1008	3	54	3
1011	4	29	4
526	3	26	3
1989	2	27	2
907	2	14	2
1561	2	17	2
1560	2	8	2
1559	2	48	2
2896	2	21	2
2101	2	14	2
1230	2	27	2
1229	3	45	3
1231	3	26	3
1142	3	43	3
2895	3	65	3
1294	2	9	2
2899	2	10	2
2900	2	19	2
2103	3	180	3
1235	2	10	2
1234	2	17	2
2906	3	117	3
2905	2	12	2
714	2	22	2
713	2	14	2
712	2	30	2
711	3	48	3
530	2	153	2
710	3	166	3
709	3	16	3
147	3	85	3
1644	2	23	2
1643	2	23	2
1100	3	70	3
1313	2	24	2
1312	4	41	4
800	2	13	2
1208	2	18	2
967	2	32	2
2817	2	69	2
2816	2	16	2
1039	2	17	2
2188	2	13	2
2189	2	17	2
2637	2	24	2
2190	2	14	2
2191	2	15	2
1648	2	17	2
588	2	12	2
1652	3	82	3
1649	2	13	2
1437	2	40	2
688	3	70	3
687	2	13	2
686	2	22	2
2195	3	68	3
894	2	10	2
1102	2	34	2
1654	2	19	2
1653	5	159	5
1655	2	14	2
2196	2	10	2
2197	2	20	2
2199	5	80	5
779	3	44	3
148	4	72	4
778	2	12	2
926	2	19	2
925	2	11	2
924	2	16	2
1658	2	11	2
1657	2	65	2
1656	2	38	2
1103	2	8	2
954	2	12	2
801	4	59	4
1317	2	12	2
1316	2	25	2
1318	2	16	2
1659	3	68	3
2200	2	10	2
782	2	37	2
377	3	53	3
781	4	108	4
780	2	26	2
2201	2	8	2
1414	2	10	2
2205	3	45	3
783	4	29	4
2202	2	12	2
2203	2	37	2
2204	2	10	2
1663	2	16	2
1664	2	11	2
1321	2	10	2
1944	2	11	2
2746	2	16	2
1322	3	127	3
1721	2	12	2
1350	4	126	4
334	5	68	4
1066	2	34	2
2291	2	16	2
2290	5	100	5
1352	3	35	3
1351	3	29	3
1111	2	53	2
1110	2	119	2
1956	2	17	2
2295	2	15	2
2294	2	13	2
1726	2	19	2
2074	2	16	2
2073	2	13	2
2072	2	15	2
1353	2	14	2
2292	2	42	2
1113	2	15	2
1112	2	17	2
1727	2	8	2
1729	5	41	4
1728	2	30	2
2296	3	23	3
806	2	47	2
935	2	10	2
1357	3	29	3
1356	2	13	2
1359	2	16	2
1358	3	16	3
2301	2	11	2
2300	3	64	3
2491	2	12	2
2297	2	26	2
1730	3	16	3
2030	3	33	3
1962	2	9	2
1733	2	21	2
1732	2	11	2
1731	2	31	2
2504	2	13	2
2305	2	20	2
1734	3	95	3
1360	4	149	4
2303	2	15	2
1480	3	23	3
2310	3	52	3
2306	2	15	2
1736	4	135	4
1735	2	14	2
2307	2	18	2
758	2	23	2
1117	2	9	2
1116	2	8	2
1118	2	24	2
2312	3	195	3
2311	2	41	2
1485	2	13	2
975	3	24	3
1364	2	25	2
1363	3	178	3
1362	2	11	2
699	2	9	2
306	2	19	2
940	3	14	3
939	2	19	2
1370	2	22	2
2316	2	9	2
2315	2	21	2
1740	2	24	2
2374	2	29	2
2373	2	19	2
1781	2	15	2
1202	2	40	2
2381	2	19	2
2379	2	20	2
1784	2	9	2
1785	2	24	2
1786	2	17	2
1205	2	8	2
1397	5	68	4
1396	2	129	2
1395	2	18	2
1393	2	47	2
1392	2	49	2
991	3	21	3
2571	2	9	2
2386	2	14	2
2387	2	16	2
2388	2	52	2
1791	2	18	2
1790	2	8	2
2394	2	28	2
1789	2	10	2
2841	2	23	2
2396	2	10	2
799	2	55	2
798	2	9	2
2397	2	13	2
1795	2	64	2
1402	2	11	2
841	2	12	2
1132	2	10	2
1131	2	34	2
195	2	29	2
1133	2	16	2
1798	2	15	2
1405	3	32	3
1404	2	15	2
1799	2	10	2
1800	4	37	4
1002	2	14	2
1801	2	51	2
1136	3	17	3
1135	2	14	2
1809	2	14	2
1408	2	11	2
2411	4	88	4
1406	2	11	2
2412	2	19	2
1075	2	42	2
1815	3	77	3
1411	2	21	2
1810	2	24	2
1409	2	35	2
1811	2	11	2
1410	2	11	2
2483	2	34	2
2484	2	16	2
1873	3	22	3
1869	2	9	2
2488	2	19	2
1583	2	18	2
1876	2	11	2
2489	2	8	2
1875	2	11	2
1430	3	61	3
