0 2
1 1
2 42
3 65
4 66
5 1826
6 3927
7 4
8 3
9 83
10 394
11 927
12 412
13 307
14 1220
15 1781
16 135
17 2312
18 5740
19 3546
20 4778
21 25
22 3272
23 791
24 961
25 1450
26 8799
27 27
28 32
29 1149
30 1446
31 461
32 16
33 14
34 22
35 204
36 577
37 200
38 837
39 2901
40 8094
41 39521
42 28
43 84526
44 21
45 37
46 9449
47 85535
48 121
49 367
50 392
51 44
52 45
53 143
54 317
55 381
56 4528
57 40
58 27465
59 2926
60 70
61 605
62 1223
63 828
64 763
65 930
66 2893
67 10696
68 371
69 391
70 4231
71 75
72 86
73 732
74 8032
75 71
76 450
77 11214
78 1384
79 49
80 2623
81 582
82 1306
83 78
84 297
85 94
86 68932
87 2533
88 1698
89 3696
90 81
91 88
92 1222
93 36108
94 1465
95 259
96 4042
97 375
98 424
99 397
100 118706
101 3824
102 184
103 437
104 41103
105 488
106 1878
107 110
108 2106
109 238
110 302
111 327
112 1044
113 1119
114 586
115 343
116 360
117 349
118 100
119 2051
120 451
121 35833
122 1148
123 284
124 910
125 273
126 784
127 1459
128 1047
129 8448
130 8212
131 17787
132 613
133 250
134 795
135 1179
136 1177
137 1400
138 30081
139 59142
140 40386
141 290
142 14447
143 447
144 469
145 519
146 2821
147 102
148 733
149 342
150 1681
151 370
152 376
153 2165
154 908
155 402
156 4991
157 7160
158 93
159 2042
160 5034
161 303
162 463
163 1198
164 6872
165 10368
166 321
167 326
168 799
169 336
170 347
171 778
172 425
173 353
174 939
175 1345
176 361
177 1355
178 1107
179 445
180 986
181 3396
182 382
183 405
184 36412
185 385
186 1228
187 399
188 332
189 1655
190 6936
191 126667
192 2467
193 182
194 416
195 340
196 346
197 239
198 344
199 422
200 27829
201 351
202 473
203 362
204 113296
205 1028
206 1403
207 10594
208 310
209 1841
210 441
211 20584
212 1326
213 23215
214 396
215 430
216 498
217 619
218 2043
219 8838
220 513
221 3304
222 490
223 2060
224 14450
225 492
226 428
227 431
228 2665
229 3049
230 14809
231 699
232 550
233 556
234 158
235 136
236 333
237 61817
238 538
239 562
240 2578
241 262
242 1023
243 3684
244 6666
245 22878
246 587
247 1993
248 11926
249 7844
250 621
251 702
252 956
253 625
254 1618
255 4118
256 4354
257 9694
258 426
259 30
260 1672
261 2265
262 296
263 6794
264 6206
265 22277
266 4040
267 689
268 951
269 5937
270 2906
271 2841
272 1946
273 709
274 717
275 2837
276 622
277 580
278 675
279 7311
280 13213
281 15245
282 728
283 454
284 6647
285 571
286 683
287 30521
288 781
289 749
290 439
291 916
292 788
293 440
294 38236
295 9025
296 792
297 406
298 848
299 2508
300 35357
301 271
302 810
303 660
304 2089
305 2046
306 3703
307 3708
308 1483
309 3503
310 15630
311 1094
312 750
313 814
314 359
315 813
316 345
317 404
318 806
319 5963
320 836
321 860
322 1233
323 888
324 1441
325 812
326 861
327 885
328 261
329 318
330 744
331 1013
332 4790
333 798
334 62425
335 887
336 460
337 5771
338 6757
339 8494
340 914
341 950
342 892
343 825
344 797
345 1229
346 2510
347 3457
348 1831
349 4265
350 2938
351 987
352 7313
353 4707
354 7031
355 14167
356 5000
357 17845
358 19027
359 25910
360 943
361 6522
362 6545
363 423
364 324
365 446
366 1249
367 1175
368 1098
369 1182
370 984
371 2348
372 4542
373 10547
374 5627
375 51
376 12664
377 947
378 493
379 14094
380 118688
381 11682
382 468
383 802
384 919
385 5010
386 985
387 913
388 997
389 1587
390 1708
391 1532
392 4961
393 6552
394 2698
395 322
396 2349
397 955
398 484
399 4013
400 598
401 32366
402 27968
403 11500
404 1021
405 35416
406 1018
407 379
408 2294
409 8050
410 23571
411 32431
412 39212
413 3197
414 2362
415 11640
416 855
417 1116
418 3485
419 2008
420 2874
421 288
422 807
423 429
424 1034
425 1042
426 1347
427 1168
428 10503
429 1017
430 572
431 1056
432 462
433 1075
434 1536
435 1172
436 3818
437 4180
438 2290
439 358
440 3029
441 35575
442 4910
443 3901
444 2123
445 12481
446 19307
447 3332
448 22714
449 30860
450 30684
451 5712
452 1046
453 1071
454 1060
455 1027
456 658
457 2618
458 7437
459 1086
460 14830
461 1095
462 1106
463 1162
464 1109
465 1463
466 972
467 1124
468 1131
469 1191
470 880
471 316
472 34655
473 12617
474 15833
475 915
476 1057
477 373
478 3634
479 774
480 35428
481 597
482 766
483 27564
484 1143
485 434
486 2565
487 1528
488 3738
489 1073
490 1178
491 9317
492 1202
493 36539
494 1132
495 1404
496 377
497 1227
498 1004
499 7
500 34170
501 1040
502 1048
503 644
504 1245
505 4194
506 1409
507 1649
508 838
509 1000
510 1547
511 1805
512 1821
513 1636
514 1840
515 2402
516 1037
517 3161
518 2000
519 2480
520 3324
521 5917
522 4361
523 4782
524 7386
525 2807
526 3193
527 8684
528 7161
529 3709
530 6856
531 1261
532 1851
533 800
534 3902
535 31163
536 21815
537 1265
538 896
539 54609
540 31627
541 1313
542 2264
543 3557
544 5387
545 7739
546 5175
547 33872
548 3593
549 765
550 1301
551 703
552 1234
553 2757
554 56721
555 2083
556 1079
557 1035
558 3011
559 2039
560 1296
561 5477
562 1123
563 1171
564 137259
565 13566
566 14497
567 494
568 7234
569 949
570 1322
571 18283
572 1319
573 1328
574 1061
575 1049
576 2383
577 348
578 3996
579 19949
580 467
581 4008
582 1369
583 874
584 2096
585 2112
586 3842
587 3154
588 8676
589 5708
590 1386
591 23079
592 1354
593 1253
594 1335
595 1309
596 1121
597 2196
598 39082
599 8345
600 107
601 1429
602 8112
603 1374
604 1437
605 1321
606 1811
607 26801
608 695
609 3623
610 1462
611 1847
612 532
613 785
614 1443
615 3124
616 3308
617 38869
618 60435
619 4953
620 10446
621 1476
622 1481
623 1488
624 1492
625 1501
626 1266
627 1623
628 2514
629 2620
630 7257
631 21529
632 1508
633 1524
634 935
635 1447
636 1538
637 1096
638 1467
639 1544
640 1583
641 3975
642 6129
643 10059
644 7710
645 10629
646 1551
647 1552
648 42297
649 80366
650 3106
651 13475
652 2047
653 9672
654 1963
655 1592
656 1593
657 881
658 5301
659 9300
660 1610
661 1224
662 1612
663 1310
664 1648
665 3168
666 1651
667 1662
668 1664
669 1671
670 1702
671 2648
672 4960
673 936
674 1982
675 38075
676 1059
677 1657
678 1281
679 1716
680 1193
681 1392
682 1674
683 2033
684 1924
685 2954
686 3721
687 5339
688 5706
689 4400
690 11973
691 12995
692 13009
693 13825
694 1568
695 7521
696 15934
697 15334
698 7392
699 4177
700 4760
701 34671
702 8639
703 12518
704 108556
705 1709
706 1713
707 1724
708 1734
709 6521
710 1966
711 1557
712 3931
713 1573
714 1747
715 10076
716 380
717 1762
718 1765
719 1784
720 1353
721 25510
722 1566
723 1455
724 932
725 19
726 16409
727 2554
728 5403
729 4842
730 11142
731 1837
732 2968
733 1855
734 15506
735 2562
736 1857
737 960
738 1302
739 21907
740 7410
741 1703
742 3240
743 840
744 7113
745 6316
746 5751
747 15765
748 7193
749 15629
750 20302
751 33842
752 13268
753 4832
754 1877
755 1797
756 1888
757 2029
758 5405
759 5753
760 3214
761 515
762 1901
763 1867
764 16527
765 6030
766 1937
767 1939
768 8761
769 4644
770 1944
771 1938
772 4625
773 1947
774 1800
775 109
776 1958
777 12310
778 824
779 1972
780 3454
781 2436
782 14915
783 1619
784 2149
785 3983
786 8208
787 5550
788 66832
789 1737
790 1358
791 19475
792 1710
793 2579
794 2275
795 2003
796 3401
797 2011
798 2014
799 2711
800 1320
801 2024
802 2035
803 2396
804 1985
805 26935
806 64141
807 12218
808 2045
809 2055
810 31923
811 2058
812 3969
813 39117
814 2095
815 33792
816 2260
817 2082
818 1407
819 4213
820 8925
821 6646
822 1464
823 18060
824 8883
825 2097
826 2110
827 2238
828 2132
829 1646
830 2121
831 12230
832 16858
833 5906
834 26013
835 2233
836 11220
837 2181
838 2273
839 2176
840 3077
841 3521
842 1916
843 1114
844 2205
845 1525
846 8165
847 2215
848 22873
849 16046
850 1977
851 1626
852 66983
853 2229
854 2653
855 2040
856 1231
857 4046
858 7732
859 3659
860 49936
861 2266
862 3357
863 4367
864 7314
865 865
866 8096
867 2292
868 2191
869 2224
870 3040
871 6094
872 1186
873 8051
874 2326
875 1445
876 2120
877 21108
878 2330
879 5688
880 2327
881 2356
882 1650
883 2347
884 67011
885 2363
886 2689
887 2376
888 2384
889 2282
890 970
891 2394
892 2616
893 4580
894 20595
895 2733
896 2823
897 4312
898 400
899 2596
900 3032
901 4233
902 2421
903 3449
904 2451
905 1886
906 2368
907 2490
908 2482
909 1676
910 2473
911 2497
912 2498
913 33912
914 113851
915 1176
916 2513
917 1184
918 1559
919 2515
920 3502
921 16627
922 1631
923 215
924 12705
925 42440
926 2530
927 2389
928 2933
929 96
930 12605
931 16123
932 41291
933 942
934 1772
935 8441
936 1173
937 69371
938 1084
939 3848
940 2589
941 2582
942 2619
943 6085
944 3183
945 20039
946 2599
947 2311
948 24480
949 2612
950 2614
951 2638
952 2883
953 6787
954 2588
955 2344
956 2627
957 2300
958 27453
959 2644
960 2649
961 4023
962 3992
963 12178
964 2672
965 2678
966 2683
967 12976
968 1799
969 2146
970 9684
971 15247
972 2625
973 3479
974 6801
975 6563
976 8099
977 80565
978 4558
979 2758
980 2770
981 17836
982 38203
983 2819
984 2932
985 4073
986 4035
987 31307
988 2699
989 2804
990 50409
991 2797
992 2805
993 19729
994 2811
995 1327
996 2813
997 12987
998 25412
999 1622
1000 386
1001 2814
1002 2816
1003 21684
1004 25309
1005 2693
1006 2833
1007 3578
1008 458
1009 2836
1010 34243
1011 2856
1012 15292
1013 2795
1014 2871
1015 4344
1016 8726
1017 2884
1018 2888
1019 26608
1020 2536
1021 8385
1022 14154
1023 2900
1024 18131
1025 33768
1026 2903
1027 1104
1028 12213
1029 11919
1030 43899
1031 40213
1032 2910
1033 4145
1034 2915
1035 2361
1036 14564
1037 26522
1038 2891
1039 2929
1040 2907
1041 1238
1042 7507
1043 3905
1044 2912
1045 3837
1046 2947
1047 6209
1048 1849
1049 2935
1050 3010
1051 2878
1052 3132
1053 2876
1054 5015
1055 6506
1056 389
1057 13503
1058 1050
1059 2868
1060 2604
1061 6076
1062 5903
1063 3496
1064 3052
1065 1835
1066 3045
1067 3035
1068 2621
1069 21339
1070 3046
1071 2755
1072 3056
1073 11540
1074 3062
1075 31102
1076 2720
1077 3065
1078 6716
1079 3067
1080 1921
1081 2989
1082 5210
1083 9981
1084 13809
1085 94631
1086 2902
1087 3122
1088 4076
1089 4653
1090 3143
1091 8264
1092 3139
1093 1832
1094 4149
1095 3142
1096 2284
1097 3000
1098 31344
1099 12547
1100 22095
1101 11797
1102 2701
1103 16474
1104 23835
1105 3473
1106 5267
1107 3264
1108 3377
1109 3282
1110 3206
1111 5585
1112 9716
1113 5371
1114 11241
1115 31469
1116 3290
1117 4130
1118 15780
1119 14302
1120 3319
1121 82588
1122 3314
1123 2594
1124 4556
1125 6609
1126 8216
1127 7886
1128 13220
1129 78525
1130 3651
1131 75106
1132 3156
1133 3247
1134 3333
1135 28143
1136 36090
1137 3338
1138 36067
1139 12603
1140 3365
1141 3366
1142 13235
1143 7743
1144 27206
1145 3121
1146 3108
1147 3375
1148 5124
1149 3397
1150 8239
1151 6942
1152 4158
1153 3410
1154 1496
1155 5849
1156 3421
1157 3370
1158 14514
1159 3327
1160 2865
1161 3448
1162 3453
1163 3041
1164 3384
1165 7443
1166 3470
1167 3238
1168 3491
1169 3493
1170 3648
1171 5822
1172 2615
1173 3499
1174 3513
1175 126024
1176 5288
1177 3528
1178 1246
1179 3529
1180 3509
1181 509
1182 3545
1183 4710
1184 4706
1185 50609
1186 3186
1187 634
1188 3478
1189 3551
1190 2739
1191 3568
1192 20391
1193 3580
1194 3619
1195 3329
1196 2622
1197 934
1198 3632
1199 9949
1200 1645
1201 3199
1202 3637
1203 4696
1204 16814
1205 3657
1206 89973
1207 3675
1208 26039
1209 12898
1210 3639
1211 3685
1212 11885
1213 3701
1214 1735
1215 28104
1216 2785
1217 14672
1218 3710
1219 4304
1220 3757
1221 2784
1222 4757
1223 507
1224 7060
1225 11765
1226 30668
1227 1015
1228 3779
1229 30800
1230 3804
1231 44016
1232 1378
1233 4745
1234 10774
1235 43266
1236 3315
1237 9124
1238 6579
1239 83025
1240 2734
1241 3847
1242 3873
1243 2004
1244 3827
1245 3876
1246 3879
1247 3882
1248 56418
1249 1537
1250 3885
1251 3888
1252 16684
1253 3952
1254 4321
1255 4572
1256 16524
1257 1979
1258 3811
1259 2555
1260 10363
1261 15394
1262 1546
1263 8176
1264 13168
1265 3960
1266 3922
1267 4128
1268 4144
1269 3465
1270 3958
1271 3977
1272 3974
1273 3380
1274 767
1275 5743
1276 2081
1277 10591
1278 3993
1279 2552
1280 4015
1281 3959
1282 17218
1283 4069
1284 4620
1285 6133
1286 9161
1287 9248
1288 49750
1289 2386
1290 3948
1291 3096
1292 4061
1293 6503
1294 4100
1295 11394
1296 4183
1297 14157
1298 9924
1299 15056
1300 19012
1301 20803
1302 44797
1303 3635
1304 3976
1305 3923
1306 1643
1307 23455
1308 4048
1309 4064
1310 4067
1311 4011
1312 4074
1313 3874
1314 4086
1315 7397
1316 4089
1317 4092
1318 4097
1319 1874
1320 13925
1321 22840
1322 70618
1323 2143
1324 117551
1325 602
1326 3532
1327 12104
1328 4133
1329 4155
1330 4188
1331 4173
1332 4176
1333 4181
1334 4186
1335 23807
1336 4197
1337 4204
1338 109085
1339 50846
1340 3909
1341 4232
1342 18939
1343 28128
1344 4239
1345 4248
1346 4247
1347 4277
1348 1828
1349 121592
1350 4649
1351 4267
1352 21230
1353 13972
1354 3554
1355 4078
1356 3356
1357 4205
1358 4262
1359 4279
1360 4280
1361 5730
1362 9928
1363 4291
1364 60465
1365 27783
1366 4325
1367 630
1368 4333
1369 7868
1370 3602
1371 4336
1372 38434
1373 3261
1374 4756
1375 4346
1376 4348
1377 2641
1378 4355
1379 3787
1380 4357
1381 9546
1382 6827
1383 37515
1384 4153
1385 41232
1386 11211
1387 99154
1388 81883
1389 7936
1390 35336
1391 45255
1392 39146
1393 92
1394 6753
1395 6355
1396 21119
1397 4384
1398 10744
1399 4405
1400 3920
1401 7655
1402 15837
1403 74814
1404 2481
1405 11417
1406 4872
1407 4408
1408 3621
1409 1898
1410 745
1411 6278
1412 4437
1413 4438
1414 8584
1415 4419
1416 8755
1417 4466
1418 4481
1419 4398
1420 83957
1421 70432
1422 4488
1423 3777
1424 4513
1425 21336
1426 5499
1427 1377
1428 40103
1429 37691
1430 1876
1431 22709
1432 4235
1433 18494
1434 2610
1435 4538
1436 4545
1437 19276
1438 16671
1439 25028
1440 10194
1441 4568
1442 5484
1443 12050
1444 20189
1445 31304
1446 39735
1447 4600
1448 1967
1449 54608
1450 8430
1451 131562
1452 61479
1453 2185
1454 4614
1455 5619
1456 4622
1457 2192
1458 3955
1459 1305
1460 4661
1461 4250
1462 4171
1463 8615
1464 2576
1465 7348
1466 9896
1467 4682
1468 4619
1469 43954
1470 6270
1471 20787
1472 4643
1473 3822
1474 1256
1475 3737
1476 2669
1477 4027
1478 771
1479 2267
1480 4721
1481 3753
1482 4763
1483 4750
1484 4753
1485 4755
1486 4762
1487 4758
1488 3903
1489 70808
1490 4783
1491 4351
1492 2666
1493 4716
1494 19088
1495 17988
1496 1291
1497 5002
1498 8735
1499 4692
1500 4800
1501 4803
1502 6986
1503 1411
1504 9068
1505 4517
1506 10585
1507 4837
1508 2702
1509 3400
1510 4890
1511 4891
1512 3205
1513 4087
1514 6183
1515 17064
1516 5417
1517 4500
1518 4362
1519 4794
1520 6348
1521 5621
1522 4928
1523 4948
1524 36904
1525 2031
1526 7325
1527 2628
1528 2391
1529 4974
1530 4975
1531 4977
1532 5731
1533 4925
1534 5001
1535 2532
1536 15980
1537 1844
1538 4915
1539 20597
1540 104018
1541 7106
1542 1161
1543 2857
1544 3394
1545 5068
1546 1743
1547 84753
1548 5090
1549 3926
1550 6060
1551 5082
1552 5023
1553 5080
1554 5091
1555 4111
1556 1785
1557 5018
1558 5112
1559 1158
1560 7294
1561 36814
1562 5136
1563 5153
1564 1539
1565 23827
1566 5144
1567 1478
1568 9310
1569 84311
1570 1474
1571 2164
1572 5174
1573 5869
1574 27735
1575 401
1576 56938
1577 44693
1578 31331
1579 128912
1580 85994
1581 5094
1582 2158
1583 607
1584 3916
1585 23509
1586 3859
1587 756
1588 5147
1589 4639
1590 33854
1591 4923
1592 13297
1593 13650
1594 5231
1595 6067
1596 6262
1597 34890
1598 4053
1599 4770
1600 4658
1601 4621
1602 3350
1603 5305
1604 50854
1605 25040
1606 5279
1607 6101
1608 12610
1609 5284
1610 7206
1611 5304
1612 2559
1613 29428
1614 6023
1615 5316
1616 5323
1617 5334
1618 5337
1619 5998
1620 2973
1621 5340
1622 5259
1623 10749
1624 12058
1625 5069
1626 126651
1627 5373
1628 4767
1629 5066
1630 3376
1631 3723
1632 5632
1633 6015
1634 5394
1635 3995
1636 5274
1637 2147
1638 4399
1639 6342
1640 16831
1641 14689
1642 6976
1643 9062
1644 5415
1645 5281
1646 5292
1647 4317
1648 5395
1649 3547
1650 2318
1651 4313
1652 30679
1653 5473
1654 3248
1655 5563
1656 5286
1657 68473
1658 4423
1659 5101
1660 1988
1661 5519
1662 4428
1663 3092
1664 5534
1665 5547
1666 5442
1667 9015
1668 7144
1669 10854
1670 98841
1671 4676
1672 3293
1673 10366
1674 5555
1675 5652
1676 5976
1677 16555
1678 5562
1679 3291
1680 5572
1681 8552
1682 5431
1683 5036
1684 3711
1685 5566
1686 5229
1687 5601
1688 18705
1689 5651
1690 5072
1691 1729
1692 84349
1693 5539
1694 2464
1695 5309
1696 5702
1697 5700
1698 5716
1699 5744
1700 5762
1701 11581
1702 5756
1703 5758
1704 5761
1705 5583
1706 5575
1707 5768
1708 4821
1709 12166
1710 6165
1711 12693
1712 5789
1713 5800
1714 22481
1715 7709
1716 5821
1717 5801
1718 5701
1719 1594
1720 6043
1721 5830
1722 56779
1723 18850
1724 5880
1725 5860
1726 5690
1727 4626
1728 5542
1729 3970
1730 4020
1731 5732
1732 4555
1733 5360
1734 965
1735 5914
1736 7247
1737 27613
1738 11115
1739 5513
1740 5938
1741 5944
1742 2109
1743 5659
1744 5714
1745 6574
1746 692
1747 1125
1748 2631
1749 6451
1750 5736
1751 5548
1752 5450
1753 1243
1754 51043
1755 5724
1756 6031
1757 6066
1758 4971
1759 4002
1760 32389
1761 54267
1762 7463
1763 6295
1764 6104
1765 8610
1766 80739
1767 5723
1768 8103
1769 3664
1770 4241
1771 10007
1772 15541
1773 4338
1774 3275
1775 7553
1776 93724
1777 4101
1778 6156
1779 6172
1780 6205
1781 5952
1782 39938
1783 6187
1784 8775
1785 18
1786 6153
1787 2944
1788 6254
1789 6258
1790 6277
1791 3945
1792 3810
1793 3803
1794 6699
1795 4345
1796 5378
1797 1055
1798 6324
1799 5977
1800 6334
1801 3102
1802 7772
1803 6651
1804 6343
1805 6369
1806 61106
1807 6361
1808 6358
1809 8435
1810 13903
1811 36665
1812 21611
1813 22642
1814 6517
1815 10819
1816 5357
1817 5282
1818 70638
1819 6415
1820 8008
1821 4054
1822 4170
1823 6419
1824 7157
1825 5775
1826 6180
1827 6466
1828 6474
1829 16294
1830 6502
1831 47274
1832 6214
1833 20659
1834 6556
1835 6555
1836 6401
1837 6266
1838 7076
1839 6569
1840 6572
1841 142
1842 6382
1843 6131
1844 5462
1845 57668
1846 6576
1847 6269
1848 10251
1849 6610
1850 121665
1851 6309
1852 9489
1853 9502
1854 5498
1855 6673
1856 5516
1857 6694
1858 81295
1859 6700
1860 3613
1861 3441
1862 42576
1863 8628
1864 6668
1865 3537
1866 6998
1867 7034
1868 21372
1869 4290
1870 6759
1871 6089
1872 6766
1873 32814
1874 57983
1875 6649
1876 6776
1877 10478
1878 6243
1879 10811
1880 6307
1881 34538
1882 11332
1883 2446
1884 7055
1885 2310
1886 7717
1887 6773
1888 36038
1889 6658
1890 673
1891 6836
1892 14628
1893 23743
1894 6779
1895 3849
1896 6860
1897 131140
1898 6861
1899 6871
1900 7300
1901 13369
1902 3028
1903 6876
1904 12170
1905 15155
1906 6883
1907 4281
1908 952
1909 6886
1910 6566
1911 1894
1912 9019
1913 11568
1914 2575
1915 14510
1916 14493
1917 10883
1918 37646
1919 2415
1920 23950
1921 81169
1922 38851
1923 26085
1924 7138
1925 6772
1926 23201
1927 11629
1928 6923
1929 6486
1930 7631
1931 11054
1932 6982
1933 6985
1934 4200
1935 19054
1936 12106
1937 2454
1938 6988
1939 6992
1940 1120
1941 6989
1942 7002
1943 6892
1944 25712
1945 45005
1946 1606
1947 6958
1948 50
1949 3402
1950 8013
1951 8153
1952 8183
1953 11264
1954 7033
1955 6979
1956 11108
1957 7048
1958 5372
1959 16109
1960 6950
1961 4747
1962 7043
1963 7081
1964 7082
1965 7086
1966 7089
1967 63936
1968 7107
1969 7120
1970 7133
1971 24657
1972 73451
1973 7145
1974 7154
1975 6670
1976 12088
1977 9093
1978 7932
1979 7165
1980 8424
1981 6154
1982 4167
1983 10431
1984 69412
1985 7192
1986 5735
1987 7209
1988 3589
1989 3075
1990 6514
1991 19077
1992 4698
1993 7357
1994 7316
1995 31233
1996 7328
1997 2642
1998 4037
1999 10390
2000 65994
2001 7307
2002 7411
2003 82042
2004 7346
2005 23501
2006 14233
2007 4135
2008 2985
2009 111
2010 4553
2011 7399
2012 7418
2013 7422
2014 7330
2015 6818
2016 7673
2017 39495
2018 7721
2019 7466
2020 61996
2021 6702
2022 11052
2023 7502
2024 7499
2025 7460
2026 5506
2027 7508
2028 7079
2029 5200
2030 7575
2031 7168
2032 7691
2033 143090
2034 6751
2035 46735
2036 8125
2037 3609
2038 7607
2039 4085
2040 3484
2041 7666
2042 13870
2043 7621
2044 7625
2045 7647
2046 7653
2047 18889
2048 7489
2049 7644
2050 6339
2051 7663
2052 7667
2053 7670
2054 7671
2055 7222
2056 10909
2057 7694
2058 6904
2059 7687
2060 4246
2061 22265
2062 7434
2063 7792
2064 27984
2065 7738
2066 7742
2067 13834
2068 7755
2069 12776
2070 7759
2071 7851
2072 15604
2073 61217
2074 7878
2075 11028
2076 7780
2077 1540
2078 6898
2079 7726
2080 2592
2081 5399
2082 4416
2083 7820
2084 56127
2085 62695
2086 9550
2087 8923
2088 5196
2089 5497
2090 7919
2091 7641
2092 7982
2093 8056
2094 5628
2095 7699
2096 6531
2097 6485
2098 4164
2099 7874
2100 7821
2101 16494
2102 97564
2103 33663
2104 13530
2105 7909
2106 2036
2107 299
2108 122026
2109 10487
2110 37373
2111 7767
2112 15856
2113 3896
2114 7626
2115 13265
2116 29287
2117 7756
2118 10083
2119 8044
2120 7952
2121 7727
2122 17252
2123 5480
2124 16839
2125 7402
2126 8090
2127 16852
2128 21123
2129 10708
2130 8092
2131 8798
2132 33039
2133 8047
2134 8105
2135 6627
2136 2183
2137 29364
2138 4947
2139 9991
2140 25726
2141 8133
2142 7692
2143 31161
2144 8152
2145 11618
2146 8161
2147 15365
2148 8197
2149 8196
2150 19393
2151 8188
2152 1887
2153 7763
2154 5495
2155 8201
2156 8215
2157 3676
2158 8237
2159 17164
2160 8246
2161 8309
2162 9658
2163 300
2164 8334
2165 5081
2166 5223
2167 30118
2168 14230
2169 83010
2170 8391
2171 24633
2172 34105
2173 8410
2174 42278
2175 8415
2176 8320
2177 1105
2178 3027
2179 8445
2180 8338
2181 5593
2182 1792
2183 7458
2184 15470
2185 3755
2186 4720
2187 7747
2188 5217
2189 64136
2190 8504
2191 3912
2192 8528
2193 8538
2194 4477
2195 4298
2196 92070
2197 26002
2198 5784
2199 6948
2200 4642
2201 38624
2202 10995
2203 8653
2204 56336
2205 8667
2206 8694
2207 8670
2208 7005
2209 8621
2210 4047
2211 8358
2212 5737
2213 8719
2214 8723
2215 12352
2216 8736
2217 4402
2218 3698
2219 730
2220 6768
2221 3519
2222 11145
2223 8075
2224 8797
2225 19823
2226 8802
2227 8905
2228 10400
2229 15242
2230 47710
2231 4678
2232 8811
2233 8826
2234 6769
2235 13923
2236 7776
2237 8434
2238 6249
2239 61536
2240 8866
2241 8875
2242 14566
2243 8888
2244 18814
2245 37919
2246 8871
2247 8234
2248 5419
2249 8890
2250 8913
2251 39582
2252 8945
2253 8938
2254 3544
2255 8952
2256 4106
2257 7001
2258 102519
2259 31328
2260 8994
2261 8354
2262 8588
2263 47322
2264 73967
2265 11025
2266 79998
2267 2206
2268 8996
2269 9046
2270 9076
2271 7333
2272 9069
2273 398
2274 2468
2275 8248
2276 11586
2277 8991
2278 23141
2279 9118
2280 3840
2281 1102
2282 91254
2283 19739
2284 4903
2285 7867
2286 2234
2287 5420
2288 9160
2289 9197
2290 7979
2291 9044
2292 6637
2293 7561
2294 4994
2295 2677
2296 60575
2297 9232
2298 9189
2299 823
2300 14973
2301 6013
2302 10475
2303 10867
2304 4320
2305 7934
2306 9292
2307 7505
2308 6495
2309 9316
2310 5734
2311 11716
2312 9354
2313 11033
2314 45923
2315 9372
2316 1150
2317 9369
2318 3655
2319 1715
2320 9390
2321 8590
2322 9411
2323 22414
2324 3005
2325 8272
2326 8134
2327 23408
2328 9462
2329 801
2330 30395
2331 29555
2332 15175
2333 9504
2334 9322
2335 9534
2336 48532
2337 105615
2338 44739
2339 9542
2340 9057
2341 10204
2342 6645
2343 7263
2344 33664
2345 9617
2346 9569
2347 9625
2348 9501
2349 96931
2350 14913
2351 9671
2352 8824
2353 9653
2354 1822
2355 926
2356 9668
2357 9679
2358 9355
2359 67193
2360 9710
2361 9714
2362 13618
2363 9736
2364 9717
2365 9417
2366 2602
2367 9853
2368 12712
2369 17529
2370 20158
2371 20160
2372 7021
2373 9777
2374 9769
2375 7540
2376 3579
2377 15304
2378 22447
2379 17945
2380 9471
2381 9800
2382 9831
2383 16286
2384 9825
2385 9848
2386 9857
2387 10862
2388 9834
2389 9899
2390 12047
2391 8779
2392 9342
2393 7083
2394 9712
2395 9951
2396 9927
2397 10086
2398 10109
2399 9961
2400 6588
2401 10004
2402 57973
2403 35840
2404 7576
2405 36466
2406 10019
2407 9035
2408 6430
2409 7591
2410 5287
2411 10049
2412 4507
2413 10053
2414 10054
2415 10032
2416 10075
2417 30691
2418 25556
2419 9187
2420 34304
2421 19471
2422 9667
2423 7408
2424 10097
2425 7108
2426 8756
2427 10118
2428 10124
2429 3556
2430 7486
2431 43682
2432 8843
2433 8027
2434 19965
2435 26080
2436 9624
2437 41862
2438 52890
2439 10186
2440 10189
2441 3462
2442 6460
2443 10217
2444 8157
2445 5795
2446 10255
2447 10095
2448 10253
2449 3816
2450 10264
2451 6527
2452 10106
2453 6005
2454 7538
2455 10773
2456 10286
2457 1930
2458 10220
2459 7110
2460 9024
2461 8257
2462 19444
2463 3937
2464 10350
2465 10265
2466 10313
2467 10454
2468 10718
2469 10330
2470 50212
2471 7494
2472 6018
2473 9401
2474 22112
2475 36950
2476 10331
2477 19191
2478 9652
2479 9564
2480 46900
2481 10378
2482 13417
2483 9313
2484 8870
2485 3560
2486 2741
2487 10416
2488 42933
2489 113213
2490 44143
2491 10500
2492 10035
2493 9944
2494 1574
2495 15293
2496 9498
2497 10650
2498 10944
2499 23654
2500 20186
2501 48263
2502 22971
2503 8927
2504 68871
2505 118731
2506 6481
2507 10469
2508 10476
2509 5329
2510 14006
2511 757
2512 33841
2513 1964
2514 10675
2515 15743
2516 979
2517 8146
2518 10576
2519 10596
2520 20783
2521 8131
2522 9942
2523 10626
2524 10327
2525 10671
2526 6793
2527 89797
2528 16943
2529 9762
2530 10676
2531 10707
2532 9003
2533 14340
2534 6107
2535 10740
2536 3736
2537 11009
2538 6240
2539 12563
2540 8733
2541 21380
2542 27870
2543 8721
2544 8452
2545 7281
2546 10792
2547 11191
2548 58976
2549 10814
2550 4137
2551 10881
2552 10769
2553 10868
2554 10858
2555 10227
2556 10610
2557 44557
2558 7762
2559 9871
2560 10621
2561 10918
2562 14321
2563 10775
2564 10934
2565 10941
2566 10945
2567 11322
2568 6771
2569 11413
2570 19836
2571 10946
2572 4807
2573 11015
2574 10984
2575 10997
2576 11318
2577 30186
2578 57583
2579 69862
2580 115087
2581 11031
2582 8394
2583 6159
2584 31807
2585 10111
2586 11074
2587 7842
2588 11094
2589 20033
2590 38435
2591 6321
2592 24386
2593 2056
2594 17029
2595 41953
2596 11244
2597 11099
2598 940
2599 10712
2600 41263
2601 8794
2602 10147
2603 10365
2604 34670
2605 8720
2606 13694
2607 36720
2608 11081
2609 5110
2610 11675
2611 30889
2612 1579
2613 25980
2614 18739
2615 50426
2616 11395
2617 4275
2618 37099
2619 11407
2620 8604
2621 22131
2622 11414
2623 9470
2624 11218
2625 31036
2626 4165
2627 8324
2628 11483
2629 11482
2630 64184
2631 110305
2632 11499
2633 9163
2634 13035
2635 10408
2636 31991
2637 135253
2638 11557
2639 14726
2640 10201
2641 5750
2642 10898
2643 11670
2644 11657
2645 10001
2646 11344
2647 13119
2648 11738
2649 12014
2650 22608
2651 11727
2652 9422
2653 8049
2654 11771
2655 21528
2656 13292
2657 10602
2658 11262
2659 22029
2660 68958
2661 11317
2662 11847
2663 12296
2664 2381
2665 14777
2666 11542
2667 20038
2668 11030
2669 11934
2670 11947
2671 11853
2672 11018
2673 19885
2674 11984
2675 6756
2676 8932
2677 12032
2678 37021
2679 10458
2680 7303
2681 1992
2682 11176
2683 12117
2684 9858
2685 8203
2686 62091
2687 9269
2688 12160
2689 11608
2690 68969
2691 9960
2692 11521
2693 12156
2694 12036
2695 31446
2696 48792
2697 82880
2698 12226
2699 16185
2700 8624
2701 11877
2702 12249
2703 10893
2704 12365
2705 24221
2706 12292
2707 973
2708 12295
2709 5328
2710 40297
2711 12306
2712 10714
2713 12176
2714 12360
2715 7690
2716 3233
2717 10206
2718 12376
2719 19145
2720 35482
2721 10605
2722 38805
2723 12312
2724 6761
2725 12858
2726 27876
2727 26380
2728 12394
2729 12419
2730 10497
2731 4140
2732 23758
2733 11786
2734 12087
2735 12336
2736 12578
2737 175
2738 10266
2739 12897
2740 82702
2741 1956
2742 12531
2743 89948
2744 11059
2745 9404
2746 12517
2747 1090
2748 12466
2749 5873
2750 12444
2751 12543
2752 11552
2753 15516
2754 3680
2755 12570
2756 12650
2757 4129
2758 66688
2759 12597
2760 6770
2761 12622
2762 36721
2763 12482
2764 12252
2765 12301
2766 9666
2767 6994
2768 10758
2769 6921
2770 12699
2771 12695
2772 12362
2773 12204
2774 5831
2775 12487
2776 12703
2777 12420
2778 12706
2779 12669
2780 5177
2781 21605
2782 19873
2783 12713
2784 12734
2785 12735
2786 33141
2787 12738
2788 10299
2789 10701
2790 14245
2791 54702
2792 70498
2793 12202
2794 12767
2795 12804
2796 12774
2797 12643
2798 12723
2799 12337
2800 12800
2801 7967
2802 12803
2803 43683
2804 12107
2805 12823
2806 12082
2807 12832
2808 8381
2809 12841
2810 29972
2811 10828
2812 62003
2813 12875
2814 12877
2815 4003
2816 12884
2817 12906
2818 10541
2819 11392
2820 12962
2821 10673
2822 12981
2823 2377
2824 12573
2825 10461
2826 12992
2827 13001
2828 13006
2829 7456
2830 9386
2831 13024
2832 10670
2833 11846
2834 13034
2835 11300
2836 5901
2837 9890
2838 12998
2839 12259
2840 12978
2841 12138
2842 6151
2843 13087
2844 12844
2845 4234
2846 13108
2847 13112
2848 12039
2849 6121
2850 3898
2851 13127
2852 13139
2853 13061
2854 10837
2855 9022
2856 10849
2857 6301
2858 13158
2859 13160
2860 12282
2861 12965
2862 13185
2863 3897
2864 12952
2865 13218
2866 13223
2867 13206
2868 9458
2869 11266
2870 4494
2871 8707
2872 14740
2873 16939
2874 127957
2875 13311
2876 13270
2877 13151
2878 11928
2879 8250
2880 49924
2881 90610
2882 13288
2883 12205
2884 12129
2885 5029
2886 13012
2887 6137
2888 8680
2889 12653
2890 13338
2891 13343
2892 12629
2893 13356
2894 13368
2895 13059
2896 9347
2897 8699
2898 13381
2899 13434
2900 13437
2901 13441
2902 13402
2903 36952
2904 36148
2905 13453
2906 11576
2907 21051
2908 13480
2909 12595
2910 12383
2911 13486
2912 13452
2913 6429
2914 13519
2915 9246
2916 7011
2917 11286
2918 13552
2919 13556
2920 13559
2921 8857
2922 13577
2923 11228
2924 7252
2925 11016
2926 59312
2927 13584
2928 12722
2929 64420
2930 131647
2931 13132
2932 13641
2933 22019
2934 34127
2935 5587
2936 12120
2937 34478
2938 13623
2939 4096
2940 13700
2941 13730
2942 66205
2943 14653
2944 12192
2945 13750
2946 8252
2947 37855
2948 12940
2949 15673
2950 3759
2951 16620
2952 13796
2953 13726
2954 13816
2955 11751
2956 13799
2957 13824
2958 13840
2959 8714
2960 12386
2961 13842
2962 22989
2963 7448
2964 13733
2965 9202
2966 9305
2967 13856
2968 13863
2969 6701
2970 1363
2971 13886
2972 8955
2973 36103
2974 13913
2975 13915
2976 13927
2977 13331
2978 13466
2979 3642
2980 13938
2981 13951
2982 13785
2983 13625
2984 13965
2985 13858
2986 26144
2987 11361
2988 6360
2989 13997
2990 13878
2991 13776
2992 13958
2993 87815
2994 10930
2995 16008
2996 24027
2997 27529
2998 83518
2999 91414
3000 27004
3001 39775
3002 106467
3003 36697
3004 41337
3005 23288
3006 4115
3007 12640
3008 45611
3009 13753
3010 14081
3011 14082
3012 9915
3013 14588
3014 15819
3015 5152
3016 14092
3017 14105
3018 13121
3019 14123
3020 13093
3021 9547
3022 10901
3023 1770
3024 14147
3025 14102
3026 14124
3027 12879
3028 14183
3029 13211
3030 14200
3031 10705
3032 14039
3033 14204
3034 14733
3035 13741
3036 8891
3037 50524
3038 14114
3039 14255
3040 14289
3041 12357
3042 13707
3043 9509
3044 14362
3045 15358
3046 13774
3047 14365
3048 14379
3049 12806
3050 14395
3051 14312
3052 14433
3053 4401
3054 5031
3055 67031
3056 1556
3057 14462
3058 1516
3059 9468
3060 14199
3061 14449
3062 9481
3063 4701
3064 9545
3065 14401
3066 7352
3067 12660
3068 10333
3069 14551
3070 14515
3071 13835
3072 8974
3073 14559
3074 10273
3075 14601
3076 39280
3077 14354
3078 14613
3079 14639
3080 14175
3081 6518
3082 19157
3083 9584
3084 14673
3085 14540
3086 5537
3087 14324
3088 10482
3089 14712
3090 14417
3091 9833
3092 2209
3093 14757
3094 14008
3095 4526
3096 15238
3097 23388
3098 8003
3099 41947
3100 1778
3101 14794
3102 14800
3103 12914
3104 6227
3105 14385
3106 14464
3107 2586
3108 39115
3109 13628
3110 11259
3111 1304
3112 2544
3113 14812
3114 14891
3115 14840
3116 14694
3117 13506
3118 2218
3119 75954
3120 14574
3121 3891
3122 14940
3123 11964
3124 14251
3125 85578
3126 14901
3127 46290
3128 6032
3129 12678
3130 43309
3131 5263
3132 15027
3133 15044
3134 12961
3135 7845
3136 4685
3137 15073
3138 14806
3139 14579
3140 6949
3141 2177
3142 15105
3143 15125
3144 15137
3145 8818
3146 14993
3147 2308
3148 26650
3149 15200
3150 10839
3151 11504
3152 13215
3153 14517
3154 988
3155 85932
3156 15221
3157 54458
3158 14466
3159 15423
3160 15270
3161 35353
3162 6074
3163 94923
3164 12668
3165 15697
3166 15351
3167 4659
3168 15392
3169 15441
3170 12878
3171 2663
3172 11773
3173 17212
3174 15417
3175 15331
3176 14969
3177 15432
3178 15438
3179 11870
3180 16622
3181 15454
3182 15464
3183 8776
3184 13715
3185 15493
3186 4315
3187 8382
3188 15808
3189 11828
3190 14681
3191 15582
3192 15616
3193 39663
3194 15650
3195 15655
3196 13898
3197 17926
3198 15666
3199 15129
3200 15388
3201 13363
3202 15692
3203 15702
3204 95545
3205 15713
3206 30364
3207 15764
3208 4677
3209 25326
3210 15770
3211 17477
3212 15587
3213 15756
3214 15850
3215 9497
3216 13351
3217 15933
3218 17085
3219 2063
3220 15783
3221 10646
3222 17721
3223 30380
3224 15975
3225 8482
3226 20281
3227 12782
3228 88818
3229 13377
3230 5482
3231 9114
3232 23297
3233 22247
3234 16114
3235 15606
3236 16143
3237 16132
3238 91360
3239 16019
3240 12412
3241 50128
3242 1199
3243 9947
3244 7361
3245 9842
3246 50886
3247 15214
3248 16526
3249 11146
3250 16645
3251 27559
3252 12390
3253 16323
3254 16385
3255 16389
3256 16477
3257 16391
3258 16393
3259 4826
3260 16428
3261 16452
3262 4535
3263 15289
3264 24703
3265 15620
3266 16160
3267 16510
3268 13022
3269 15642
3270 16557
3271 90095
3272 16635
3273 16641
3274 13883
3275 48438
3276 21694
3277 11359
3278 8547
3279 16698
3280 24195
3281 16012
3282 16711
3283 11647
3284 1074
3285 32147
3286 15280
3287 16280
3288 16767
3289 21979
3290 16578
3291 16793
3292 62201
3293 16809
3294 16826
3295 16842
3296 14304
3297 8914
3298 17053
3299 8574
3300 16906
3301 16864
3302 5584
3303 16876
3304 16883
3305 16887
3306 9141
3307 661
3308 16751
3309 20562
3310 16944
3311 14802
3312 127891
3313 16951
3314 16981
3315 16702
3316 15478
3317 16989
3318 5016
3319 16995
3320 17009
3321 16988
3322 17047
3323 16855
3324 12751
3325 16007
3326 7409
3327 17092
3328 17106
3329 17121
3330 16728
3331 18756
3332 18238
3333 11398
3334 17228
3335 17220
3336 17298
3337 17265
3338 15728
3339 17277
3340 17246
3341 7949
3342 17280
3343 17304
3344 5709
3345 17308
3346 17336
3347 2305
3348 17350
3349 9021
3350 11260
3351 17394
3352 8769
3353 16750
3354 17422
3355 17476
3356 17482
3357 17489
3358 5045
3359 13027
3360 17036
3361 12069
3362 17113
3363 66593
3364 60476
3365 17353
3366 16678
3367 75735
3368 17559
3369 12402
3370 17532
3371 11143
3372 14371
3373 17596
3374 22377
3375 17607
3376 18593
3377 13302
3378 17604
3379 17263
3380 5538
3381 17763
3382 17481
3383 18505
3384 17656
3385 17687
3386 17770
3387 17696
3388 19759
3389 14282
3390 17725
3391 17732
3392 15404
3393 40120
3394 17500
3395 16193
3396 13693
3397 17887
3398 17761
3399 17993
3400 18171
3401 38566
3402 7302
3403 17907
3404 15505
3405 42343
3406 17965
3407 17969
3408 17984
3409 15197
3410 11035
3411 141767
3412 17760
3413 18005
3414 18009
3415 17901
3416 18027
3417 18030
3418 18035
3419 20640
3420 32229
3421 15517
3422 13947
3423 18072
3424 21171
3425 15032
3426 17193
3427 9101
3428 36285
3429 18142
3430 17565
3431 18041
3432 18161
3433 15797
3434 17118
3435 17114
3436 18128
3437 114509
3438 17980
3439 18263
3440 9563
3441 18345
3442 16518
3443 18050
3444 16447
3445 18393
3446 1997
3447 17443
3448 18420
3449 18483
3450 18440
3451 6862
3452 5679
3453 13070
3454 15887
3455 18191
3456 18502
3457 18543
3458 18635
3459 17657
3460 18503
3461 18571
3462 18645
3463 18587
3464 15735
3465 18508
3466 25485
3467 18602
3468 34591
3469 7041
3470 18256
3471 18595
3472 4463
3473 128027
3474 18643
3475 18651
3476 18465
3477 18662
3478 85804
3479 18708
3480 18719
3481 15449
3482 11043
3483 16183
3484 18757
3485 22001
3486 18768
3487 18632
3488 18805
3489 47330
3490 18857
3491 18863
3492 18384
3493 18730
3494 18583
3495 6140
3496 18540
3497 16546
3498 18943
3499 18954
3500 18957
3501 19068
3502 19004
3503 19007
3504 19022
3505 18995
3506 1682
3507 19001
3508 13403
3509 3928
3510 17764
3511 16639
3512 19034
3513 19206
3514 19044
3515 19334
3516 19505
3517 19534
3518 19053
3519 18245
3520 19075
3521 5841
3522 10300
3523 15654
3524 8887
3525 18744
3526 82276
3527 2738
3528 19184
3529 19189
3530 7519
3531 10980
3532 14067
3533 15194
3534 20598
3535 17547
3536 19324
3537 9253
3538 12764
3539 12498
3540 19425
3541 58944
3542 19447
3543 18074
3544 19452
3545 19463
3546 19048
3547 17875
3548 2203
3549 19498
3550 19518
3551 19516
3552 56624
3553 18017
3554 19555
3555 19557
3556 19558
3557 11134
3558 19029
3559 34258
3560 19655
3561 7530
3562 7455
3563 18119
3564 16913
3565 19699
3566 19732
3567 19702
3568 11100
3569 19313
3570 26735
3571 14037
3572 19783
3573 19784
3574 60586
3575 19844
3576 19864
3577 17498
3578 9430
3579 18435
3580 19905
3581 19943
3582 19952
3583 19977
3584 13992
3585 19959
3586 16033
3587 21095
3588 11072
3589 20021
3590 12709
3591 20040
3592 19649
3593 1590
3594 19548
3595 20049
3596 44243
3597 8419
3598 20108
3599 20111
3600 20114
3601 19731
3602 13731
3603 15572
3604 20177
3605 20221
3606 20233
3607 15792
3608 12400
3609 11661
3610 20264
3611 26899
3612 16380
3613 20332
3614 20052
3615 17822
3616 14454
3617 20242
3618 17462
3619 20403
3620 20416
3621 19368
3622 19938
3623 19484
3624 7442
3625 20398
3626 19520
3627 12489
3628 20031
3629 8542
3630 20791
3631 20799
3632 20528
3633 23572
3634 5710
3635 20542
3636 20557
3637 20174
3638 5496
3639 8508
3640 20643
3641 20674
3642 20684
3643 20696
3644 20215
3645 12651
3646 21100
3647 4358
3648 21688
3649 39742
3650 20757
3651 21743
3652 5965
3653 29247
3654 59028
3655 25256
3656 32777
3657 1756
3658 20746
3659 17588
3660 17525
3661 20756
3662 20823
3663 20833
3664 20356
3665 11546
3666 102390
3667 20850
3668 17896
3669 20862
3670 17050
3671 20857
3672 16716
3673 21082
3674 18496
3675 5413
3676 22631
3677 14547
3678 20961
3679 20821
3680 11060
3681 20999
3682 21061
3683 15946
3684 20995
3685 21084
3686 21028
3687 17176
3688 8473
3689 20886
3690 21137
3691 38250
3692 4874
3693 21179
3694 21246
3695 12750
3696 11541
3697 21202
3698 104937
3699 4690
3700 21146
3701 16321
3702 21327
3703 81311
3704 21338
3705 15997
3706 21403
3707 20341
3708 16371
3709 57323
3710 19379
3711 21030
3712 21428
3713 21452
3714 18086
3715 21494
3716 24403
3717 44642
3718 21522
3719 20620
3720 21564
3721 16435
3722 18938
3723 6849
3724 20497
3725 21575
3726 6040
3727 21638
3728 21598
3729 23148
3730 95328
3731 11966
3732 15882
3733 21586
3734 123435
3735 21706
3736 21724
3737 12793
3738 18717
3739 21710
3740 16882
3741 15684
3742 21787
3743 12905
3744 22210
3745 29783
3746 103578
3747 21807
3748 117532
3749 15482
3750 22479
3751 21892
3752 20729
3753 16031
3754 21163
3755 14848
3756 15124
3757 19964
3758 19051
3759 14549
3760 22036
3761 17734
3762 19899
3763 22094
3764 27656
3765 21864
3766 19421
3767 21999
3768 22127
3769 22143
3770 22180
3771 4814
3772 7150
3773 15054
3774 22191
3775 22199
3776 22202
3777 22221
3778 22161
3779 8933
3780 15503
3781 22211
3782 22223
3783 43162
3784 21965
3785 22049
3786 53091
3787 18394
3788 22268
3789 24139
3790 33757
3791 22278
3792 17846
3793 22287
3794 18376
3795 12904
3796 20781
3797 22336
3798 22337
3799 22294
3800 22360
3801 22189
3802 20343
3803 13602
3804 32010
3805 14875
3806 22344
3807 101745
3808 22431
3809 22492
3810 22721
3811 13488
3812 13961
3813 14869
3814 22607
3815 22530
3816 3536
3817 32636
3818 80326
3819 2353
3820 22580
3821 20940
3822 22601
3823 22002
3824 10779
3825 6698
3826 22368
3827 21090
3828 24165
3829 26360
3830 22052
3831 22727
3832 6468
3833 21254
3834 19874
3835 22804
3836 9164
3837 11084
3838 12261
3839 12486
3840 23338
3841 20307
3842 26509
3843 477
3844 22948
3845 22861
3846 22885
3847 16857
3848 22260
3849 22789
3850 4221
3851 22907
3852 22916
3853 22954
3854 22469
3855 18013
3856 23310
3857 23006
3858 22606
3859 23008
3860 17778
3861 23085
3862 23086
3863 2225
3864 7779
3865 23184
3866 21519
3867 6575
3868 23193
3869 3935
3870 19956
3871 92032
3872 23550
3873 3669
3874 22516
3875 9211
3876 23457
3877 36572
3878 6728
3879 23506
3880 12586
3881 18116
3882 19355
3883 22973
3884 11105
3885 23194
3886 13360
3887 23678
3888 15814
3889 13729
3890 25184
3891 9324
3892 112114
3893 23734
3894 22338
3895 23796
3896 23818
3897 40549
3898 23831
3899 3627
3900 23868
3901 23900
3902 26649
3903 23935
3904 14210
3905 23947
3906 23951
3907 23959
3908 23998
3909 20804
3910 23970
3911 23981
3912 24067
3913 73454
3914 8080
3915 23317
3916 39602
3917 11206
3918 17582
3919 24154
3920 24156
3921 17073
3922 16537
3923 23993
3924 20272
3925 47778
3926 77936
3927 19506
3928 6494
3929 24021
3930 24306
3931 3773
3932 5887
3933 24328
3934 8899
3935 7156
3936 20568
3937 22429
3938 24433
3939 16959
3940 18512
3941 40886
3942 20532
3943 9304
3944 29938
3945 24541
3946 24542
3947 9156
3948 24547
3949 11920
3950 20026
3951 16002
3952 24478
3953 20754
3954 274
3955 24614
3956 24616
3957 16054
3958 23373
3959 37211
3960 45640
3961 38267
3962 49009
3963 16107
3964 24587
3965 24580
3966 14163
3967 24563
3968 24492
3969 22345
3970 24611
3971 24338
3972 12826
3973 24442
3974 24796
3975 24820
3976 24768
3977 24880
3978 24883
3979 83267
3980 24932
3981 4433
3982 95148
3983 25013
3984 16504
3985 2138
3986 24646
3987 18498
3988 25017
3989 42751
3990 24864
3991 25111
3992 25136
3993 25157
3994 24965
3995 20818
3996 13410
3997 11599
3998 19045
3999 408
4000 88133
4001 25235
4002 15424
4003 24713
4004 24953
4005 13358
4006 16934
4007 25322
4008 22460
4009 37353
4010 25339
4011 25342
4012 56920
4013 25356
4014 25393
4015 25415
4016 17083
4017 50973
4018 4245
4019 10427
4020 25463
4021 15915
4022 9970
4023 25479
4024 19142
4025 24891
4026 25355
4027 25499
4028 38085
4029 8737
4030 25515
4031 25516
4032 24792
4033 25544
4034 8341
4035 39623
4036 25566
4037 25527
4038 25576
4039 20300
4040 22302
4041 12824
4042 25631
4043 7894
4044 25602
4045 22733
4046 25619
4047 11841
4048 21007
4049 8106
4050 25648
4051 25711
4052 25743
4053 81573
4054 22758
4055 25769
4056 24848
4057 13762
4058 25533
4059 25855
4060 25565
4061 25869
4062 18516
4063 9271
4064 9479
4065 15540
4066 25232
4067 21005
4068 3345
4069 15466
4070 26020
4071 1100
4072 26031
4073 26032
4074 24008
4075 26064
4076 25713
4077 11638
4078 1190
4079 26145
4080 11056
4081 26194
4082 26200
4083 11768
4084 26207
4085 42046
4086 26269
4087 26218
4088 30304
4089 26286
4090 22051
4091 29724
4092 3525
4093 16877
4094 26330
4095 23834
4096 21349
4097 26343
4098 25889
4099 26369
4100 25390
4101 26052
4102 18974
4103 26486
4104 17457
4105 26503
4106 13653
4107 13995
4108 25762
4109 25051
4110 21700
4111 25494
4112 27704
4113 25854
4114 24669
4115 84494
4116 20411
4117 23911
4118 25102
4119 26600
4120 26665
4121 26250
4122 12019
4123 17847
4124 26809
4125 21075
4126 26945
4127 26812
4128 26845
4129 26886
4130 7895
4131 17503
4132 26921
4133 26929
4134 19373
4135 14171
4136 21180
4137 22250
4138 21483
4139 21278
4140 16762
4141 6045
4142 19078
4143 27028
4144 26737
4145 27048
4146 10146
4147 50509
4148 21037
4149 26327
4150 37436
4151 27129
4152 9611
4153 21940
4154 27113
4155 17509
4156 26474
4157 27203
4158 36862
4159 27209
4160 26543
4161 27246
4162 26901
4163 25784
4164 23291
4165 27056
4166 27430
4167 24759
4168 27253
4169 27459
4170 27491
4171 27518
4172 19593
4173 3603
4174 27516
4175 27111
4176 9332
4177 25715
4178 27552
4179 6953
4180 27611
4181 27433
4182 27398
4183 13244
4184 27692
4185 13960
4186 21155
4187 38783
4188 33064
4189 70019
4190 27801
4191 27816
4192 27822
4193 27824
4194 141932
4195 25609
4196 21162
4197 27020
4198 27969
4199 20763
4200 25812
4201 18763
4202 8426
4203 26576
4204 27933
4205 28067
4206 8725
4207 59204
4208 18289
4209 27396
4210 18087
4211 9455
4212 27990
4213 827
4214 28172
4215 27962
4216 28195
4217 32454
4218 24913
4219 10219
4220 1816
4221 29233
4222 27832
4223 11906
4224 28215
4225 17581
4226 29333
4227 27249
4228 2503
4229 29401
4230 5598
4231 29418
4232 18613
4233 18279
4234 22975
4235 17261
4236 80744
4237 21059
4238 22295
4239 29449
4240 25145
4241 22217
4242 29510
4243 24494
4244 35520
4245 11927
4246 29283
4247 32605
4248 13542
4249 29625
4250 10243
4251 34951
4252 29663
4253 29704
4254 28090
4255 22073
4256 99221
4257 29763
4258 9793
4259 29785
4260 28178
4261 29789
4262 24094
4263 29804
4264 29853
4265 25947
4266 26700
4267 7368
4268 24309
4269 29720
4270 29911
4271 31010
4272 18698
4273 29813
4274 22846
4275 24201
4276 11233
4277 29973
4278 26077
4279 29956
4280 13832
4281 9849
4282 30161
4283 21375
4284 16134
4285 30650
4286 30196
4287 26069
4288 20311
4289 30269
4290 30264
4291 90258
4292 29634
4293 28037
4294 30259
4295 33295
4296 29992
4297 30363
4298 30375
4299 48094
4300 12983
4301 45413
4302 30412
4303 24963
4304 20716
4305 44555
4306 30427
4307 6999
4308 30500
4309 24078
4310 30520
4311 27140
4312 81225
4313 30530
4314 47412
4315 30558
4316 30376
4317 26659
4318 25997
4319 30602
4320 28011
4321 30062
4322 13910
4323 30180
4324 26674
4325 24152
4326 29273
4327 27923
4328 25792
4329 20883
4330 21271
4331 30830
4332 21779
4333 26815
4334 5206
4335 30927
4336 27287
4337 8446
4338 30379
4339 25791
4340 15120
4341 18755
4342 13739
4343 27013
4344 8846
4345 6084
4346 31034
4347 26459
4348 30983
4349 42661
4350 31537
4351 31020
4352 16659
4353 20997
4354 14854
4355 32186
4356 31154
4357 9581
4358 21800
4359 31391
4360 14143
4361 31415
4362 22781
4363 30827
4364 8070
4365 31324
4366 30035
4367 31376
4368 18871
4369 25442
4370 25358
4371 31434
4372 31441
4373 31491
4374 31493
4375 31511
4376 26766
4377 19399
4378 30356
4379 33623
4380 31520
4381 31475
4382 31530
4383 31583
4384 31521
4385 31518
4386 8460
4387 31610
4388 5697
4389 31622
4390 31963
4391 31532
4392 29326
4393 17630
4394 31760
4395 45681
4396 70252
4397 27895
4398 31589
4399 31808
4400 21029
4401 31864
4402 31670
4403 29980
4404 15704
4405 31951
4406 13243
4407 31992
4408 31105
4409 14024
4410 32022
4411 29706
4412 23657
4413 25455
4414 16888
4415 23358
4416 21870
4417 32210
4418 31858
4419 32259
4420 29570
4421 32277
4422 31524
4423 32293
4424 32307
4425 21620
4426 32332
4427 68935
4428 32551
4429 32916
4430 14835
4431 32051
4432 32416
4433 32539
4434 15133
4435 13647
4436 29730
4437 20491
4438 32629
4439 32635
4440 32641
4441 32644
4442 32436
4443 48767
4444 120914
4445 27040
4446 28027
4447 32920
4448 37371
4449 32922
4450 24681
4451 20381
4452 32961
4453 32985
4454 33032
4455 68799
4456 33027
4457 24076
4458 27932
4459 29961
4460 33127
4461 33163
4462 33165
4463 33177
4464 29480
4465 32135
4466 25577
4467 33497
4468 33212
4469 12248
4470 15884
4471 33254
4472 33269
4473 33283
4474 8784
4475 8041
4476 33326
4477 36071
4478 40682
4479 19642
4480 26081
4481 33090
4482 30790
4483 33399
4484 33443
4485 41577
4486 25905
4487 20005
4488 32151
4489 33483
4490 33492
4491 33546
4492 30999
4493 24859
4494 37644
4495 30342
4496 31084
4497 32817
4498 24727
4499 17968
4500 74494
4501 21704
4502 33709
4503 32660
4504 10583
4505 43871
4506 33754
4507 33766
4508 21850
4509 44331
4510 33455
4511 3460
4512 33828
4513 33902
4514 31306
4515 33958
4516 32273
4517 29873
4518 27729
4519 47682
4520 19796
4521 23232
4522 13525
4523 34259
4524 7126
4525 32962
4526 33985
4527 22119
4528 34136
4529 34197
4530 34217
4531 29697
4532 27767
4533 49628
4534 35007
4535 23381
4536 33698
4537 33829
4538 34275
4539 22882
4540 26352
4541 31045
4542 38319
4543 25794
4544 33520
4545 34690
4546 34033
4547 34415
4548 34427
4549 34468
4550 11445
4551 34490
4552 34133
4553 29316
4554 34515
4555 34544
4556 34548
4557 33625
4558 34576
4559 32882
4560 23122
4561 34596
4562 26007
4563 5239
4564 26222
4565 37191
4566 65919
4567 34674
4568 20349
4569 32938
4570 20418
4571 34755
4572 34740
4573 25511
4574 33128
4575 34866
4576 35986
4577 34884
4578 34714
4579 27637
4580 34859
4581 30516
4582 34942
4583 34960
4584 24060
4585 13904
4586 25122
4587 36212
4588 33563
4589 35229
4590 35261
4591 34050
4592 35959
4593 5556
4594 36177
4595 35936
4596 36079
4597 4672
4598 19860
4599 36302
4600 36752
4601 36526
4602 32866
4603 35673
4604 36469
4605 29341
4606 36154
4607 36868
4608 51557
4609 32741
4610 5993
4611 40899
4612 37087
4613 37104
4614 37150
4615 37214
4616 35613
4617 85349
4618 37231
4619 9485
4620 37338
4621 37661
4622 16326
4623 32470
4624 35324
4625 37709
4626 31107
4627 35810
4628 26342
4629 37818
4630 37857
4631 38623
4632 37996
4633 37808
4634 19113
4635 36883
4636 82816
4637 37385
4638 36735
4639 38316
4640 38330
4641 38337
4642 38393
4643 37394
4644 38525
4645 38532
4646 68564
4647 2502
4648 13326
4649 69037
4650 34984
4651 38631
4652 38686
4653 38979
4654 38798
4655 38724
4656 38448
4657 38637
4658 15891
4659 38889
4660 38893
4661 38468
4662 33895
4663 34063
4664 39026
4665 18117
4666 38058
4667 142423
4668 39227
4669 39284
4670 41613
4671 32972
4672 39348
4673 23064
4674 13251
4675 43172
4676 39404
4677 39110
4678 5984
4679 39425
4680 39229
4681 39470
4682 27909
4683 31026
4684 21399
4685 45976
4686 39331
4687 39552
4688 39666
4689 80985
4690 36759
4691 39487
4692 27034
4693 39717
4694 39744
4695 38418
4696 39829
4697 39916
4698 38744
4699 40174
4700 40198
4701 40133
4702 35733
4703 30641
4704 43406
4705 39167
4706 37555
4707 21402
4708 40368
4709 40382
4710 17508
4711 7341
4712 8751
4713 10850
4714 38749
4715 40504
4716 29887
4717 40715
4718 40744
4719 40779
4720 30158
4721 80483
4722 41081
4723 9091
4724 1058
4725 41166
4726 39380
4727 40352
4728 36145
4729 41110
4730 22157
4731 75288
4732 38200
4733 41274
4734 34483
4735 41368
4736 40821
4737 41438
4738 37238
4739 41567
4740 41571
4741 41635
4742 38104
4743 33042
4744 38052
4745 42658
4746 11930
4747 41870
4748 41946
4749 9147
4750 34513
4751 41312
4752 7360
4753 42087
4754 24119
4755 101029
4756 42193
4757 31308
4758 42210
4759 3461
4760 42307
4761 41807
4762 34461
4763 9840
4764 42387
4765 7482
4766 39654
4767 42411
4768 41219
4769 42473
4770 17883
4771 48831
4772 36690
4773 21124
4774 27205
4775 13767
4776 37899
4777 33199
4778 68822
4779 41303
4780 36961
4781 43006
4782 14555
4783 43014
4784 43383
4785 29491
4786 36707
4787 37327
4788 43192
4789 21193
4790 32325
4791 5678
4792 39086
4793 37354
4794 43354
4795 15825
4796 38654
4797 36922
4798 18785
4799 43455
4800 39332
4801 43919
4802 36688
4803 11976
4804 41853
4805 39754
4806 43553
4807 43555
4808 43643
4809 43107
4810 43771
4811 20516
4812 8084
4813 25642
4814 42461
4815 44073
4816 44293
4817 33900
4818 17506
4819 11236
4820 36672
4821 42059
4822 39747
4823 39261
4824 32723
4825 48356
4826 43681
4827 44678
4828 44817
4829 40919
4830 35626
4831 41654
4832 44821
4833 44912
4834 16785
4835 45125
4836 11723
4837 43198
4838 45067
4839 40458
4840 51479
4841 23829
4842 44949
4843 33647
4844 45250
4845 44953
4846 15551
4847 35615
4848 40439
4849 45454
4850 89334
4851 44860
4852 45510
4853 2937
4854 48029
4855 29566
4856 45704
4857 45731
4858 45669
4859 42369
4860 30115
4861 45929
4862 45951
4863 43263
4864 45998
4865 42015
4866 35683
4867 6781
4868 46184
4869 44464
4870 12281
4871 3118
4872 46254
4873 5181
4874 46424
4875 46454
4876 8193
4877 46519
4878 92120
4879 41305
4880 43326
4881 46744
4882 17653
4883 40078
4884 42355
4885 39936
4886 11051
4887 31339
4888 18810
4889 72328
4890 47269
4891 47279
4892 47294
4893 35648
4894 47312
4895 4789
4896 38190
4897 58051
4898 47467
4899 41123
4900 54403
4901 74539
4902 47447
4903 47725
4904 33377
4905 12830
4906 39815
4907 88173
4908 39004
4909 47964
4910 10518
4911 50157
4912 45392
4913 46913
4914 27974
4915 49491
4916 16040
4917 48142
4918 10443
4919 48157
4920 44220
4921 28161
4922 48273
4923 48296
4924 48378
4925 57297
4926 19603
4927 48531
4928 27188
4929 38407
4930 82179
4931 48481
4932 34464
4933 48688
4934 45729
4935 42207
4936 39270
4937 40780
4938 48880
4939 43459
4940 48554
4941 42140
4942 48365
4943 46855
4944 25104
4945 48342
4946 49035
4947 36799
4948 43054
4949 438
4950 14527
4951 45210
4952 47462
4953 49234
4954 24916
4955 43941
4956 22880
4957 49268
4958 49270
4959 31429
4960 49370
4961 49406
4962 49409
4963 49208
4964 49438
4965 49530
4966 44191
4967 49520
4968 43559
4969 118083
4970 5100
4971 49605
4972 37302
4973 49716
4974 48144
4975 31310
4976 39129
4977 31883
4978 46690
4979 49915
4980 47897
4981 51492
4982 49919
4983 29444
4984 48111
4985 88739
4986 35419
4987 50154
4988 27828
4989 14972
4990 50307
4991 5107
4992 26319
4993 125703
4994 50407
4995 29850
4996 50473
4997 23444
4998 97692
4999 50615
5000 38966
5001 50693
5002 43951
5003 33573
5004 30352
5005 49117
5006 51031
5007 48544
5008 34435
5009 51099
5010 50721
5011 82006
5012 40707
5013 35593
5014 39421
5015 51164
5016 33646
5017 51244
5018 29548
5019 46214
5020 48084
5021 48334
5022 51325
5023 40883
5024 51424
5025 51401
5026 27456
5027 36441
5028 103200
5029 51659
5030 11124
5031 51663
5032 52796
5033 52782
5034 7092
5035 45002
5036 23907
5037 34640
5038 48839
5039 27976
5040 53170
5041 53197
5042 54454
5043 50068
5044 22339
5045 56179
5046 51107
5047 55893
5048 37059
5049 38416
5050 52824
5051 54455
5052 54470
5053 41541
5054 54487
5055 54551
5056 54695
5057 54731
5058 58996
5059 55865
5060 50650
5061 18950
5062 53100
5063 55956
5064 56050
5065 56018
5066 55915
5067 36931
5068 56187
5069 56670
5070 81224
5071 102323
5072 37893
5073 38523
5074 47547
5075 16082
5076 56563
5077 56505
5078 46987
5079 459
5080 50562
5081 51073
5082 24483
5083 36477
5084 57010
5085 40983
5086 34180
5087 21369
5088 19325
5089 57097
5090 57119
5091 97836
5092 113174
5093 54339
5094 56059
5095 57286
5096 57241
5097 57252
5098 56995
5099 57344
5100 49983
5101 57464
5102 64594
5103 57474
5104 91764
5105 57348
5106 56594
5107 58171
5108 57582
5109 37998
5110 57278
5111 57697
5112 48797
5113 41139
5114 57926
5115 57804
5116 57842
5117 49003
5118 78061
5119 54631
5120 54369
5121 18286
5122 49056
5123 58028
5124 58057
5125 51484
5126 58328
5127 10846
5128 54239
5129 41060
5130 26349
5131 58235
5132 4613
5133 56727
5134 41650
5135 38835
5136 47973
5137 58340
5138 100497
5139 45947
5140 58457
5141 36060
5142 44691
5143 58018
5144 63926
5145 58628
5146 58706
5147 58777
5148 58835
5149 41032
5150 45570
5151 64175
5152 59010
5153 59107
5154 60991
5155 48866
5156 36886
5157 113506
5158 29319
5159 59176
5160 35529
5161 59227
5162 18261
5163 48503
5164 8457
5165 56827
5166 34919
5167 41364
5168 38136
5169 50901
5170 60426
5171 60515
5172 50551
5173 50746
5174 60548
5175 25311
5176 36934
5177 31952
5178 58233
5179 26538
5180 60638
5181 48499
5182 21690
5183 40323
5184 59377
5185 46104
5186 46464
5187 16507
5188 46903
5189 61043
5190 6634
5191 51596
5192 61101
5193 56913
5194 61136
5195 57398
5196 58618
5197 61355
5198 40950
5199 61328
5200 61910
5201 60708
5202 61494
5203 61520
5204 60642
5205 61549
5206 46747
5207 38852
5208 61857
5209 31194
5210 61662
5211 52860
5212 43737
5213 58888
5214 61795
5215 61820
5216 61852
5217 61853
5218 83700
5219 38477
5220 135269
5221 61965
5222 58718
5223 62130
5224 33286
5225 62113
5226 49822
5227 62153
5228 61939
5229 61887
5230 58096
5231 62334
5232 57405
5233 46975
5234 62367
5235 104817
5236 62398
5237 62405
5238 24993
5239 6797
5240 62399
5241 14688
5242 62438
5243 26470
5244 62575
5245 59303
5246 43445
5247 8297
5248 140072
5249 140613
5250 62782
5251 56531
5252 62805
5253 63877
5254 78112
5255 63938
5256 48859
5257 63959
5258 54245
5259 61372
5260 38331
5261 59151
5262 23007
5263 64226
5264 64224
5265 64231
5266 36554
5267 62709
5268 57448
5269 64354
5270 56259
5271 53127
5272 62800
5273 69387
5274 12674
5275 64701
5276 66404
5277 37822
5278 22389
5279 42768
5280 889
5281 31371
5282 109573
5283 65801
5284 65915
5285 66052
5286 42326
5287 41487
5288 38862
5289 32592
5290 66597
5291 65864
5292 66266
5293 43701
5294 41142
5295 36826
5296 36502
5297 66543
5298 62471
5299 66544
5300 43108
5301 66622
5302 32591
5303 41075
5304 66847
5305 40847
5306 65937
5307 40835
5308 59248
5309 26591
5310 17020
5311 97849
5312 66443
5313 31134
5314 10304
5315 55866
5316 67115
5317 60986
5318 66536
5319 67144
5320 61426
5321 68204
5322 30366
5323 66607
5324 63939
5325 19369
5326 68356
5327 52936
5328 68382
5329 21917
5330 58952
5331 66275
5332 17773
5333 68515
5334 27742
5335 56553
5336 51323
5337 112889
5338 37103
5339 37875
5340 10110
5341 68866
5342 38711
5343 96921
5344 57088
5345 68953
5346 68962
5347 68305
5348 68971
5349 35734
5350 15002
5351 54780
5352 35714
5353 34444
5354 69245
5355 52954
5356 46591
5357 44651
5358 69443
5359 69463
5360 44768
5361 65800
5362 69525
5363 69586
5364 61737
5365 115088
5366 69320
5367 62434
5368 73755
5369 69757
5370 68722
5371 69763
5372 50874
5373 17644
5374 33018
5375 56462
5376 60732
5377 69444
5378 69194
5379 43423
5380 69999
5381 60810
5382 70079
5383 71040
5384 73430
5385 4497
5386 25229
5387 50614
5388 30726
5389 62562
5390 58604
5391 30755
5392 56465
5393 56379
5394 70463
5395 33135
5396 62629
5397 101577
5398 39762
5399 70521
5400 34256
5401 70355
5402 32216
5403 70647
5404 70684
5405 70345
5406 46510
5407 42864
5408 4854
5409 20507
5410 61785
5411 71045
5412 63927
5413 17086
5414 59322
5415 71074
5416 57472
5417 36625
5418 71225
5419 64534
5420 72317
5421 69091
5422 73383
5423 73388
5424 51716
5425 70739
5426 40460
5427 39142
5428 57784
5429 21014
5430 30252
5431 73885
5432 73956
5433 29437
5434 36282
5435 72288
5436 74169
5437 74168
5438 74161
5439 34575
5440 74249
5441 74281
5442 74359
5443 14436
5444 69196
5445 35652
5446 74413
5447 74548
5448 10466
5449 38620
5450 56617
5451 74601
5452 74606
5453 74634
5454 63984
5455 74762
5456 74763
5457 62680
5458 47167
5459 62135
5460 74676
5461 67151
5462 75081
5463 4519
5464 75066
5465 19186
5466 69613
5467 75293
5468 75381
5469 70190
5470 50081
5471 70005
5472 31356
5473 49537
5474 69977
5475 75707
5476 75756
5477 40862
5478 76042
5479 65818
5480 49247
5481 50388
5482 75773
5483 75749
5484 76240
5485 75970
5486 76265
5487 38867
5488 69275
5489 76462
5490 58541
5491 125578
5492 76593
5493 76601
5494 4780
5495 17087
5496 36579
5497 49556
5498 70809
5499 19018
5500 28209
5501 77921
5502 78204
5503 100670
5504 50754
5505 99044
5506 40263
5507 61682
5508 78216
5509 94585
5510 73502
5511 42047
5512 84385
5513 94600
5514 41644
5515 73529
5516 78446
5517 78474
5518 76572
5519 78621
5520 76665
5521 16739
5522 41970
5523 75682
5524 43138
5525 43418
5526 75422
5527 68708
5528 78773
5529 4366
5530 78831
5531 57635
5532 78726
5533 42006
5534 43324
5535 70060
5536 52914
5537 104342
5538 71137
5539 98306
5540 54788
5541 86131
5542 75343
5543 27066
5544 50818
5545 32261
5546 36414
5547 41187
5548 80363
5549 80377
5550 78434
5551 41626
5552 72302
5553 15782
5554 80668
5555 21291
5556 78588
5557 79949
5558 32178
5559 68448
5560 35702
5561 80774
5562 69681
5563 25011
5564 70461
5565 73972
5566 78849
5567 75470
5568 41593
5569 61630
5570 40432
5571 51685
5572 36871
5573 53180
5574 127183
5575 50145
5576 39713
5577 18606
5578 41827
5579 104294
5580 81101
5581 50796
5582 31724
5583 81052
5584 36563
5585 29241
5586 44812
5587 46856
5588 81462
5589 82821
5590 38866
5591 81488
5592 51478
5593 81776
5594 47482
5595 54797
5596 35687
5597 81841
5598 42690
5599 42302
5600 126292
5601 74600
5602 82056
5603 82084
5604 69558
5605 82102
5606 51203
5607 80965
5608 42676
5609 82270
5610 57712
5611 58682
5612 80247
5613 82739
5614 82370
5615 51176
5616 78554
5617 81309
5618 82497
5619 58688
5620 103270
5621 23754
5622 82637
5623 81332
5624 52811
5625 35330
5626 82229
5627 82928
5628 81587
5629 83038
5630 82840
5631 83189
5632 20764
5633 83320
5634 74026
5635 48865
5636 50847
5637 83579
5638 83598
5639 57888
5640 49398
5641 78180
5642 45057
5643 30147
5644 35394
5645 22810
5646 84000
5647 87712
5648 40723
5649 84240
5650 84500
5651 85036
5652 42571
5653 83838
5654 83581
5655 51668
5656 74799
5657 84431
5658 58847
5659 74578
5660 84475
5661 18526
5662 40640
5663 70964
5664 84572
5665 61723
5666 84759
5667 83382
5668 84847
5669 72273
5670 81143
5671 84144
5672 73530
5673 35360
5674 80891
5675 85322
5676 85372
5677 85355
5678 84120
5679 85395
5680 79942
5681 2597
5682 74330
5683 52834
5684 85560
5685 101109
5686 85616
5687 81633
5688 38145
5689 85592
5690 85776
5691 37432
5692 85783
5693 88856
5694 13015
5695 44291
5696 70015
5697 85818
5698 70464
5699 84499
5700 86033
5701 85988
5702 86066
5703 31814
5704 83134
5705 56191
5706 97337
5707 86235
5708 86270
5709 57519
5710 70313
5711 40086
5712 61960
5713 66044
5714 51389
5715 68910
5716 6322
5717 4648
5718 64153
5719 60519
5720 84846
5721 65878
5722 87669
5723 87680
5724 87779
5725 83681
5726 87844
5727 84950
5728 98314
5729 84114
5730 19929
5731 36586
5732 129086
5733 88227
5734 75153
5735 82886
5736 36372
5737 88427
5738 83742
5739 70853
5740 26266
5741 82774
5742 89259
5743 41301
5744 39685
5745 21337
5746 62673
5747 62519
5748 88614
5749 43441
5750 89192
5751 48687
5752 89233
5753 89127
5754 7183
5755 71011
5756 66236
5757 7646
5758 33717
5759 108637
5760 89375
5761 70615
5762 53175
5763 89592
5764 76709
5765 89661
5766 90412
5767 89005
5768 89997
5769 4306
5770 90075
5771 47391
5772 90316
5773 95241
5774 47810
5775 51450
5776 74051
5777 27831
5778 90443
5779 39475
5780 12128
5781 58456
5782 90487
5783 38374
5784 64462
5785 15602
5786 90657
5787 805
5788 90645
5789 85435
5790 31676
5791 90904
5792 90928
5793 90978
5794 85489
5795 91074
5796 145612
5797 50073
5798 88524
5799 91471
5800 81684
5801 91441
5802 91482
5803 91491
5804 84272
5805 91596
5806 85652
5807 91656
5808 66833
5809 90217
5810 89425
5811 78539
5812 138543
5813 86065
5814 92007
5815 76102
5816 91935
5817 89704
5818 42606
5819 21326
5820 93866
5821 56791
5822 66131
5823 88073
5824 18761
5825 91419
5826 93850
5827 93858
5828 91582
5829 93870
5830 85906
5831 94157
5832 98093
5833 64449
5834 86412
5835 90626
5836 54448
5837 89956
5838 95131
5839 94212
5840 112398
5841 94375
5842 94407
5843 37612
5844 93694
5845 28033
5846 83073
5847 88815
5848 94086
5849 94933
5850 56878
5851 109444
5852 6263
5853 69521
5854 6363
5855 95204
5856 20282
5857 917
5858 92217
5859 95296
5860 75934
5861 30172
5862 96890
5863 82938
5864 86088
5865 97124
5866 35158
5867 8217
5868 97277
5869 97316
5870 110252
5871 57191
5872 97463
5873 97469
5874 35453
5875 97605
5876 70315
5877 94393
5878 84558
5879 89429
5880 56571
5881 54552
5882 39304
5883 98070
5884 91255
5885 88592
5886 41902
5887 98394
5888 25563
5889 58307
5890 100302
5891 16356
5892 48616
5893 94232
5894 97687
5895 39062
5896 98900
5897 98868
5898 40570
5899 94188
5900 88840
5901 24453
5902 99153
5903 98365
5904 99391
5905 99417
5906 47336
5907 99127
5908 83921
5909 90655
5910 99622
5911 99663
5912 99666
5913 36085
5914 99680
5915 58103
5916 42137
5917 83481
5918 58271
5919 82510
5920 100164
5921 69446
5922 68215
5923 47136
5924 10481
5925 90299
5926 85722
5927 38823
5928 59219
5929 100564
5930 99234
5931 100713
5932 95470
5933 95823
5934 100749
5935 100807
5936 91903
5937 89934
5938 100908
5939 100979
5940 88670
5941 21252
5942 101121
5943 80191
5944 47722
5945 100552
5946 26705
5947 22512
5948 80296
5949 41619
5950 52918
5951 76299
5952 45956
5953 47453
5954 106277
5955 51223
5956 27404
5957 83143
5958 64676
5959 84804
5960 78672
5961 100486
5962 104685
5963 94200
5964 85500
5965 43639
5966 41094
5967 101778
5968 102157
5969 97265
5970 102343
5971 91504
5972 102529
5973 83815
5974 102641
5975 70146
5976 74951
5977 97275
5978 14349
5979 102742
5980 102300
5981 57114
5982 103227
5983 51189
5984 103319
5985 103287
5986 95654
5987 102997
5988 103443
5989 85967
5990 103524
5991 59158
5992 88968
5993 12233
5994 98590
5995 85239
5996 68468
5997 80399
5998 12055
5999 103758
6000 83274
6001 75338
6002 103831
6003 39120
6004 74668
6005 105668
6006 14807
6007 104222
6008 16615
6009 104252
6010 103598
6011 104316
6012 42416
6013 18702
6014 60695
6015 99088
6016 104715
6017 104725
6018 104754
6019 45027
6020 104858
6021 104758
6022 88300
6023 46551
6024 40588
6025 42851
6026 84312
6027 104880
6028 94363
6029 105209
6030 105214
6031 75070
6032 37266
6033 76355
6034 61438
6035 41669
6036 95282
6037 90906
6038 105816
6039 75248
6040 105159
6041 104213
6042 95413
6043 88496
6044 106072
6045 104633
6046 51336
6047 106171
6048 106191
6049 99414
6050 50356
6051 76332
6052 44319
6053 46108
6054 106239
6055 106556
6056 106554
6057 83841
6058 78645
6059 106658
6060 106751
6061 106758
6062 106765
6063 106779
6064 106788
6065 94022
6066 76148
6067 104679
6068 68222
6069 104010
6070 19272
6071 47189
6072 64010
6073 108263
6074 108308
6075 104791
6076 102926
6077 130058
6078 108548
6079 25437
6080 112626
6081 40804
6082 103683
6083 70594
6084 46859
6085 20796
6086 7559
6087 84320
6088 32042
6089 91023
6090 120363
6091 75420
6092 106087
6093 103376
6094 83772
6095 109450
6096 109717
6097 109563
6098 109419
6099 99732
6100 90511
6101 109820
6102 110046
6103 110733
6104 58242
6105 102228
6106 40832
6107 78795
6108 101078
6109 60618
6110 83928
6111 112993
6112 99224
6113 89166
6114 105095
6115 110515
6116 100615
6117 110332
6118 53155
6119 103312
6120 93613
6121 12565
6122 5792
6123 62246
6124 40563
6125 110856
6126 93538
6127 19230
6128 106634
6129 96891
6130 89654
6131 91227
6132 38068
6133 56980
6134 111134
6135 111215
6136 116360
6137 109592
6138 112406
6139 39422
6140 69190
6141 33820
6142 111500
6143 111635
6144 62635
6145 85913
6146 111697
6147 113409
6148 57425
6149 87910
6150 103678
6151 60706
6152 100607
6153 92164
6154 91976
6155 97414
6156 6427
6157 104432
6158 68336
6159 110732
6160 17599
6161 57155
6162 88319
6163 111959
6164 112012
6165 112053
6166 112113
6167 112238
6168 95718
6169 23236
6170 108431
6171 33041
6172 61129
6173 112538
6174 43000
6175 38838
6176 39955
6177 83085
6178 29228
6179 51505
6180 113152
6181 76104
6182 89514
6183 112641
6184 113018
6185 81645
6186 85550
6187 56062
6188 35486
6189 58187
6190 113382
6191 85392
6192 108631
6193 91196
6194 74739
6195 110748
6196 41145
6197 109932
6198 101929
6199 112385
6200 61949
6201 38626
6202 89757
6203 7581
6204 37757
6205 96862
6206 33089
6207 114165
6208 106551
6209 114143
6210 114278
6211 18879
6212 114298
6213 110479
6214 15046
6215 114351
6216 114489
6217 82067
6218 106512
6219 35660
6220 99045
6221 114589
6222 111831
6223 70148
6224 69642
6225 111429
6226 114652
6227 88058
6228 114758
6229 74372
6230 114946
6231 108884
6232 105651
6233 33047
6234 21985
6235 39105
6236 30484
6237 74664
6238 70629
6239 47264
6240 43804
6241 116092
6242 104682
6243 58125
6244 111338
6245 128702
6246 144495
6247 108274
6248 113054
6249 115244
6250 99132
6251 116435
6252 2126
6253 82839
6254 94968
6255 116667
6256 75670
6257 99280
6258 124144
6259 116776
6260 103722
6261 43499
6262 88033
6263 120265
6264 128723
6265 54401
6266 66133
6267 68462
6268 117273
6269 105957
6270 117452
6271 110123
6272 102946
6273 111456
6274 117681
6275 117699
6276 94970
6277 117774
6278 117964
6279 115951
6280 109761
6281 84923
6282 116289
6283 14756
6284 111007
6285 74819
6286 118130
6287 56217
6288 90430
6289 118310
6290 118337
6291 50339
6292 113001
6293 117732
6294 47658
6295 118398
6296 118468
6297 58001
6298 118526
6299 101139
6300 37821
6301 91635
6302 100155
6303 108867
6304 118831
6305 118986
6306 85406
6307 118946
6308 113763
6309 19072
6310 31472
6311 101861
6312 29836
6313 119114
6314 37545
6315 14644
6316 117456
6317 22599
6318 119216
6319 145820
6320 24757
6321 35609
6322 36146
6323 119673
6324 101335
6325 119858
6326 32355
6327 119901
6328 109769
6329 115363
6330 120600
6331 120298
6332 121003
6333 20062
6334 120767
6335 22930
6336 88855
6337 120797
6338 120841
6339 120972
6340 121081
6341 121069
6342 120035
6343 115052
6344 121404
6345 37580
6346 104669
6347 61629
6348 6223
6349 91089
6350 76274
6351 95347
6352 93602
6353 121731
6354 116794
6355 121820
6356 116991
6357 51771
6358 119834
6359 74918
6360 56328
6361 122297
6362 122309
6363 122335
6364 122316
6365 119875
6366 82843
6367 75890
6368 25121
6369 122755
6370 93709
6371 73577
6372 122887
6373 86432
6374 115637
6375 69292
6376 110389
6377 121660
6378 122188
6379 89451
6380 36683
6381 123210
6382 123220
6383 123459
6384 98312
6385 120578
6386 97402
6387 122473
6388 123634
6389 114152
6390 47820
6391 84390
6392 120939
6393 64073
6394 123650
6395 69159
6396 118366
6397 124387
6398 103866
6399 124426
6400 24676
6401 116483
6402 124586
6403 122104
6404 50311
6405 16302
6406 113061
6407 124732
6408 108862
6409 124775
6410 56461
6411 102104
6412 124934
6413 45581
6414 84700
6415 124565
6416 88851
6417 125121
6418 69603
6419 125359
6420 56362
6421 48526
6422 39536
6423 124654
6424 91245
6425 108630
6426 125790
6427 73701
6428 125883
6429 115211
6430 122662
6431 124949
6432 122945
6433 111700
6434 41499
6435 48208
6436 126268
6437 119444
6438 105092
6439 81055
6440 88385
6441 126333
6442 126354
6443 126017
6444 126373
6445 126377
6446 54656
6447 4274
6448 99750
6449 125498
6450 126770
6451 126815
6452 126827
6453 112382
6454 118682
6455 113828
6456 127002
6457 125941
6458 127871
6459 119968
6460 127309
6461 126532
6462 127387
6463 126279
6464 35872
6465 127668
6466 126543
6467 51480
6468 127334
6469 127612
6470 74448
6471 110368
6472 127902
6473 98438
6474 108503
6475 127990
6476 43097
6477 110301
6478 119240
6479 94832
6480 121307
6481 128235
6482 57030
6483 70848
6484 39174
6485 73942
6486 128347
6487 128477
6488 117088
6489 110229
6490 86006
6491 128535
6492 117370
6493 89515
6494 128759
6495 61337
6496 88142
6497 128868
6498 108278
6499 128408
6500 119286
6501 128762
6502 38698
6503 129125
6504 129380
6505 21848
6506 122383
6507 125584
6508 53059
6509 106377
6510 129564
6511 7872
6512 129803
6513 129678
6514 110236
6515 129768
6516 45118
6517 45707
6518 129859
6519 106114
6520 129868
6521 45660
6522 73667
6523 111164
6524 76412
6525 114263
6526 120414
6527 118440
6528 42912
6529 126581
6530 58082
6531 130047
6532 94774
6533 130130
6534 130192
6535 130124
6536 14967
6537 66623
6538 125275
6539 128140
6540 129192
6541 95043
6542 86014
6543 130757
6544 111304
6545 130944
6546 90958
6547 124771
6548 113369
6549 131560
6550 117073
6551 127616
6552 105652
6553 106273
6554 131711
6555 97247
6556 130811
6557 23648
6558 131962
6559 113756
6560 132086
6561 132069
6562 52982
6563 130882
6564 55916
6565 71028
6566 132407
6567 133579
6568 42636
6569 92483
6570 66777
6571 104330
6572 91061
6573 133871
6574 133974
6575 132399
6576 69010
6577 40173
6578 134054
6579 116705
6580 126691
6581 60398
6582 129428
6583 35868
6584 134242
6585 30721
6586 132446
6587 63864
6588 70686
6589 119793
6590 134600
6591 134766
6592 88932
6593 134799
6594 134803
6595 122275
6596 48047
6597 124004
6598 94076
6599 122319
6600 112284
6601 100976
6602 110522
6603 105661
6604 129074
6605 111917
6606 119731
6607 135580
6608 81773
6609 103291
6610 114668
6611 35306
6612 56188
6613 81999
6614 131781
6615 136161
6616 133811
6617 131855
6618 135215
6619 104774
6620 104513
6621 123309
6622 136313
6623 136356
6624 33121
6625 102684
6626 136567
6627 136562
6628 136683
6629 120369
6630 103423
6631 134910
6632 26862
6633 99042
6634 91098
6635 44463
6636 121558
6637 137210
6638 136932
6639 137323
6640 130062
6641 127803
6642 40694
6643 50244
6644 128502
6645 137875
6646 137782
6647 102428
6648 137147
6649 15860
6650 136371
6651 94398
6652 138483
6653 106253
6654 124549
6655 130741
6656 98863
6657 60487
6658 127053
6659 140169
6660 90940
6661 140292
6662 115872
6663 110166
6664 140385
6665 6671
6666 138729
6667 140496
6668 105980
6669 140871
6670 103418
6671 140919
6672 140920
6673 41873
6674 140960
6675 141013
6676 91357
6677 101775
6678 118469
6679 141238
6680 132451
6681 140013
6682 40145
6683 138060
6684 127776
6685 134512
6686 124242
6687 90295
6688 142190
6689 112954
6690 141691
6691 118765
6692 38253
6693 89084
6694 85136
6695 84063
6696 142946
6697 55948
6698 45553
6699 84768
6700 142953
6701 86526
6702 80665
6703 94293
6704 143222
6705 121643
6706 138629
6707 137320
6708 140821
6709 134361
6710 37286
6711 143420
6712 142929
6713 57432
6714 135040
6715 14988
6716 71090
6717 143349
6718 125260
6719 144501
6720 144531
6721 29736
6722 144602
6723 144606
6724 144890
6725 43439
6726 145307
6727 142150
6728 117762
6729 142414
6730 134555
6731 146235
6732 48826
6733 36385
6734 145983
6735 75761
6736 134721
6737 145778
6738 118180
6739 146596
6740 142151
6741 134299
6742 147392
6743 141766
6744 101817
6745 136553
6746 142913
6747 128914
6748 147778
6749 51063
6750 147956
6751 147976
6752 78655
6753 147129
6754 145919
6755 147728
6756 128281
6757 88057
6758 112378
6759 98139
6760 148402
6761 148161
6762 148528
6763 47135
6764 148559
6765 147073
6766 144262
6767 129831
6768 148857
6769 134186
6770 137269
6771 148946
6772 146495
6773 148793
6774 149003
6775 105103
6776 149197
6777 149221
