4 19
10 6
13 264
19 18
21 4
22 88
33 7
46 41
48 8
49 4
51 4
55 4
61 13
98 29
117 5
122 8
165 81
166 46
196 4
198 6
217 77
226 4
230 8
233 7
238 4
239 8
249 107
250 22
255 44
258 22
259 8
262 15
264 4
286 14
327 15
342 11
344 22
365 12
404 14
412 12
414 22
425 14
428 4
432 12
593 11
990 8
1059 7
1074 5
1085 4
1107 13
1108 4
1117 15
1118 11
1158 12
1160 4
1193 6
1234 4
1236 5
1241 7
1243 6
1272 4
1279 8
1294 6
1295 4
1312 7
1324 12
1346 5
1347 4
1350 8
1362 4
1368 16
1383 6
1388 6
1397 10
1403 9
1407 5
1427 4
1433 11
1459 17
1469 38
1470 4
1473 4
1505 6
1541 7
1548 8
1576 4
1602 10
1604 13
1608 6
1621 5
1627 13
1640 7
1643 5
1652 10
1700 7
1701 5
1716 6
1722 24
1725 5
1728 6
1729 9
1739 8
1746 4
1747 8
1754 7
1762 6
1764 16
1765 21
1769 5
1770 8
1772 8
1773 117
1785 12
1786 13
1797 4
1798 5
1811 7
1815 7
1822 17
1824 7
1842 6
1858 18
1910 6
1912 8
1943 6
1944 4
1955 27
1965 15
1966 20
1968 12
1973 17
1974 11
1987 6
1988 7
1989 5
1998 5
2008 12
2010 5
2014 15
2017 13
2021 7
2029 5
2030 8
2033 10
2035 8
2050 5
2056 11
2075 102
2076 12
2114 9
2115 7
2121 4
2134 11
2157 4
2162 4
2176 5
2181 8
2201 39
2212 14
2215 4
2217 14
2281 17
2301 17
2315 27
2319 5
2333 8
2334 6
2340 5
2378 7
2380 4
2410 15
2420 9
2421 6
2433 26
2440 5
2441 8
2444 30
2458 14
2467 24
2491 18
2495 6
2502 7
2503 15
2523 4
2529 18
2539 13
2541 4
2570 8
2576 4
2577 5
2580 6
2582 21
2604 26
2606 5
2632 11
2651 11
2652 9
2656 8
2671 7
2725 5
2727 4
2746 24
2788 8
2848 8
2849 4
2875 15
2876 4
2886 6
2908 6
2909 8
2921 27
2934 5
2940 18
2953 4
2965 4
2970 11
2976 9
2988 121
2994 5
3000 36
3008 28
3011 4
3239 4
3242 8
3264 13
3267 6
3272 6
3275 9
3280 8
3285 6
3301 17
3303 31
3304 13
3309 14
3325 41
3336 10
3341 4
3365 14
3371 8
3372 15
3397 8
3404 12
3408 12
3417 4
3421 7
3435 9
3482 7
3483 5
3500 8
3523 40
3534 5
3535 8
3538 17
3539 15
3542 17
3545 23
3546 23
3556 6
3559 5
3580 11
3586 10
3600 11
3625 4
3628 7
3637 5
3663 8
3689 4
3720 29
3740 5
3741 17
3744 4
3755 14
3776 17
3794 4
3796 5
3817 9
3833 4
3834 4
3845 5
3848 7
3861 6
3871 10
3884 9
3885 5
3887 11
3980 5
3993 34
4002 6
4004 18
4005 12
4047 5
4056 16
4111 8
4114 6
4115 6
4119 7
4147 5
4188 36
4207 15
4225 9
4232 10
4233 6
4238 4
4244 9
4264 10
4265 5
4292 5
4293 5
4298 5
4314 5
4360 4
4371 5
4437 18
4547 17
4552 8
4555 6
4556 19
4572 4
4584 4
4624 10
4625 22
4663 4
4674 4
4677 6
4683 4
4684 4
4741 20
4744 4
4750 6
4767 5
4768 12
4815 5
4817 5
4819 5
4822 5
4836 6
4845 6
4874 5
4879 10
4905 5
4931 11
4948 10
4950 4
4957 9
4958 7
4960 5
4964 12
4967 7
4973 6
4974 17
4976 4
4977 12
4978 7
5002 12
5010 4
5027 4
5046 10
5049 5
5050 5
5051 18
5052 43
5065 8
5086 10
5087 7
5098 5
5104 5
5107 8
5156 6
5157 4
5162 17
5234 11
5267 8
5270 61
5274 9
5278 4
5291 5
5297 7
5302 6
5342 5
5343 5
5383 7
5385 8
5391 10
5392 9
5393 12
5426 6
5458 7
5459 7
5567 30
5569 13
5575 11
5580 11
5629 6
5630 5
5641 105
5676 5
5726 4
5761 9
5769 11
5774 9
5780 4
5804 5
5831 5
5860 5
5888 40
5958 6
5963 4
5975 4
6010 31
6035 15
6036 11
6044 13
6045 9
6049 4
6052 4
6056 5
6065 5
6070 4
6077 4
6089 6
6090 4
6119 6
6121 12
6181 4
6202 16
6204 4
6209 5
6210 4
6215 39
6234 14
6259 7
6269 23
6270 10
6303 11
6326 4
6328 5
6336 10
6354 4
6373 5
6374 20
6437 6
6438 18
6449 6
6455 4
6461 8
6470 13
6486 4
6504 8
6505 5
6517 17
6530 12
6539 6
6543 5
6545 8
6547 4
6559 9
6560 42
6576 8
6610 4
6678 5
6679 4
6820 8
6855 4
6856 55
6926 39
6963 5
6970 6
6982 41
7084 21
7100 29
7106 4
7138 8
7139 7
7153 20
7196 6
7201 7
7204 8
7211 20
7223 10
7259 15
7268 7
7292 6
7440 5
7445 6
7446 8
7454 19
7471 6
7486 4
7492 6
7493 5
7496 57
7587 6
7590 5
7601 4
7604 25
7607 4
7645 5
7666 6
7669 8
7676 7
7677 9
7687 8
7726 10
7727 5
7728 4
7732 21
7733 22
7742 6
7857 4
7862 7
7899 7
7913 4
7917 4
7919 8
7965 4
7998 9
8000 11
8002 7
8008 18
8035 10
8180 5
8224 5
8225 4
8239 5
8245 5
8271 4
8287 7
8305 10
8313 20
8355 5
8356 6
8453 5
8458 5
8463 4
8465 32
8467 6
8489 9
8577 8
8578 10
8697 7
8698 5
8701 4
8710 15
8713 4
8719 5
8761 27
8793 38
8816 4
8859 7
8902 9
8925 4
8926 9
8954 6
8970 5
8989 6
9004 20
9086 7
9087 5
9136 5
9166 5
9177 5
9190 13
9223 4
9231 11
9242 12
9256 5
9272 5
9277 5
9290 4
9293 10
9321 24
9328 71
9373 4
9395 7
9408 6
9413 5
9415 9
9423 4
9424 9
9451 12
9468 15
9472 14
9473 6
9481 22
9500 6
9501 5
9528 17
9551 18
9552 18
9554 26
9561 7
9576 4
9623 5
9625 8
9631 4
9684 6
9722 7
9745 11
9770 7
9787 25
9792 21
9831 12
9843 5
9878 4
9889 7
9906 40
9907 4
9934 8
9966 8
9978 4
9979 9
9980 9
9990 4
10024 4
10027 4
10034 4
10046 4
10064 4
10084 5
10096 4
10099 6
10101 8
10104 4
10126 5
10132 11
10146 7
10148 29
10183 4
10184 4
10213 4
10224 5
10228 5
10231 4
10246 6
10293 4
10367 9
10376 15
10383 9
10402 4
10449 6
10477 4
10648 10
10708 6
10713 6
10791 13
10796 4
10834 4
10904 5
10936 6
10947 17
10951 7
10982 5
10988 11
11148 19
11153 12
11169 8
11305 5
11320 4
11362 11
11379 4
11392 6
11397 4
11401 46
11404 20
11482 4
11535 22
11576 4
11648 16
11704 13
11762 15
11764 6
11779 4
11896 9
12022 10
12209 5
12257 9
12271 4
12272 7
12286 5
12307 19
12321 26
12328 12
12346 10
12348 7
12414 9
12504 6
12526 11
12539 22
12579 8
12609 26
12611 14
12612 6
12617 11
12654 4
12656 6
12669 8
12671 4
12751 5
12759 4
12767 8
12768 12
12784 5
12816 11
12821 4
12827 4
12843 4
12854 4
12858 9
12925 7
12927 13
12964 6
12966 11
12978 12
13006 10
13009 6
13046 4
13064 8
13209 8
13212 5
13215 5
13256 9
13280 5
13292 4
13336 25
13338 4
13339 7
13349 29
13376 7
13409 5
13418 6
13509 7
13522 7
13523 4
13526 8
13546 7
13564 11
13838 4
13853 6
13863 12
13864 8
13894 5
13995 10
14047 9
14106 6
14109 13
14166 10
14170 4
14182 21
14220 10
14221 9
14232 5
14250 15
14261 4
14264 9
14265 16
14381 5
14383 13
14419 6
14431 61
14491 4
14531 5
14532 19
14554 14
14577 9
14591 4
14596 10
14646 4
14650 6
14686 14
14700 13
14704 24
14728 8
14743 50
14767 94
14785 15
14821 6
14911 16
14914 13
14921 18
14930 4
14931 10
14943 5
14945 4
14951 6
14953 9
14960 8
14979 11
14982 4
15048 4
15051 36
15129 7
15130 10
15186 12
15355 8
15385 16
15393 6
15649 7
15702 26
15703 12
15704 4
15749 4
15758 8
15802 5
15803 4
15827 4
15898 7
15933 4
15950 5
15954 5
15960 4
15993 4
16024 6
16027 18
16160 5
16163 7
16182 8
16194 14
16237 7
16251 30
16317 22
16347 4
16348 5
16380 4
16527 5
16699 8
16731 5
16740 6
16851 4
16852 5
16863 5
16916 43
16927 8
17120 5
17130 20
17153 127
17197 4
17202 11
17211 13
17212 8
17225 26
17329 15
17345 11
17372 4
17383 4
17440 4
17560 4
17585 11
17592 5
17604 13
17614 4
17674 6
17746 6
17761 34
17762 9
17767 4
17772 8
17780 14
17791 10
17805 5
17807 4
17817 8
17872 4
17874 20
17951 4
18104 5
18105 6
18115 11
18117 18
18128 12
18137 21
18159 4
18173 13
18198 5
18238 27
18246 5
18247 4
18255 5
18270 4
18272 5
18323 4
18343 10
18399 4
18409 5
18426 5
18452 11
18470 17
18472 19
18512 5
18532 9
18602 32
18646 33
18821 8
18845 11
18863 4
18896 6
18897 7
18907 14
18918 11
18949 8
19001 16
19002 11
19059 4
19110 5
19123 5
19148 4
19149 6
19275 11
19290 13
19291 6
19318 4
19439 67
19441 4
19480 10
19505 4
19535 12
19559 4
19567 30
19664 7
19675 7
19678 5
19683 10
19714 21
19825 6
19829 14
19937 16
19995 68
20068 12
20074 4
20140 8
20141 5
20152 6
20228 10
20290 5
20303 11
20324 9
20391 6
20458 4
20465 21
20488 7
20505 14
20540 8
20638 5
20654 10
20663 78
20682 4
20693 7
20714 11
20760 4
20764 5
20793 29
20794 16
20838 6
20860 6
20978 5
21020 10
21021 17
21113 5
21146 6
21150 12
21158 9
21160 4
21173 4
21178 5
21200 7
21297 13
21299 9
21318 7
21355 4
21373 10
21393 6
21427 15
21451 13
21461 5
21477 17
21496 4
21544 5
21567 19
21568 5
21608 5
21646 7
21647 4
21713 5
21799 5
21801 4
21804 5
21805 12
21814 5
21912 6
21944 4
21973 4
21977 4
22064 5
22149 21
22224 10
22228 10
22283 4
22299 4
22375 6
22386 10
22591 4
22677 7
22720 18
22751 12
22885 16
22927 9
23000 4
23016 22
23017 4
23075 8
23211 4
23212 17
23233 14
23281 10
23358 14
23584 10
23585 6
23587 10
23608 50
23625 5
23626 11
23633 6
23645 4
23654 13
23656 5
23714 8
23839 9
23850 6
23879 12
23932 22
23940 7
23941 6
23942 9
23984 13
24120 10
24248 4
24250 16
24251 9
24254 8
24255 5
24276 4
24311 25
24413 13
24434 6
24438 18
24442 10
24529 10
24532 6
24538 17
24544 4
24565 6
24579 6
24618 7
24707 5
24757 12
24759 5
24799 4
24804 6
24844 6
24925 4
24927 7
24984 4
25013 4
25179 8
25192 8
25194 7
25195 8
25196 11
25205 7
25214 4
25219 6
25252 44
25264 4
25282 8
25287 13
25336 5
25367 4
25472 5
25482 7
25485 23
25533 4
25583 6
25625 20
25786 5
25845 7
25894 8
25903 8
25941 5
25986 9
26002 9
26003 17
26004 5
26013 10
26108 7
26158 5
26235 5
26397 4
26398 6
26417 6
26457 4
26458 6
26506 11
26546 10
26556 7
26615 6
26699 4
26736 4
26739 6
26811 22
26889 9
26890 5
26907 8
26979 4
26993 5
27130 20
27168 10
27191 12
27233 27
27238 14
27280 13
27348 10
27397 4
27402 24
27421 5
27449 12
27488 11
27492 14
27582 5
27584 8
27693 8
27699 4
27703 7
27704 5
27747 7
27748 10
27750 8
27777 11
27792 5
27795 6
27809 44
27810 5
27819 4
27820 11
27827 8
27833 4
27892 57
27913 6
27955 13
28010 11
28036 8
28070 5
28081 10
28082 4
28083 26
28085 8
28089 11
28090 4
28097 6
28102 4
28115 5
28139 33
28144 8
28155 6
28157 6
28158 8
28164 13
28198 8
28223 8
28224 5
28231 116
28237 10
28245 7
28261 8
28315 243
28351 4
28377 5
28454 17
28455 11
28465 4
28469 20
28533 10
28569 7
28577 6
28601 24
28738 10
28749 25
28802 7
28803 7
28814 7
28854 4
28858 10
28886 8
28895 17
28899 7
28900 6
28906 14
28910 7
28912 5
28928 15
28929 8
28958 4
28977 4
29077 27
29078 71
29100 7
29104 9
29153 6
29185 49
29195 12
29198 36
29257 12
29306 4
29419 8
29441 18
29474 5
29546 4
29579 4
29603 12
29606 5
29613 5
29649 9
29705 4
29744 9
29745 17
29851 6
29883 6
29912 9
29964 5
29965 6
30102 12
30103 4
30106 9
30147 6
30149 6
30158 25
30205 54
30225 6
30278 9
30341 4
30348 7
30365 5
30371 9
30552 8
30555 5
30585 5
30733 11
30745 6
30748 6
31807 10
31814 4
31894 4
31910 5
31942 5
32077 22
32085 9
32212 10
32218 5
32228 4
32289 27
32592 11
32602 4
32700 29
32729 5
32773 4
32793 4
32816 15
32859 5
32905 4
32909 6
32919 5
32936 10
33098 5
33144 4
33153 12
33168 7
33279 5
33325 12
33333 5
33356 6
33405 4
33514 5
33707 8
33720 12
33733 6
33831 6
33971 5
34000 6
34011 7
34015 4
34062 8
34155 4
34166 7
34188 6
34189 4
34238 6
34240 4
34303 14
34306 14
34363 4
34364 4
34366 12
34393 6
34455 12
34466 5
34526 12
34646 7
34685 16
34688 6
34709 4
34715 5
34731 16
34758 10
34760 4
34788 10
34806 4
34809 12
34970 6
34972 37
35055 4
35094 7
35214 4
35241 5
35344 6
35345 16
35371 6
35414 6
35415 5
35503 15
35533 15
35581 4
35665 4
35666 9
35667 9
35671 8
35700 5
35759 5
35761 8
35766 28
35783 5
35848 63
35911 10
36221 5
36222 5
36225 5
36294 48
36314 4
36331 6
36336 4
36350 6
36354 5
36401 5
36583 4
36745 16
36768 5
36853 5
37021 16
37022 5
37056 11
37309 4
37312 4
37368 5
37583 5
37651 4
37687 32
37738 18
37835 6
37879 16
37880 7
37924 23
37954 5
37971 19
37993 5
38133 23
38152 7
38247 4
38277 15
38298 13
38326 4
38364 5
38448 7
38479 5
38492 5
38690 4
38728 4
38765 6
38799 4
38815 4
38911 5
39140 5
39141 15
39232 5
39478 6
39504 4
39506 5
39549 44
39650 10
39887 10
40063 5
40066 7
40464 4
40886 10
40946 21
40992 6
41090 7
41223 22
41469 5
41488 11
41617 8
41795 6
41894 10
42009 22
42082 4
42133 4
42218 8
42391 6
42475 29
42484 46
42517 11
42583 6
42584 9
42598 4
42629 7
42703 7
42798 9
42932 4
42959 11
42968 4
43150 9
43350 7
43369 9
43390 39
43402 13
43414 13
43448 18
43450 7
43464 8
43477 6
43518 5
43522 33
43539 6
43741 11
43848 4
43867 7
43879 4
43893 11
43896 6
43974 18
43994 13
44006 97
44038 12
44039 13
44150 7
44180 9
44200 4
44276 4
44295 18
44528 5
44593 4
44595 20
44597 7
44733 44
44743 6
45073 5
45074 11
45102 17
45174 7
45250 5
45457 6
45604 6
45797 5
45955 8
45966 5
46144 9
46159 5
46174 6
46202 11
46215 41
46250 25
46321 73
46341 11
46495 4
46523 6
46712 4
46955 7
46988 14
47117 16
47434 10
47460 6
47479 8
47887 43
47925 9
47951 93
48141 6
48408 30
48422 10
48902 7
48943 4
48962 11
48969 12
49069 4
49070 9
49117 32
49425 42
49802 13
49901 8
50222 6
50298 4
50483 6
50498 5
50608 14
50738 26
51031 9
51045 25
51066 35
51175 4
51441 17
51458 8
51584 16
51691 11
51702 24
51740 10
51741 41
51778 10
52069 5
52121 7
52136 4
52143 13
52183 9
52186 8
52187 4
52256 4
52263 5
52351 9
52669 4
52670 6
52702 10
52770 6
52837 6
52876 4
53066 7
53067 7
53518 5
53605 4
53607 6
53946 7
54029 15
54034 9
54035 7
54120 4
54162 5
54164 4
54541 8
54758 10
54772 7
54822 8
54854 4
54884 5
55121 5
55292 11
55417 7
55590 5
55653 6
55669 5
55670 34
55671 12
55715 6
55800 66
55849 5
56045 4
56312 9
56383 5
56621 67
56674 9
56837 7
56839 28
57144 5
57356 26
57372 7
57549 9
57603 8
57915 6
57995 13
58204 5
58287 4
58288 4
58408 18
58409 5
58529 31
58646 6
58833 11
58922 16
59060 5
59406 4
59407 5
59552 5
59687 35
60020 5
60041 14
60254 8
60275 4
60589 11
60733 5
60827 9
60829 13
60884 5
60895 32
60924 14
60930 5
60956 11
61125 10
61214 9
61303 6
61544 4
61651 4
61819 5
61959 9
61992 7
62225 4
62302 5
62393 45
62651 4
62989 16
63173 5
63174 7
63190 4
63636 5
63654 5
63751 4
63761 8
63898 12
63958 6
64364 20
64564 5
64583 5
64695 19
64714 11
64805 4
64864 5
65242 4
65459 15
65558 17
65578 4
65580 10
65587 18
65611 4
65926 17
65929 7
66194 4
66252 14
66253 4
66298 4
66730 7
66790 4
66812 9
66829 26
66937 5
66949 13
67123 22
67129 16
67162 15
67238 6
67239 9
67279 4
67287 7
67311 5
67482 5
67513 17
67689 6
68246 5
68450 6
68466 5
68614 9
68618 10
69010 5
69011 5
69047 4
69053 11
69081 7
69194 4
69226 6
69397 5
69822 4
69964 14
70021 14
70228 11
72856 13
72858 10
73012 4
73022 23
73176 9
73435 12
74621 4
74660 4
74705 6
74813 20
75061 4
75383 4
75436 17
75514 5
75555 20
75932 11
76983 5
77124 13
77311 22
77321 14
77424 4
77426 6
78530 4
79196 4
80968 5
81017 4
81075 7
81166 19
81339 21
81774 11
81775 5
82271 55
82314 5
82322 7
82820 5
83586 6
83687 8
83975 4
84656 6
85301 12
85438 15
86042 7
86151 5
86630 6
86746 4
86938 5
87196 9
87218 11
87392 28
87717 4
87726 5
87808 6
87900 15
88056 4
88222 4
88278 4
88289 4
88440 16
88441 6
88443 11
88642 5
88841 6
88953 6
88995 47
89021 11
89029 5
89065 10
89185 8
89738 5
89774 4
89795 13
90160 5
90264 9
90375 5
91431 10
91462 26
91657 5
91661 11
91662 14
91667 6
91750 9
91889 41
92165 6
92208 5
92506 8
92524 4
93055 5
93615 4
93616 4
93678 4
93868 6
93972 12
94049 78
95461 7
95679 30
95699 4
95766 5
95830 10
95980 4
96259 11
96297 9
96486 8
96561 10
96938 5
97214 24
97229 4
97270 8
97377 9
98998 5
99062 27
100659 33
100728 11
101260 7
102250 5
102424 6
102551 6
103167 4
103226 8
103956 5
104022 4
104153 13
104200 8
104263 6
104322 4
104587 4
104588 7
104830 5
104844 9
104850 9
105504 20
105508 6
105881 14
106037 10
106038 6
106278 4
106313 4
106468 6
106755 7
106805 25
107111 17
107127 9
107201 4
107231 7
108385 5
108436 6
108684 17
108927 6
108975 5
109469 4
109741 7
110307 4
110394 9
110497 6
110772 5
110876 6
110918 10
110940 22
110942 5
111313 20
111529 4
111536 4
111841 17
111843 7
112054 9
112111 5
112461 6
112693 7
113079 5
113402 4
114033 10
114041 13
114173 5
114798 7
115038 5
115198 71
115563 4
115603 5
115664 7
115790 13
116493 9
116572 4
116675 20
116773 6
117183 7
117593 6
117598 4
118743 41
118754 6
118786 17
118872 4
119072 26
119324 29
119610 7
119632 43
119669 21
120073 5
120158 12
120441 12
120453 4
121070 8
122757 26
123067 8
123133 9
123697 21
123716 4
123772 9
123829 4
123844 11
124073 6
124181 5
124604 7
125076 4
125133 8
125143 10
125155 6
125172 4
125311 5
125319 5
125398 9
125422 4
125459 8
125679 7
125721 8
125805 16
126118 13
126179 9
126265 5
126344 5
126367 6
127947 36
128055 6
128260 7
129032 13
129075 16
129177 9
129296 4
129384 7
129811 32
129946 7
130281 8
130321 5
130407 7
130467 16
130468 13
130478 8
130923 6
131131 5
131548 11
131560 6
131853 7
131858 4
132014 5
132079 4
132375 5
132576 5
132709 7
132712 6
132763 5
132849 13
133122 6
133246 10
133619 4
133801 6
134039 6
134614 7
134935 5
134936 4
135365 6
135851 9
137503 7
137528 7
137551 5
137699 4
137784 5
137898 17
137964 9
138313 25
138314 27
138315 6
138373 4
138480 4
138981 6
139348 4
139356 4
139504 6
139511 8
139993 16
140246 5
140248 7
140442 6
140446 5
140476 4
140486 9
140625 4
140841 4
141323 4
141340 4
141387 7
141402 6
141656 5
141887 8
141895 8
141924 4
142608 5
143373 66
143491 4
143498 5
143579 5
143686 9
143691 24
143789 5
143914 6
144430 12
144447 15
144816 4
145277 5
145281 18
145358 14
145369 4
145395 5
146300 11
146305 10
146403 5
147842 4
147872 33
147891 10
147897 4
147915 4
147932 4
148288 8
148724 4
149538 4
149718 5
150212 8
151565 5
152090 10
152172 6
152174 14
152366 4
153930 4
154094 9
154328 16
154380 7
155663 7
155665 10
155682 10
155895 8
157255 4
157809 12
158273 4
159860 7
160095 6
160487 4
160931 8
162027 4
162256 7
165509 8
165510 13
165606 7
165663 4
166684 4
166934 10
167306 4
167978 7
168092 4
168107 5
168281 37
168294 5
169608 14
170138 4
171203 5
171497 5
172293 4
172298 8
172669 7
174464 11
174466 4
174607 6
174728 14
175996 18
176097 5
176101 9
176503 63
176528 15
176532 9
176549 5
176590 4
176757 8
176758 12
177760 36
179704 5
181716 28
181763 5
181870 23
181875 9
181926 8
181951 6
182183 7
182426 15
182952 65
184831 10
186052 10
186348 15
186473 6
186696 5
187417 5
187433 4
187579 7
187702 5
188229 7
188796 4
189144 4
189336 9
189435 5
189460 4
189727 5
191669 5
192178 4
193406 4
193858 25
194550 5
195916 4
196941 4
197205 5
197233 6
197304 8
197576 5
199181 5
199496 5
201493 4
201494 7
201509 4
202022 22
202285 5
202492 4
202494 7
203636 5
204721 5
204725 9
204730 5
205434 40
205494 16
205536 6
206629 5
206667 12
213168 5
213344 16
214817 34
214838 51
215550 35
216086 4
216092 4
216715 20
216719 5
217961 6
217962 14
217963 60
217970 8
218046 4
218275 41
218276 14
