1 10
1 18423
1 103265
2 21
2 29
9 30
9 43
9 37
9 49
27 31
27 17770
39 9
39 45
39 36
87 382
87 267
112 10
112 3
112 6484
181 304
181 156
186 63
186 137
216 30
216 3
216 136
216 1420
216 2451
216 3550
216 7890
216 39344
216 16575
224 3
224 22
224 1417
236 116
236 140
236 137
236 10
236 47
236 49
236 103265
245 137
245 137
253 10
253 140
285 17637
285 1299
285 1372
285 6235
338 3
338 57
338 6365
338 143
341 80
341 56
341 12453
390 34
390 727
390 1465
390 981
422 185
422 137
591 503
591 5132
591 501
989 222
989 531
1051 86
1051 2974
1054 45
1054 34927
1058 15
1058 177
1058 540
1114 36
1114 177
1120 267
1120 5197
1156 19
1156 2633
1156 335
1235 63
1235 137
1235 267
1263 79
1263 81
1291 316
1291 63
1315 201
1315 335
1315 6181
1315 46332
1333 219
1333 156
1333 7394
1340 363
1340 137
1340 365
1431 137
1431 237
1431 16575
1468 10
1468 927
1468 15713
1468 11209
1540 219
1540 137
1592 10
1592 7554
1600 15
1600 170
1620 15
1620 412
1624 412
1624 201
1624 693
1624 1279
1624 344
1641 267
1641 157717
1699 10
1699 315
1699 401
1705 13112
1705 4229
1705 11986
1714 137
1714 316
1727 267
1727 15
1727 475
1749 354
1749 401
1759 137
1759 199
1759 475
1759 3
1759 10
1759 2113
1759 6617
1759 8522
1759 8561
1759 2241
1759 7936
1759 7034
1759 10787
1759 4003
1759 20843
1759 1813
1759 131553
1784 354
1784 10
1784 10
1784 440
1793 57
1793 156
1795 15
1795 10
1805 156
1805 75
1805 176
1819 10
1819 137
1841 137
1841 798
1909 113
1909 428
1949 646
1949 267
1964 65
1964 137
1964 10
1964 137
1975 139
1975 46018
2007 98
2007 135
2007 1856
2012 15
2012 45
2012 2340
2016 137
2016 126934
2018 219
2018 137
2028 267
2028 594
2032 10
2032 2259
2042 137
2042 128812
2065 267
2065 423
2065 1250
2065 3371
2065 9498
2108 708
2108 307
2145 468
2145 3550
2172 137
2172 219
2172 267
2172 137
2172 297
2208 10
2208 86
2280 482
2280 789
2305 15
2305 10
2305 170
2310 482
2310 693
2379 219
2379 798
2432 121
2432 3604
2432 4767
2432 5077
2437 15
2437 199
2437 10
2437 594
2453 877
2453 3550
2466 10
2466 139
2466 820
2492 267
2492 793
2492 267
2498 267
2498 135
2538 121
2538 10
2569 922
2569 196
2581 137
2581 1460
2603 267
2603 26
2650 267
2650 3
2650 10
2722 267
2722 10
2743 67
2743 2679
2743 482
2843 135
2843 136
2845 482
2845 1072
2868 371
2868 136
2906 482
2906 20
2948 792
2948 1465
2951 482
2951 1465
2969 136
2969 1516
2974 86
2974 482
2984 994
2984 16575
2984 126934
2997 371
2997 24318
3002 137
3002 18442
3002 16575
3129 1144
3129 3902
3238 1205
3238 3
3246 1163
3246 1279
3246 1465
3273 15
3273 1306
3294 1518
3294 6362
3294 1309
3294 6476
3294 1309
3294 1309
3294 67167
3308 1309
3308 137
3333 156
3333 921
3366 482
3366 1163
3396 594
3396 63
3396 10
3493 1405
3493 6052
3521 156
3521 2002
3521 836
3521 4892
3533 1163
3533 137
3537 1448
3537 739
3537 7554
3537 18437
3537 19194
3537 54980
3537 54997
3537 166637
3579 1465
3579 121
3715 482
3715 1564
3715 13576
3742 1465
3742 366
3774 156
3774 440
3786 137
3786 1417
3830 1250
3830 137
3883 1576
3883 137
3883 156
3978 219
3978 156
3983 482
3983 3190
3998 219
3998 136
4044 1683
4044 482
4117 1751
4117 706
4206 137
4206 2292
4228 15
4228 965
4236 137
4236 482
4262 1274
4262 793
4262 136
4285 1250
4285 482
4351 1884
4351 475
4497 6234
4497 15428
4570 1465
4570 482
4623 1465
4623 1420
4676 2056
4676 10
4738 1465
4738 482
4738 219
4738 2171
4738 16327
4739 1465
4739 2144
4814 15
4814 1465
4814 1978
4829 1274
4829 482
4878 2236
4878 2721
4929 2165
4929 482
4929 2293
4943 86
4943 10
4947 1863
4947 155
4955 2165
4955 8244
4972 1465
4972 2274
4972 2293
4996 2322
4996 267
5001 1465
5001 135
5001 2192
5006 482
5006 137
5043 482
5043 137
5043 2413
5044 482
5044 3919
5084 1274
5084 137
5153 10
5153 137
5232 1338
5232 43847
5232 34998
5232 165275
5262 2457
5262 2433
5273 1645
5273 2471
5273 1465
5295 137
5295 2077
5295 2890
5341 792
5341 1951
5381 1951
5381 1465
5381 344
5389 1951
5389 19
5389 2422
5457 1274
5457 156
5566 10
5566 15
5566 938
5628 1465
5628 10
5673 267
5673 482
5768 475
5768 10
5830 1951
5830 1463
5884 981
5884 56143
5956 2502
5956 11084
6034 267
6034 1250
6034 5156
6042 267
6042 1951
6046 2422
6046 981
6063 137
6063 2422
6118 1465
6118 1926
6199 1465
6199 2457
6199 482
6203 137
6203 482
6233 981
6233 170
6268 1465
6268 3001
6268 2144
6268 790
6324 1465
6324 2973
6324 5212
6331 1951
6331 3116
6372 3001
6372 2973
6372 6779
6435 2474
6435 1250
6447 981
6447 1465
6447 2422
6458 482
6458 1250
6458 16575
6503 1465
6503 1250
6529 2973
6529 267
6529 43
6541 1465
6541 1951
6558 1465
6558 2829
6558 39717
6567 137
6567 7176
6677 1465
6677 137
6693 1951
6693 11471
6693 14330
6693 5132
6851 10
6851 1465
6851 6817
6851 6830
6900 5571
6900 4713
6900 18670
6900 172227
6925 981
6925 42146
6961 10
6961 3458
7034 7973
7034 5501
7079 10
7079 11257
7133 3522
7133 9160
7135 1951
7135 3065
7194 3550
7194 1465
7203 1465
7203 10
7258 137
7258 3613
7258 2199
7491 3522
7491 2422
7586 482
7586 137
7600 1465
7600 3522
7602 1465
7602 1204
7644 475
7644 1465
7644 594
7675 86
7675 10
7686 3646
7686 126934
7725 1465
7725 482
7725 156
7731 2422
7731 1465
7731 30767
7774 156
7774 3550
7774 16575
7856 86
7856 1465
7898 3808
7898 2457
7916 1465
7916 3522
7982 137
7982 11666
7997 10
7997 9
7997 19
8179 1465
8179 4293
8222 1465
8222 2603
8235 1465
8235 267
8280 482
8280 23686
8301 4378
8301 1420
8312 2422
8312 10210
8354 2422
8354 1465
8436 9897
8436 23579
8452 3385
8452 3646
8452 482
8452 96277
8462 594
8462 3646
8570 2713
8570 33031
8573 4123
8573 379
8573 307
8692 3646
8692 5390
8694 981
8694 594
8709 1465
8709 440
8759 1465
8759 86591
8851 440
8851 526
8851 6498
8851 6498
8924 1465
8924 981
8962 4888
8962 16606
8979 4901
8979 3646
8979 9955
9085 3646
9085 4974
9108 1465
9108 20813
9163 5024
9163 5050
9163 5693
9267 10
9267 156
9312 4934
9312 204978
9363 2433
9363 5013
9394 3646
9394 1250
9422 3522
9422 1951
9449 3009
9449 23365
9464 307
9464 4500
9497 185
9497 981
9545 4332
9545 1274
9545 1465
9550 4934
9550 4188
9550 6374
9550 2113
9550 7240
9622 1465
9622 9865
9624 5013
9624 5343
9727 5439
9727 2897
9727 15134
9727 29785
9727 30680
9767 267
9767 1205
9767 482
9767 4925
9767 3646
9767 12357
9815 482
9815 44325
9861 1465
9861 5470
9905 981
9905 13117
9977 3646
9977 267
9977 10
9977 5636
10022 1465
10022 3646
10093 1951
10093 156
10124 1951
10124 156
10145 3901
10145 4767
10145 14464
10145 234457
10179 5066
10179 475
10223 5626
10223 5066
10245 1951
10245 8981
10341 1951
10341 155
10365 482
10365 993
10443 5661
10443 5066
10470 5946
10470 9638
10707 1951
10707 26034
10790 1465
10790 5066
10930 5194
10930 1951
10930 156
10996 8767
10996 23607
11352 156
11352 6464
11389 6374
11389 267
11400 981
11400 1155
11761 3190
11761 1465
12207 1465
12207 11612
12207 17710
12259 3646
12259 6638
12320 981
12320 475
12330 7197
12330 267
12330 6817
12330 6830
12330 8197
12330 9052
12330 3550
12330 17994
12330 25084
12330 5342
12330 16575
12492 7349
12492 9160
12503 4880
12503 13993
12608 6052
12608 267
12608 267
12608 7521
12608 155
12608 440
12616 7422
12616 4003
12639 18445
12639 22422
12639 32416
12639 40246
12741 267
12741 5661
12765 981
12765 10
12802 9
12802 482
12924 7652
12924 440
12962 475
12962 10050
12962 8522
12962 16575
13003 3646
13003 156
13183 981
13183 139482
13202 7851
13202 3116
13335 7197
13335 2474
13335 482
13335 6204
13448 6830
13448 68660
13521 3646
13521 1465
13521 294
13533 6830
13533 440
13662 8853
13662 475
13839 267
13839 482
13839 8301
14046 440
14046 119408
14105 440
14105 1465
14219 981
14219 1250
14231 305
14231 8041
14231 12442
14371 1420
14371 482
14371 3781
14430 475
14430 440
14430 16575
14530 1465
14530 440
14530 13772
14530 27385
14552 7554
14552 124763
14676 267
14676 8927
14695 8710
14695 2132
14766 267
14766 22637
14884 2688
14884 14539
14910 8197
14910 3976
14910 6830
14910 17086
14910 23437
14910 131216
14929 1465
14929 1951
14942 267
14942 10
14949 9070
14949 1465
15049 1250
15049 5167
15126 7783
15126 3646
15383 440
15383 9468
15552 10042
15552 10069
15666 7920
15666 10596
15701 981
15701 156
15701 440
15701 8202
15801 3646
15801 440
15812 10731
15812 12401
15877 5013
15877 14313
15877 15713
15945 9160
15945 10
16022 6204
16022 23235
16250 981
16250 16575
16847 9160
16847 10040
16915 10040
16915 42973
16915 44506
16915 184597
17152 1465
17152 24617
17152 68043
17185 9160
17185 1522
17210 981
17210 10812
17224 981
17224 15589
17319 10887
17319 8244
17320 13178
17320 14193
17320 17720
17320 80176
17338 981
17338 3812
17338 11471
17529 440
17529 155
17584 440
17584 11471
17745 11392
17745 11229
17760 3550
17760 5661
17760 156
17801 1465
17801 440
17871 11209
17871 1465
17871 11190
18111 6969
18111 1417
18111 174
18111 11153
18111 11489
18111 10686
18111 3151
18153 8004
18153 25635
18232 3646
18232 11595
18232 16575
18242 3646
18242 11153
18269 5342
18269 8197
18392 219
18392 1789
18392 11720
18450 981
18450 24534
18450 207284
18469 1951
18469 9438
18529 10381
18529 113090
18601 981
18601 482
18644 10
18644 7169
18948 1465
18948 12026
19000 1951
19000 3646
19000 16575
19146 11474
19146 8197
19274 981
19274 156
19286 3303
19286 15713
19286 20468
19339 12424
19339 19011
19339 24767
19368 1465
19368 12424
19558 1951
19558 17835
19558 193101
19566 11209
19566 14446
19566 3646
19566 15798
19566 13391
19673 981
19673 1659
19674 1951
19674 8197
19710 981
19710 7488
19710 223695
19821 1951
19821 3646
19821 10956
19935 981
19935 13391
19935 39719
19987 64
19987 475
19987 11257
19987 981
20066 1951
20066 13665
20135 3009
20135 1951
20264 475
20264 27425
20264 23437
20369 511
20369 18233
20369 23436
20457 12711
20457 20940
20487 3303
20487 156
20504 3646
20504 3394
20599 13391
20599 16575
20619 13575
20619 9556
20619 16265
20619 16575
20619 16575
20619 73528
20670 13452
20670 3303
20713 981
20713 24915
20732 13391
20732 1465
20733 3303
20733 12915
20857 156
20857 51021
20927 16486
20927 1951
20927 15713
21019 9521
21019 13391
21112 482
21112 16575
21144 981
21144 8244
21149 981
21149 11938
21296 1465
21296 981
21320 3646
21320 58715
21449 13956
21449 16575
21513 16265
21513 12427
21534 13958
21534 27163
21566 981
21566 13618
21750 14215
21750 137
21803 1465
21803 981
21937 11343
21937 11190
21971 1250
21971 3303
22148 14280
22148 15713
22189 3303
22189 16116
22282 12155
22282 156
22372 3303
22372 981
22718 13391
22718 58214
22848 7268
22848 13391
22848 18334
22884 1250
22884 14958
22997 13391
22997 482
22997 40036
23209 14818
23209 15241
23357 15494
23357 10680
23357 71168
23572 12711
23572 15206
23582 13063
23582 6052
23622 9052
23622 1522
23622 842
23640 14154
23640 475
23640 6052
23838 15415
23838 981
23938 3646
23938 440
24119 15713
24119 123653
24231 440
24231 13391
24249 13391
24249 267
24249 6052
24249 16022
24331 27285
24331 39596
24331 40344
24331 40344
24341 16191
24341 23023
24378 16102
24378 23417
24436 6052
24436 7012
24436 241763
24522 3303
24522 23691
24525 15713
24525 3646
24563 15975
24563 3646
24617 6052
24617 4003
24705 15575
24705 6237
24756 4003
24756 440
24802 13391
24802 3303
24922 981
24922 15788
24922 9165
24979 1465
24979 2199
24979 16698
24979 30467
25096 6815
25096 23128
25178 6052
25178 16575
25183 4295
25183 10208
25201 16187
25201 16389
25201 3303
25263 16575
25263 15713
25263 96277
25470 475
25470 33280
25623 16666
25623 16606
25843 16265
25843 3303
25902 16078
25902 482
25999 15713
25999 33734
26105 15713
26105 440
26157 475
26157 16265
26393 981
26393 9369
26393 15
26456 16265
26456 7981
26535 9556
26535 19073
26809 16265
26809 37404
26885 4100
26885 7813
26885 17674
26885 119593
26885 100594
27071 18296
27071 23247
27127 16575
27127 34705
27156 15713
27156 35341
27166 16575
27166 144136
27232 4003
27232 16575
27277 3063
27277 9556
27395 10
27395 4003
27395 482
27395 16488
27484 16265
27484 15713
27484 25778
27581 16265
27581 16575
27690 8197
27690 16963
27746 4003
27746 11343
27808 440
27808 7425
27815 16575
27815 17476
27815 3303
28080 440
28080 9556
28080 16575
28080 1063
28080 18379
28087 3646
28087 61541
28100 1951
28100 17099
28221 131610
28221 16023
28225 19168
28225 23607
28296 1951
28296 3303
28296 24120
28296 16575
28296 17286
28296 46784
28296 17808
28296 103265
28325 18570
28325 4003
28529 8041
28529 16773
28567 10950
28567 5132
28686 16265
28686 8048
28801 16265
28801 8041
28801 440
28851 1250
28851 9556
28851 18962
28884 16078
28884 18985
28891 12421
28891 440
28893 15713
28893 16575
28927 16078
28927 16265
29073 9779
29073 8041
29073 19068
29073 33242
29192 16265
29192 3303
29255 14080
29255 64331
29291 4003
29291 14562
29359 3303
29359 16963
29359 13501
29416 15788
29416 33816
29460 20313
29460 15068
29547 24590
29547 26392
29598 20400
29598 9160
29601 482
29601 4229
29741 4003
29741 16575
29952 39351
29952 17235
29962 4003
29962 8041
30098 3303
30098 20417
30136 482
30136 16575
30157 4450
30157 29545
30157 168272
30204 11190
30204 15012
30207 16575
30207 17994
30329 20866
30329 42320
30329 128974
30346 16575
30346 11474
30355 16575
30355 19193
30551 28097
30551 267
30728 21343
30728 13391
32211 1353
32211 3009
32285 3303
32285 5908
32366 16575
32366 65937
32697 1353
32697 96277
32892 16575
32892 22950
33142 16681
33142 16575
33276 16575
33276 43090
33324 11209
33324 6830
33702 9677
33702 12677
33704 16575
33704 482
33916 23851
33916 114824
34154 23463
34154 16575
34186 475
34186 24172
34230 15713
34230 16575
34301 11209
34301 3009
34358 23851
34358 24179
34613 6052
34613 35563
34625 11251
34625 278634
34687 6052
34687 23562
34757 23463
34757 3009
34782 8661
34782 16575
34969 4003
34969 16575
35093 7815
35093 31026
35313 24933
35313 28310
35343 267
35343 12677
35411 11190
35411 11209
35580 23562
35580 15713
35580 31559
35580 78642
35580 16488
35657 10
35657 21310
35658 11209
35658 16575
35716 14103
35716 145687
35758 23379
35758 12677
35758 16575
35847 16575
35847 30866
35852 32684
35852 27328
36220 25209
36220 25403
36311 11209
36311 15453
36329 23562
36329 16575
37307 25343
37307 5342
37307 15091
37499 58266
37499 64549
37877 16575
37877 11209
37970 23379
37970 27047
37970 75037
37970 20651
38129 475
38129 34719
38129 39209
38297 981
38297 266622
38363 475
38363 27413
38760 16575
38760 16096
39138 5342
39138 23293
39230 267
39230 4003
39499 16575
39499 267
39649 981
39649 30425
39851 29638
39851 29818
40062 5342
40062 16575
40147 96277
40147 187959
40147 273966
40357 31206
40357 16606
40357 13482
40419 4003
40419 92056
40459 3303
40459 127343
40719 23978
40719 229081
40719 248699
40934 23562
40934 12442
40934 50381
40990 24172
40990 12442
41463 30165
41463 46032
41859 12427
41859 59365
42079 30734
42079 30171
42079 95882
42129 4003
42129 482
42245 16575
42245 12442
42245 79960
42347 32551
42347 13651
42347 9544
42347 267
42474 16575
42474 97973
42474 119358
42642 11028
42642 33013
42706 6299
42706 152235
42749 25096
42749 159757
42958 16575
42958 31596
42983 31612
42983 34012
42983 37548
43361 31722
43361 16575
43410 16575
43410 43641
43436 3646
43436 5132
43444 16575
43444 44325
43462 31722
43462 12427
43517 4003
43517 16575
43517 179012
43865 475
43865 16575
43892 11190
43892 3646
43970 32513
43970 38208
44037 440
44037 10913
44037 8661
44037 82877
44293 10
44293 16575
44443 32923
44443 71490
44592 12442
44592 156
44677 30074
44677 41714
44677 49041
45070 981
45070 16575
45093 7288
45093 159621
45601 12442
45601 275724
45779 32513
45779 34732
46142 34694
46142 46536
46142 64158
46142 103911
46214 23562
46214 13063
46315 11251
46315 49188
46315 44446
46315 107718
46979 12442
46979 15309
46979 265386
47157 11343
47157 77812
47448 36039
47448 36050
47819 156
47819 44025
47886 30425
47886 100287
47886 7371
47924 36408
47924 16575
48085 38577
48085 40164
48837 37264
48837 89546
48901 267
48901 33346
48935 26313
48935 43784
49053 12442
49053 78031
50221 37876
50221 181887
50223 5342
50223 40793
51065 7425
51065 39896
51583 30530
51583 16575
51689 16575
51689 5342
51739 475
51739 12442
52184 23379
52184 16265
52339 30530
52339 41028
52596 46559
52596 47546
52833 16575
52833 128445
53064 30530
53064 440
53225 693
53225 11251
53601 1250
53601 16575
54025 5342
54025 15713
54025 16575
54025 58461
54149 16575
54149 14758
54771 28692
54771 37823
54806 43016
54806 25160
55666 38018
55666 16575
55666 30530
55666 38645
56620 981
56620 82426
56635 100477
56635 226206
56635 258950
56635 252540
57913 12442
57913 47208
58168 48358
58168 49534
58168 58505
58405 16575
58405 2073
58594 5342
58594 47968
59403 13063
59403 31626
60826 50481
60826 3646
60894 31626
60894 9677
60897 57829
60897 52652
60906 3646
60906 16575
61115 50793
61115 50927
61541 16437
61541 60252
61641 51294
61641 61296
61818 16437
61818 57820
61957 51737
61957 44470
61967 51781
61967 119023
62210 16575
62210 3191
62387 12442
62387 74656
63170 12442
63170 475
63630 12442
63630 482
63630 440
63748 5342
63748 22897
63758 12442
63758 54034
64353 16575
64353 145429
64692 31626
64692 55167
64799 12442
64799 3646
65557 54918
65557 30530
65557 56284
65557 56301
65922 475
65922 56662
65922 122778
66192 3646
66192 57107
66250 32482
66250 3646
67157 17771
67157 58226
67237 44585
67237 12442
68447 59638
68447 59651
69009 53661
69009 11343
69045 53576
69045 475
69076 156
69076 53576
69108 72805
69108 88024
69108 12477
69391 12442
69391 130792
70225 981
70225 101950
73005 63813
73005 59438
73005 25737
73005 52379
73168 53661
73168 94802
73168 152342
74618 64756
74618 92094
74618 16575
75360 16575
75360 57926
75510 58149
75510 16575
75510 135484
77309 12442
77309 16575
77423 67339
77423 16575
79112 69253
79112 84686
79112 5132
81692 44325
81692 108846
81769 16575
81769 72228
82313 69037
82313 16575
82339 85650
82339 90698
85290 44325
85290 78894
86920 40036
86920 44506
87167 501
87167 16832
87410 79764
87410 206006
87897 44325
87897 67339
88088 24450
88088 90968
88088 110779
88120 81670
88120 2926
88263 44325
88263 16320
88306 81105
88306 81870
88431 65466
88431 44325
88633 24450
88633 82097
88909 61257
88909 188851
88923 81812
88923 81971
89020 40036
89020 81929
89622 83467
89622 16575
89622 173212
89737 482
89737 41884
90141 16575
90141 247674
90152 981
90152 121599
90250 83603
90250 63833
91656 62445
91656 32601
91656 84999
91888 81639
91888 1951
91888 1465
92480 12442
92480 79766
92565 1951
92565 16575
93609 86591
93609 482
93846 15562
93846 86241
95192 86591
95192 27149
95678 981
95678 89845
95753 86358
95753 67339
95975 89702
95975 53438
96253 44325
96253 86591
96546 91072
96546 133420
97304 116933
97304 1568
97893 48145
97893 21217
100657 95581
100657 115097
100726 95661
100726 97734
100991 52701
100991 104400
101498 3646
101498 117218
103328 93894
103328 981
104585 101133
104585 44325
104842 57153
104842 30530
105503 44325
105503 26849
105902 30530
105902 95577
105902 8129
106028 86358
106028 103327
106028 103304
107107 71754
107107 86024
107196 5342
107196 18790
108926 1465
108926 108145
109833 94756
109833 110633
110041 86591
110041 61395
111307 108847
111307 116671
111525 96966
111525 75084
111836 16575
111836 96277
112040 16575
112040 96277
113387 68125
113387 85511
115020 25234
115020 135825
115786 27149
115786 96277
115786 153954
116473 118637
116473 1465
116473 118172
117588 120021
117588 58561
118741 100457
118741 121414
118741 121459
120394 106309
120394 96277
121069 501
121069 22475
123129 126666
123129 18675
123695 128227
123695 128294
123695 128380
123765 1465
123765 32742
124344 129270
124344 9139
125121 130726
125121 144389
125140 130764
125140 131593
125140 131804
125250 108847
125250 27149
125719 17235
125719 158334
126019 44325
126019 44325
126117 119358
126117 152677
129074 92056
129074 96277
129174 103805
129174 7227
129886 138566
129886 148271
129886 157995
130922 140151
130922 24154
131545 131553
131545 16575
131851 30530
131851 131553
131931 116800
131931 96178
132368 142863
132368 131553
132708 111552
132708 131553
134561 146773
134561 163656
134927 38760
134927 121800
137895 16575
137895 246221
137963 54327
137963 216232
138311 16575
138311 96277
138311 146330
138311 153762
139347 1465
139347 152843
139498 101950
139498 1465
140244 126666
140244 16575
141382 159317
141382 92056
141885 84986
141885 100296
141885 160224
143330 120021
143330 131553
143330 164848
143330 133123
143330 30530
143490 12055
143490 96277
143685 7425
143685 144524
144951 166716
144951 170720
145273 5669
145273 131553
146291 16575
146291 12442
149942 131553
149942 177540
152087 16575
152087 131028
154077 131553
154077 256464
155659 150986
155659 131553
160091 131553
160091 222586
160091 257954
165399 44325
165399 202974
165605 202918
165605 16575
168085 144398
168085 137930
168263 207977
168263 40003
171202 116537
171202 240709
172292 150986
172292 215415
174463 86358
174463 209414
176092 131553
176092 16575
176501 205764
176501 116235
176501 10091
176501 223632
176756 131553
176756 150986
181711 12442
181711 60279
181869 96277
181869 209414
185116 241306
185116 246456
185116 268875
185116 104946
186334 150986
186334 244844
187373 131553
187373 150986
189335 131553
189335 121800
189450 16575
189450 131553
191513 131553
191513 265909
197232 146132
197232 3141
201491 3573
201491 3303
202491 205764
202491 150986
204724 116800
204724 103614
205430 116800
205430 218526
206625 116800
206625 285220
213167 205764
213167 218526
214816 259285
214816 54852
216085 247431
216085 218526
216714 218526
216714 2241
216714 247431
217955 308609
217955 247431
217955 307668
217955 282507
217955 288327
218273 44325
218273 2241
