1 10
2 21
9 37
27 31
39 36
87 267
112 10
181 304
186 137
216 30
224 1417
236 116
245 137
253 140
285 17637
338 57
341 80
390 34
422 137
591 501
989 531
1051 86
1054 45
1058 15
1114 36
1120 267
1156 19
1235 63
1263 79
1291 316
1315 201
1333 156
1340 363
1431 137
1468 10
1540 137
1592 10
1600 15
1620 412
1624 412
1641 267
1699 315
1705 13112
1714 316
1727 475
1749 354
1759 10
1784 354
1793 57
1795 10
1805 156
1819 10
1841 137
1909 428
1949 267
1964 137
1975 139
2007 1856
2012 15
2016 137
2018 137
2028 594
2032 10
2042 137
2065 267
2108 708
2145 468
2172 297
2208 86
2280 482
2305 15
2310 482
2379 798
2432 121
2437 10
2453 3550
2466 139
2492 267
2498 267
2538 121
2569 922
2581 1460
2603 267
2650 267
2722 10
2743 67
2843 136
2845 482
2868 371
2906 20
2948 792
2951 1465
2969 1516
2974 482
2984 994
2997 371
3002 16575
3129 1144
3238 3
3246 1279
3273 15
3294 67167
3308 1309
3333 156
3366 1163
3396 63
3493 1405
3521 156
3533 137
3537 1448
3579 1465
3715 1564
3742 366
3774 156
3786 137
3830 137
3883 1576
3978 156
3983 3190
3998 136
4044 482
4117 1751
4206 137
4228 15
4236 482
4262 1274
4285 1250
4351 475
4497 6234
4570 482
4623 1420
4676 2056
4738 2171
4739 1465
4814 1465
4829 1274
4878 2721
4929 2165
4943 86
4947 1863
4955 8244
4972 2274
4996 2322
5001 2192
5006 137
5043 137
5044 482
5084 1274
5153 137
5232 1338
5262 2433
5273 1645
5295 137
5341 1951
5381 1465
5389 2422
5457 1274
5566 10
5628 1465
5673 267
5768 475
5830 1463
5884 981
5956 2502
6034 1250
6042 267
6046 2422
6063 137
6118 1926
6199 482
6203 482
6233 981
6268 1465
6324 5212
6331 1951
6372 2973
6435 1250
6447 981
6458 1250
6503 1465
6529 2973
6541 1465
6558 2829
6567 137
6677 137
6693 5132
6851 1465
6900 4713
6925 981
6961 3458
7034 7973
7079 11257
7133 3522
7135 3065
7194 3550
7203 10
7258 137
7491 3522
7586 482
7600 3522
7602 1465
7644 594
7675 10
7686 3646
7725 1465
7731 2422
7774 3550
7856 1465
7898 3808
7916 3522
7982 137
7997 19
8179 4293
8222 2603
8235 1465
8280 23686
8301 4378
8312 2422
8354 1465
8436 9897
8452 482
8462 3646
8570 2713
8573 379
8692 3646
8694 981
8709 1465
8759 1465
8851 6498
8924 981
8962 16606
8979 3646
9085 3646
9108 1465
9163 5050
9267 156
9312 4934
9363 5013
9394 3646
9422 1951
9449 3009
9464 307
9497 185
9545 4332
9550 4934
9622 9865
9624 5013
9727 30680
9767 3646
9815 482
9861 5470
9905 981
9977 267
10022 3646
10093 1951
10124 156
10145 14464
10179 475
10223 5066
10245 1951
10341 1951
10365 993
10443 5066
10470 9638
10707 1951
10790 1465
10930 1951
10996 8767
11352 156
11389 267
11400 981
11761 3190
12207 11612
12259 6638
12320 981
12330 17994
12492 9160
12503 13993
12608 6052
12616 4003
12639 40246
12741 5661
12765 10
12802 9
12924 440
12962 475
13003 3646
13183 981
13202 7851
13335 6204
13448 6830
13521 294
13533 6830
13662 475
13839 482
14046 119408
14105 1465
14219 981
14231 305
14371 482
14430 475
14530 440
14552 7554
14676 267
14695 2132
14766 267
14884 2688
14910 8197
14929 1951
14942 10
14949 1465
15049 1250
15126 3646
15383 440
15552 10069
15666 10596
15701 156
15801 440
15812 12401
15877 5013
15945 9160
16022 6204
16250 981
16847 10040
16915 10040
17152 1465
17185 1522
17210 981
17224 981
17319 10887
17320 13178
17338 11471
17529 440
17584 11471
17745 11229
17760 5661
17801 440
17871 1465
18111 3151
18153 8004
18232 3646
18242 3646
18269 8197
18392 11720
18450 981
18469 1951
18529 10381
18601 981
18644 10
18948 12026
19000 16575
19146 8197
19274 981
19286 20468
19339 12424
19368 12424
19558 17835
19566 11209
19673 981
19674 8197
19710 981
19821 3646
19935 13391
19987 64
20066 1951
20135 3009
20264 475
20369 511
20457 20940
20487 156
20504 3646
20599 13391
20619 73528
20670 3303
20713 981
20732 13391
20733 12915
20857 156
20927 15713
21019 13391
21112 482
21144 8244
21149 981
21296 1465
21320 3646
21449 13956
21513 16265
21534 27163
21566 13618
21750 14215
21803 981
21937 11190
21971 1250
22148 14280
22189 3303
22282 12155
22372 981
22718 13391
22848 7268
22884 14958
22997 482
23209 15241
23357 15494
23572 15206
23582 13063
23622 1522
23640 6052
23838 15415
23938 440
24119 15713
24231 13391
24249 13391
24331 39596
24341 16191
24378 23417
24436 6052
24522 3303
24525 3646
24563 3646
24617 6052
24705 6237
24756 4003
24802 3303
24922 9165
24979 16698
25096 6815
25178 6052
25183 4295
25201 3303
25263 15713
25470 33280
25623 16666
25843 3303
25902 16078
25999 15713
26105 15713
26157 475
26393 15
26456 16265
26535 19073
26809 16265
26885 17674
27071 18296
27127 34705
27156 35341
27166 16575
27232 4003
27277 9556
27395 4003
27484 15713
27581 16575
27690 8197
27746 4003
27808 440
27815 3303
28080 16575
28087 3646
28100 17099
28221 131610
28225 19168
28296 1951
28325 4003
28529 8041
28567 10950
28686 16265
28801 8041
28851 9556
28884 16078
28891 12421
28893 16575
28927 16078
29073 8041
29192 3303
29255 14080
29291 14562
29359 3303
29416 15788
29460 20313
29547 24590
29598 9160
29601 482
29741 16575
29952 39351
29962 8041
30098 3303
30136 16575
30157 4450
30204 11190
30207 16575
30329 20866
30346 11474
30355 16575
30551 28097
30728 21343
32211 1353
32285 3303
32366 16575
32697 96277
32892 22950
33142 16575
33276 16575
33324 11209
33702 9677
33704 482
33916 114824
34154 23463
34186 24172
34230 15713
34301 3009
34358 24179
34613 6052
34625 278634
34687 23562
34757 23463
34782 8661
34969 16575
35093 7815
35313 24933
35343 12677
35411 11190
35580 15713
35657 21310
35658 11209
35716 145687
35758 23379
35847 16575
35852 27328
36220 25403
36311 11209
36329 23562
37307 15091
37499 58266
37877 16575
37970 23379
38129 39209
38297 981
38363 475
38760 16096
39138 23293
39230 4003
39499 16575
39649 981
39851 29638
40062 5342
40147 96277
40357 16606
40419 4003
40459 127343
40719 23978
40934 23562
40990 12442
41463 30165
41859 12427
42079 95882
42129 482
42245 12442
42347 13651
42474 16575
42642 11028
42706 6299
42749 25096
42958 31596
42983 31612
43361 16575
43410 16575
43436 5132
43444 16575
43462 12427
43517 16575
43865 475
43892 11190
43970 32513
44037 10913
44293 10
44443 32923
44592 12442
44677 30074
45070 16575
45093 7288
45601 12442
45779 32513
46142 34694
46214 23562
46315 11251
46979 12442
47157 11343
47448 36050
47819 156
47886 30425
47924 16575
48085 38577
48837 37264
48901 267
48935 26313
49053 12442
50221 37876
50223 5342
51065 7425
51583 30530
51689 5342
51739 12442
52184 23379
52339 30530
52596 46559
52833 16575
53064 440
53225 693
53601 1250
54025 5342
54149 16575
54771 28692
54806 43016
55666 16575
56620 981
56635 226206
57913 47208
58168 48358
58405 16575
58594 47968
59403 31626
60826 3646
60894 31626
60897 57829
60906 3646
61115 50793
61541 16437
61641 51294
61818 16437
61957 51737
61967 51781
62210 16575
62387 12442
63170 475
63630 12442
63748 22897
63758 12442
64353 16575
64692 55167
64799 3646
65557 56301
65922 475
66192 3646
66250 32482
67157 17771
67237 44585
68447 59638
69009 53661
69045 475
69076 53576
69108 72805
69391 12442
70225 981
73005 25737
73168 94802
74618 64756
75360 57926
75510 16575
77309 12442
77423 16575
79112 69253
81692 108846
81769 16575
82313 16575
82339 90698
85290 44325
86920 40036
87167 16832
87410 79764
87897 44325
88088 110779
88120 2926
88263 44325
88306 81870
88431 65466
88633 82097
88909 61257
88923 81971
89020 40036
89622 83467
89737 482
90141 16575
90152 981
90250 63833
91656 32601
91888 81639
92480 12442
92565 16575
93609 86591
93846 86241
95192 86591
95678 981
95753 67339
95975 89702
96253 44325
96546 91072
97304 116933
97893 48145
100657 95581
100726 95661
100991 104400
101498 3646
103328 93894
104585 101133
104842 30530
105503 44325
105902 30530
106028 86358
107107 71754
107196 18790
108926 108145
109833 94756
110041 86591
111307 116671
111525 75084
111836 16575
112040 16575
113387 85511
115020 25234
115786 27149
116473 118172
117588 58561
118741 100457
120394 106309
121069 22475
123129 18675
123695 128227
123765 32742
124344 129270
125121 130726
125140 130764
125250 108847
125719 17235
126019 44325
126117 152677
129074 92056
129174 103805
129886 138566
130922 140151
131545 131553
131851 30530
131931 96178
132368 131553
132708 111552
134561 146773
134927 38760
137895 16575
137963 54327
138311 96277
139347 1465
139498 101950
140244 16575
141382 92056
141885 100296
143330 120021
143490 96277
143685 144524
144951 166716
145273 131553
146291 12442
149942 131553
152087 131028
154077 131553
155659 131553
160091 131553
165399 44325
165605 202918
168085 137930
168263 40003
171202 116537
172292 215415
174463 86358
176092 16575
176501 205764
176756 150986
181711 12442
181869 96277
185116 241306
186334 150986
187373 150986
189335 131553
189450 131553
191513 265909
197232 3141
201491 3303
202491 205764
204724 116800
205430 116800
206625 116800
213167 218526
214816 54852
216085 247431
216714 218526
217955 247431
218273 44325
