1 13 29185 181951
2 4 10
9 19 21 22 33
27 46 76983
36 48 51
39 49 55 61
87 1470 10293
89 98 122 2157 12257
112 117 1640 11305
164 165 166 264 6010 6576
181 1272 2671
186 198 239
194 196 226
216 217 233 3435 4437 5641 7496 13256 51175 74705
224 230 238 3545
236 249 250 255 258 262 327 129384
245 1085 1701
253 259 17383
285 286 3272 3871 10988
338 342 344 11153 50738
341 404 412 39887
345 365 1576
390 414 2176 9528 20303
418 425 2050
421 428 3845 9242
422 1160 1234
429 432 2410
591 3755 9321 66790
989 990 3600
1051 2606 9256
1054 1074 46341
1058 1059 1108 1739
1106 1107 1118 12827 13838
1114 1117 1193
1120 7471 9415
1156 1158 21427 21608
1235 1236 1241 1243
1263 1279 1312
1291 1294 1295
1315 1324 1459 10904 57144
1333 1397 1403 12579
1340 1346 1347 1350
1351 1362 1368 1407 17614
1358 1427 1473 4905
1373 1383 1388
1431 1433 5391 28157
1436 1505 21647
1468 1469 2876 37021 37022
1540 1541 1548
1592 1608 13292
1600 1602 1604
1620 1621 2940
1624 1627 1652 2994 3482 3483
1641 1643 140486
1699 1700 1722 1770
1705 22751 31807 59060
1714 1716 1725
1727 1728 1729 28085
1745 1746 1747
1749 1754 1769
1759 1762 1764 1765 1772 1773 4958 14166 14170 14232 14743 14785 16348 18918 27748 30745 35783 146403
1784 1785 1786 10713 60884
1793 1811 1815
1795 1797 1798
1805 1858 1943 1944
1819 1822 1824
1841 1842 2421
1909 1910 1912
1949 1955 48422
1964 1965 1966 1988 2378
1967 1968 1989
1970 1973 1974 1987 1998 2010
1975 2115 56837
2007 2008 2021 4314
2012 2014 2201 5046
2016 2017 130407
2018 2030 2035
2028 2029 2121
2032 2033 5426
2042 2056 124073
2065 2075 2076 3834 6820 33831
2108 2114 8271
2145 2162 7666
2172 2181 2212 3663 3689 11535
2208 2215 2217
2280 2281 2301
2305 2315 2319 2334
2310 2333 2340
2379 2380 2420
2432 2433 7268 8793 9223
2437 2440 2441 2444 8719
2453 2458 7153
2466 2467 2491 2529
2492 2134 2495 2503
2498 2502 2523
2538 2539 2541
2569 2570 2576
2575 2577 2580
2581 2582 3546
2603 2604 2632
2650 2651 2652 2656
2722 2725 2727
2743 2746 5780 5804
2784 2788 3280
2843 2848 3011
2845 2849 2886
2868 2875 2934
2906 2908 2909
2918 2921 3542 8902 18198 18863
2948 2965 3559
2951 2953 13064
2969 2970 3628
2974 2976 3325
2984 2988 43150 130468
2997 3000 34393
3002 3008 28155 28231
3129 3264 15993
3134 3421 9934 97214
3238 3239 3242
3246 3267 3365 3556
3273 3275 3285
3294 3637 11148 11648 11896 14591 17951 77124
3308 3309 3417
3333 3336 3341
3366 3371 3372
3396 3397 3404 3408
3493 3500 11576
3521 3523 4555 12669 32793
3533 3534 3535
3537 3538 3539 12858 28144 29306 64564 64583 145369
3579 3580 3586
3624 3625 3861
3715 3720 3740 109741
3718 3741 19664
3742 3744 4822
3774 3776 12671
3786 3794 3796
3830 3833 3848
3883 3884 3885 3887
3978 3980 4978
3983 3993 7454
3998 4002 4111
4003 4004 4005
4044 4047 4056
4113 4114 4115
4117 4119 4147
4187 4188 4225
4206 4207 4964
4228 4232 4233
4236 4238 4244
4262 4264 4265 4298
4285 4292 4293
4351 4360 4371
4497 10982 46495
4546 4547 4552 4556 23017
4570 4572 4584
4623 4624 4625
4662 4663 4683
4676 4677 4684
4738 4744 4750 4767 4768 24799
4739 4741 4874
4814 4815 4817 4819
4829 4836 4845
4878 4879 5761
4929 4931 4967 4976
4943 4950 4957
4947 4948 15827
4955 4960 14182
4972 4973 4974 4977
4996 5002 5010
5001 5027 5065 16731
5006 5049 5580
5043 5051 5052 5162
5044 5050 7669
5084 5086 5087
5103 5104 5107
5153 5156 5157
5232 5234 55653 119072 147842
5262 5267 5270
5273 5274 5278 5291
5295 5297 5302 35241
5341 5342 5343
5381 5383 5385 7742
5389 5392 5393 6517
5457 5458 5459
5566 5567 5569 5575
5628 5629 5630
5673 5676 5726
5768 5769 5774
5830 5831 5860
5884 5888 65459
5956 6077 17560
5957 5958 5963
6034 6035 6036 10064
6042 6044 6045
6046 6049 6052
6050 6056 21200
6063 6065 6070
6088 6089 6090 6181
6118 6119 6121
6199 6202 6210 6215
6203 6204 6209
6233 6234 6259
6268 6269 6270 6303 7440
6324 6326 6328 9561
6331 6336 6354
6372 6373 6374 11704
6435 6437 6438
6447 6449 6455 6486
6458 6461 6470 37583
6503 6504 6505
6529 6530 6539 6545
6541 6543 6547
6558 6559 6560 69194
6567 6610 12286
6677 6678 6679
6693 15355 18821 31894 32816
6851 6855 6856 11762 12307
6900 9907 10648 28469 148724
6925 6926 53946
6961 6963 6970
6981 6982 8489 25533
7034 13418 13509
7079 7084 19110
7099 7100 7106
7133 7223 15048
7135 7138 7139
7194 7196 7201
7203 7204 7211
7258 7259 7292 7486
7444 7445 7446
7491 7492 7493
7586 7587 7590
7600 7601 7607
7602 7604 12022
7644 7645 7965 8035
7675 7676 7677
7686 7687 154328
7725 7726 7727 7728
7731 7732 7733 56045
7774 8954 9722 41617
7856 7857 7862
7898 7899 7913
7916 7917 7919
7982 8002 18426
7997 7998 8000 8008
8179 8180 9177
8222 8224 8225
8235 8239 8245
8280 8287 60254
8301 8305 13280
8312 8313 16380
8354 8355 8356
8436 19439 33356
8452 8453 8458 8465 122757
8462 8463 8467
8570 8816 137528
8573 8577 8578 13046
8692 8698 9684
8694 8697 8701
8709 8710 8713
8759 8761 141323
8851 8859 10213 11320 11482
8924 8925 8926
8962 8970 38728
8979 8989 9004 16024
9085 9086 9087
9108 9136 30103
9163 9166 9190 10084
9229 9231 10224
9267 9272 9277
9289 9290 9293
9312 9328 166684
9363 9373 9408
9394 9395 9413
9422 9423 9424
9449 9451 33098
9464 9468 9501
9470 9472 9473 9481
9497 9500 14491
9541 9576 20228
9545 9552 9554 13894
9550 9551 9843 11169 12654 12656
9622 9623 15933
9624 9625 9631
9727 9745 9792 23075 41469 42009
9767 3301 3303 3304 9770 9787 21799
9815 9831 125076
9861 9878 9889
9905 9906 28070
9963 9966 34364
9977 9978 9979 9980 9990
10011 10024 10027
10022 10034 10046
10093 10099 10104
10094 10096 10101
10124 10126 10132
10145 10146 10148 130281 181926
10179 10183 10184
10223 10228 10231
10245 10246 14821
10341 10383 10402
10365 10367 10376
10443 10449 10834
10470 10477 15649
10707 10708 36745
10790 10791 10796
10930 10936 10947 10951
10996 16237 33971
11352 11362 11379
11389 11392 11397
11400 11401 11404
11761 11764 11779
12207 12209 18343 26979
12259 12271 12272
12320 12321 12328
12330 12346 12348 12414 13995 14577 15954 17761 28139 37954 56383 130478
12492 12526 22591
12503 12504 21393
12538 12539 62302
12608 12609 12611 12612 12751 13564 52702
12616 12617 43539
12639 28158 31814 43848 52143
12741 12759 12784
12765 12767 12768
12802 12816 12821
12836 12843 12854
12924 12925 12927
12961 12964 12978
12962 12966 16163 16194 45966
13003 13006 13009
13183 13215 130467
13202 13209 13212
13335 13336 13338 13339 13349
13375 13376 13409 21496
13448 14554 78530
13521 13522 13523 13526
13533 13546 29153
13662 14646 14650
13839 13853 13863 13864
14046 14047 126265
14105 14106 14109
14219 14220 14221
14231 14265 28738 44276
14249 14250 14261 14264
14371 14381 14383 14419
14430 14431 15186 27892
14530 14531 14532 31910 38448
14552 14596 138981
14676 14686 14728
14695 14700 14704
14766 14767 32085
14884 14979 22228
14910 14911 14914 14921 25986 108436 157255
14929 14930 14931
14942 14943 14945
14949 14951 14953
14958 14960 14982
15049 15051 141340
15126 15129 15130
15383 15385 15393
15552 16160 16182
15666 15758 16927
15701 15702 15703 15704 15749
15801 15802 15803
15812 17120 19318
15877 15898 21912 25583
15945 15950 15960
16022 16027 32919
16250 16251 44200
16315 16317 16347 16527
16698 16699 16740 16863
16847 16851 16852
16915 16916 54758 56312 155895
17128 17130 17372 37651
17152 17153 66812 171497
17185 17197 17202
17210 17211 17212
17224 17225 23714
17319 17329 17440
17320 20324 21713 26993 87717
17338 17345 17592 18105
17529 17604 17674
17584 17585 18104
17745 17746 17767
17760 17762 17772 17780
17778 17791 17807
17801 17805 17817
17871 17872 17874 32077
18111 18115 18117 18128 18137 18159 18255 24311
18153 18173 36225
18232 18238 18323 28198
18242 18246 18247
18269 18270 18272
18392 18399 18409 18512
18450 18452 34731 167978
18469 18470 18472
18529 18532 112693
18601 18602 18845
18644 18646 32859
18892 18896 18897 18907
18948 18949 19059
19000 19001 19002 25786
19112 19123 75061
19146 19148 19149
19274 19275 19291
19286 19290 23879 29705
19339 19505 28977 35055
19368 19441 19480
19526 19535 32228
19558 19559 27191 160487
19566 19567 22064 23932 23984 26556
19673 19675 38690
19674 19678 19683
19710 19714 105881 176590
19821 19825 19829 20074
19935 19937 20793 106755
19987 19995 20465 20654 20663
20066 20068 20978
20135 20140 20141
20151 20152 34709
20264 20290 38492 110394
20369 20391 27810 58529
20457 20458 30278
20487 20488 20540
20504 20505 28036
20599 20638 28245
20619 20838 27792 28164 37924 69964 82820
20670 20682 20693
20713 20714 35214
20732 20794 32592
20733 20760 20764
20857 20860 61303
20927 25194 25195 25196
21019 21020 21021
21112 21113 38277
21144 21146 21158
21149 21150 21160
21171 21173 21178
21296 21297 21299
21307 21318 21355
21320 21373 67689
21449 21451 27913
21460 21461 21477
21513 26615 26699
21534 21544 38152
21566 21567 21568
21645 21646 22677
21750 21801 21814
21803 21804 21805
21937 21944 29912
21971 21973 21977
22148 22149 23941
22189 22224 24434
22282 22283 22299
22372 22375 22386
22718 22720 67279
22848 23233 23281 28010
22884 22885 22927
22997 23000 23016 81017
23209 23211 23212
23357 23358 23608 81075
23572 23587 23654
23582 23584 23585
23622 23625 23626 23633
23640 23645 23656 24844
23838 23839 23850
23938 23940 23942
24119 24120 125459
24231 24248 24251
24249 24250 24254 24255 24276
24331 38326 51441 52256 52263
24341 24544 32602
24378 24413 33168
24436 24438 24442 186473
24522 24532 33514
24525 24529 24538
24563 24565 24579
24617 24618 36401
24705 24707 26004
24756 24757 24759
24802 24804 32729
24922 24925 24927 25252
24979 24984 25013 25336 41795
25096 25367 32773
25178 25179 25192
25183 25287 63190
25201 25205 25214 25219
25263 25264 25282 120158
25470 25472 103226
25480 25482 25485
25623 25625 66829
25843 25845 25894
25902 25903 25941
25999 26013 45174
26001 26002 26003
26105 26108 28090
26157 26158 28237
26209 26235 26506
26393 26397 26398 26417
26456 26457 26458
26535 26546 29104
26733 26736 26739
26809 26811 48969
26885 26889 26890 26907 117183 131131
27071 27955 32936
27127 27130 46202
27156 37056 46712
27166 27168 133122
27232 27233 27238
27277 27280 27348
27395 27397 27402 27421 27449
27484 27488 27492 36768
27581 27582 27584
27689 27703 27704
27690 27693 27699
27746 27747 27750
27766 27777 27795 27833
27808 27809 48141
27815 27819 27820 27827
28080 28081 28082 28083 28115 28465
28087 28097 70021
28100 28102 28261
28221 28223 28224
28225 29546 33405
28296 28315 28601 37687 37738 55292 57603 159860 182183
28325 28351 28377
28451 28454 28455
28529 28533 28577
28567 28569 60956
28686 28749 28899
28801 28802 28803 28814
28851 28854 28858 28912
28884 28886 28958
28891 28900 28910
28893 28895 28906
28927 28928 28929
29073 29077 29078 29100 44743
29192 29195 29198
29255 29257 73435
29291 29579 29851
29359 29441 29883 60275
29416 29419 45250
29460 29474 31942
29547 34809 52770
29598 29606 29613
29601 29603 29649
29741 29744 29745
29952 52121 52136
29962 29964 29965
30098 30102 30106
30136 30147 30149
30157 30158 55417 160931
30204 30205 139993
30207 30225 74660
30329 30341 54120 124181
30346 30348 30365
30355 30371 30585
30551 30552 30555
30728 30733 30748
32211 32212 32218
32285 32289 49802
32366 35700 75932
32697 32700 127947
32892 32905 32909
33142 33144 33153
33276 33279 54884
33324 33325 33333
33702 33733 34466
33704 33707 33720
33916 34062 147872
33994 34000 34011 34015
34154 34155 34166
34186 34188 34189
34230 34238 34240
34301 34303 34306
34358 34363 34366
34454 34455 34646
34524 34526 38247
34613 34685 46955
34625 46523 203636
34687 34688 34715
34757 34758 34760
34782 34788 34806
34969 34970 34972
35093 35094 42391
35313 35371 39478
35343 35344 35345
35411 35414 35415
35499 35503 35533
35580 35581 35911 42932 86630 103167
35657 35665 35666
35658 35667 35671
35716 36354 142608
35758 35759 35761 35766
35847 35848 42218
35852 44150 65611
36220 36221 36222
36291 36294 36853 148288
36311 36314 36350
36329 36331 36336
37307 37309 37312 37368
37499 67311 74621
37834 37835 58288
37877 37879 37880
37970 37971 37993 83975 126179
38129 38133 46159 51031
38297 38298 197576
38363 38364 38479
38760 38765 38911
38790 38799 38815
39138 39140 39141
39230 39232 62651
39499 39504 39506
39548 39549 43350
39649 39650 47434
39851 40886 41090
40062 40063 40066
40147 114033 157809 201509
40357 42584 42598 43741
40419 41223 134039
40459 40464 123067
40719 47117 179704 188796
40934 40946 45955 60733
40990 40992 51045
41463 41488 66730
41859 41894 68246
42079 42082 42583 140476
42129 42133 42517
42245 42629 49425 87808
42347 43994 44006 55800 60589
42474 42475 102424 120073
42642 42703 44528
42706 80968 137551
42749 42798 141656
42958 42959 42968
42983 43402 45457 49117
43361 43369 43390
43410 43414 162027
43436 43450 88056
43444 43448 155682
43462 43464 43477
43517 43518 43522 152366
43865 43867 43879
43892 43893 43896
43970 43974 49901
44037 44038 44039 44180 89795
44293 44295 51458
44443 44593 81166
44592 44595 44597
44677 44733 53518 59552
45070 45073 45074
45093 45102 189144
45601 45604 202285
45779 45797 46174
46142 46144 57356 87392 106468
46214 46215 46250
46315 46321 59687 108385 108684
46979 46988 52670 196941
47157 57549 103956
47448 47460 47479
47819 48408 55849
47886 47887 104022 182426
47924 47925 47951
48085 50298 52069
48837 49069 95461
48901 48902 48962
48935 48943 55590
49053 49070 86151
50221 50222 154380
50223 50483 52669
50491 50498 50608
51065 51066 51778
51583 51584 104830
51689 51691 51702
51739 51740 51741
52179 52183 55121
52184 52186 52187
52339 52351 52876
52596 57372 58287
52833 52837 194550
53064 53066 53067
53225 54541 54822
53601 53605 53607
54025 54029 54034 54035 67482
54149 54162 54164
54771 54772 54854
54806 56674 65242
55666 55669 55670 55671 55715
56620 56621 162256
56635 104153 177760 193858 199496
56838 56839 149718
57913 57915 57995
58168 58922 60020 67513
58203 58204 79196
58405 58408 58409
58594 58646 60041
59403 59406 59407
60826 60827 60829
60894 60895 85438
60897 66949 110918
60906 60924 60930
61115 61125 61214
61541 61544 137503
61641 61651 69822
61818 61819 66937
61957 61959 86042
61967 61992 116773
62210 62225 83586
62387 62393 83687
62982 62989 84656
63170 63173 63174
63630 58833 63636 63654
63748 63751 63898
63758 63761 63958
64353 64364 133801
64692 64695 64714
64799 64805 64864
65557 65558 65578 65580 65587
65922 65926 65929 119669
66192 66194 66298
66250 66252 66253
67121 67123 67129
67157 67162 67287
67237 67238 67239
68447 68450 68466
68611 68614 68618
69009 69010 69011
69045 69047 69053
69076 69081 69226
69108 82271 94049 186696
69391 69397 125172
70225 70228 135851
72855 72856 72858
73005 73012 73022 140442 140446
73168 73176 119324 143914
74618 74813 97229 97377
75360 75383 75436
75510 75514 75555 128055
77309 77311 77321
77423 77424 77426
79112 81339 91431 144816
81692 105508 109469
81769 81774 81775
82313 82314 82322
82339 92165 96297
85290 85301 86746
86920 86938 92208
87167 87196 87218
87410 87726 167306
87897 87900 88289
88088 88222 96486 110876
88120 88841 129296
88263 88278 91750
88306 88443 88995
88431 88440 88441
88633 88642 89185
88909 98998 158273
88923 88953 89065
89020 89021 89029
89622 90264 91661 149538
89737 89738 89774
90141 115664 188229
90152 90160 118872
90250 90375 91462
91656 91657 91662 91667
91888 91889 93055 110307
92480 92506 92524
92565 93678 102551
93609 93615 93616
93846 93868 93972
95192 96938 114173
95678 95679 95699
95753 95766 95830
95975 95980 114798
96253 96259 125133
96546 96561 170138
97304 115603 129032
97893 99062 104200
100657 100659 114041
100726 100728 102250
100991 101260 106805
101498 106278 115563
102821 119632 166934
103328 104263 104322
104585 104587 104588
104842 104844 104850
105503 105504 204721
105902 112461 113079 147932
106028 106037 106038 106313
107107 107111 107127
107196 107201 107231
108926 108927 108975
109833 110497 110772
110041 147891 147915
110939 110940 110942
111307 111313 115198
111525 111529 111536
111836 111841 111843
112040 112054 112111
113387 113402 130321
115020 115038 128260
115786 115790 119610 138480
116473 116493 116572 116675
117588 117593 117598
118741 118743 118754 118786
120394 120441 120453
121069 121070 195916
123129 123133 129811
123695 123697 123716 123772
123765 123829 123844
124344 124604 125422
125121 125155 133246
125140 125143 125679 125805
125250 125311 125319
125339 125398 133619
125719 125721 140841
126019 126344 126367
126117 126118 137784
129074 129075 137699
129174 129177 169608
129886 129946 135365 140625
130922 130923 153930
131545 131548 131560
131851 131853 131858
131931 132014 132079
132368 132375 132576
132708 132709 132712
132753 132763 132849
134561 134614 143789
134927 134935 134936
136711 152172 168294
137895 137898 187579
137963 137964 172669
138311 138313 138314 138315 138373
139347 139348 139356
139498 139504 139511
140244 140246 140248
141382 141387 141402
141885 141887 141895 141924
143330 143373 143579 144430 144447 145358
143490 143491 143498
143685 143686 143691
144951 145395 147897
145273 145277 145281
146291 146300 146305
149942 150212 151565
152087 152090 152174
154077 154094 192178
155659 155663 155665
160091 160095 175996 193406
165399 165509 165510
165605 165606 165663
168085 168092 168107
168263 168281 182952
171202 171203 184831
172292 172293 172298
172837 174607 174728
174463 174464 174466
176092 176097 176101
176501 176503 176528 176532 176549
176756 176757 176758
181711 181716 181763
181869 181870 181875
185116 186052 187702 199181 205536
186334 186348 202022
187373 187417 187433
189335 189336 189435
189450 189460 189727
191513 191669 197205
197232 197233 197304
201491 201493 201494
202491 202492 202494
204724 204725 204730
205430 205434 205494
206625 206629 206667
213167 213168 213344
214816 214817 214838
216085 216086 216092
216714 215550 216715 216719
217955 217961 217962 217963 217970 218046
218273 218275 218276
