1 10
2 7
9 17
27 49
36 7
39 51
87 61
89 80
112 7
164 102
181 113
186 116
194 105
216 119
224 35
236 136
245 137
253 140
285 7
338 144
341 162
345 3
390 105
418 9
421 133
422 137
429 113
591 501
989 344
1051 169
1054 137
1058 13
1106 75
1114 112
1120 197
1156 137
1235 3
1263 137
1291 100
1315 335
1333 98
1340 360
1351 366
1358 366
1373 137
1431 47
1436 366
1468 412
1540 445
1592 113
1600 480
1620 412
1624 482
1641 34
1699 511
1705 514
1714 382
1727 15
1745 106
1749 366
1759 136
1784 474
1793 334
1795 366
1805 113
1819 116
1841 509
1909 75
1949 307
1964 137
1967 539
1970 15
1975 475
2007 14
2012 464
2016 594
2018 594
2028 594
2032 382
2042 113
2065 354
2108 494
2145 189
2172 15
2208 161
2280 474
2305 3
2310 802
2379 831
2432 363
2437 433
2453 850
2466 363
2492 294
2498 38
2538 299
2569 143
2575 137
2581 934
2603 503
2650 3
2722 1023
2743 366
2784 633
2843 594
2845 992
2868 1086
2906 495
2918 75
2948 1068
2951 363
2969 1144
2974 1145
2984 7
2997 892
3002 7
3129 1144
3134 874
3238 38
3246 1279
3273 1299
3294 1309
3308 137
3333 1299
3366 139
3396 513
3493 1250
3521 1432
3533 1207
3537 985
3579 135
3624 912
3715 7
3718 7
3742 366
3774 136
3786 1279
3830 1513
3883 1510
3978 156
3983 1063
3998 1279
4003 1279
4044 1719
4113 1120
4117 706
4187 1250
4206 136
4228 1279
4236 1120
4262 136
4285 1597
4351 1770
4497 1619
4546 511
4570 1770
4623 2044
4662 706
4676 2088
4738 1891
4739 1891
4814 2195
4829 797
4878 2192
4929 2271
4943 121
4947 1863
4955 1279
4972 344
4996 1863
5001 2192
5006 2192
5043 1926
5044 2338
5084 2360
5103 2365
5153 1829
5232 2365
5262 1279
5273 2499
5295 198
5341 2499
5381 1270
5389 38
5457 344
5566 344
5628 2705
5673 1526
5768 594
5830 1064
5884 2522
5956 2502
5957 594
6034 2947
6042 594
6046 571
6050 1926
6063 344
6088 334
6118 1967
6199 2804
6203 992
6233 1465
6268 3071
6324 38
6331 1229
6372 3075
6435 280
6447 3049
6458 3078
6503 1671
6529 3219
6541 1167
6558 2829
6567 155
6677 344
6693 3295
6851 2242
6900 2934
6925 2275
6961 594
6981 1465
7034 1084
7079 4895
7099 185
7133 3183
7135 2999
7194 2999
7203 3582
7258 137
7444 594
7491 2999
7586 3869
7600 3874
7602 594
7644 594
7675 3926
7686 3050
7725 3803
7731 294
7774 3550
7856 3065
7898 280
7916 981
7982 1357
7997 3446
8179 4293
8222 3099
8235 1295
8280 4369
8301 633
8312 2422
8354 4414
8436 4332
8452 4174
8462 4496
8570 2713
8573 4403
8692 10
8694 1120
8709 4158
8759 2633
8851 2378
8924 4704
8962 4540
8979 511
9085 3267
9108 4188
9163 4704
9229 1465
9267 5110
9289 3522
9312 344
9363 5164
9394 4332
9422 170
9449 5224
9464 5234
9470 1863
9497 56
9541 26
9545 4895
9550 143
9622 4332
9624 297
9727 1863
9767 3868
9815 4403
9861 5511
9905 5208
9963 5387
9977 1198
10011 526
10022 5660
10093 5696
10094 594
10124 5697
10145 344
10179 675
10223 2999
10245 5699
10341 5846
10365 3875
10443 5066
10470 4034
10707 1430
10790 5208
10930 2999
10996 5898
11352 5699
11389 5156
11400 981
11761 5892
12207 7124
12259 2506
12320 4616
12330 6955
12492 7325
12503 7338
12538 511
12608 3415
12616 7423
12639 7440
12741 836
12765 36
12802 267
12836 7617
12924 1250
12961 2829
12962 7115
13003 267
13183 5194
13202 790
13335 1510
13375 6098
13448 729
13521 3251
13533 280
13662 2999
13839 7776
14046 4816
14105 8483
14219 235
14231 440
14249 8564
14371 7148
14430 440
14530 5564
14552 5092
14676 5632
14695 5636
14766 267
14884 2688
14910 6118
14929 7753
14942 2113
14949 5128
14958 7783
15049 9162
15126 9240
15383 9457
15552 9573
15666 7920
15701 1097
15801 9745
15812 9753
15877 1353
15945 9878
16022 366
16250 8232
16315 2199
16698 10192
16847 10192
16915 10585
17128 4168
17152 1465
17185 1097
17210 493
17224 2509
17319 10
17320 433
17338 3812
17529 5726
17584 3812
17745 2633
17760 11219
17778 503
17801 10224
17871 3415
18111 10782
18153 8004
18232 11545
18242 7264
18269 1863
18392 2688
18450 6398
18469 11642
18529 5342
18601 11823
18644 5892
18892 11331
18948 12026
19000 3258
19112 8943
19146 12256
19274 12363
19286 8842
19339 12416
19368 12424
19526 5564
19558 12620
19566 12438
19673 12716
19674 11598
19710 9511
19821 12502
19935 3303
19987 981
20066 7489
20135 511
20151 9693
20264 13150
20369 511
20457 6276
20487 13309
20504 10645
20599 13382
20619 686
20670 12600
20713 13483
20732 10988
20733 12915
20857 13594
20927 981
21019 13698
21112 7889
21144 4666
21149 13801
21171 8455
21296 2220
21307 5892
21320 8452
21449 7815
21460 10787
21513 14079
21534 7815
21566 14109
21645 14154
21750 14215
21803 6052
21937 14080
21971 14368
22148 14314
22189 11967
22282 11474
22372 9225
22718 14080
22848 6822
22884 14958
22997 15112
23209 12953
23357 15300
23572 15206
23582 14738
23622 15448
23640 14049
23838 440
23938 15766
24119 11209
24231 13432
24249 5133
24331 16017
24341 16055
24378 15718
24436 10561
24522 3477
24525 16187
24563 5476
24617 1260
24705 16005
24756 16212
24802 8374
24922 16395
24979 6052
25096 5926
25178 16571
25183 4295
25201 14320
25263 9368
25470 14708
25480 2960
25623 5892
25843 12778
25902 15415
25999 3567
26001 8202
26105 258
26157 475
26209 17159
26393 85
26456 16485
26535 17446
26733 4345
26809 13267
26885 17674
27071 17159
27127 4210
27156 5342
27166 17812
27232 34
27277 9556
27395 17930
27484 5551
27581 18096
27689 14664
27690 14664
27746 18204
27766 366
27808 440
27815 18235
28080 440
28087 622
28100 17099
28221 16621
28225 13351
28296 16575
28325 18198
28451 8865
28529 1261
28567 10950
28686 10318
28801 5551
28851 14650
28884 14080
28891 18690
28893 280
28927 14799
29073 19032
29192 16471
29255 18071
29291 14562
29359 19228
29416 10370
29460 20301
29547 70
29598 20369
29601 18752
29741 14275
29952 20690
29962 15877
30098 20810
30136 9556
30157 20810
30204 20892
30207 14562
30329 7754
30346 7754
30355 21009
30551 47240
30728 5551
32211 22622
32285 14080
32366 15581
32697 2241
32892 22950
33142 15568
33276 23515
33324 23557
33702 9677
33704 15568
33916 2960
33994 14568
34154 11598
34186 24172
34230 24195
34301 23655
34358 24294
34454 10
34524 17808
34613 6052
34625 5387
34687 12723
34757 24552
34782 24569
34969 16575
35093 7815
35313 24979
35343 22983
35411 21072
35499 3065
35580 25137
35657 22441
35658 25189
35716 25150
35758 23379
35847 11209
35852 25301
36220 25632
36291 25674
36311 435
36329 25705
37307 25343
37499 7813
37834 137
37877 15548
37970 7425
38129 15718
38297 9556
38363 27325
38760 16096
38790 5566
39138 12453
39230 16606
39499 1480
39548 7815
39649 16606
39851 27842
40062 28838
40147 18071
40357 16606
40419 15074
40459 23353
40719 23978
40934 28550
40990 25378
41463 198
41859 16606
42079 30631
42129 30780
42245 16575
42347 22897
42474 16575
42642 11028
42706 5212
42749 12427
42958 31555
42983 31612
43361 5235
43410 25278
43436 24027
43444 31989
43462 5785
43517 31555
43865 2960
43892 32459
43970 16170
44037 600
44293 29900
44443 32923
44592 30106
44677 30074
45070 33626
45093 10373
45601 34159
45779 511
46142 34694
46214 11598
46315 33553
46979 258
47157 34212
47448 13309
47819 15403
47886 36484
47924 33824
48085 7776
48837 37264
48901 267
48935 26586
49053 37485
50221 38497
50223 7783
50491 5342
51065 7425
51583 39386
51689 7341
51739 198
52179 9993
52184 19066
52339 40422
52596 40689
52833 40983
53064 19271
53225 693
53601 17483
54025 42227
54149 32543
54771 42988
54806 43016
55666 41979
56620 44817
56635 44838
56838 17994
57913 41995
58168 5892
58203 5342
58405 30106
58594 47968
59403 48087
60826 19207
60894 5342
60897 50414
60906 50414
61115 50793
61541 51280
61641 51294
61818 13613
61957 28046
61967 43033
62210 52084
62387 52340
62982 7425
63170 53273
63630 53875
63748 22897
63758 54034
64353 52165
64692 55139
64799 55268
65557 56268
65922 9864
66192 55397
66250 47542
67121 55397
67157 16963
67237 26876
68447 11172
68611 639
69009 34933
69045 57141
69076 53576
69108 3390
69391 60714
70225 2829
72855 16575
73005 25737
73168 51657
74618 16575
75360 33654
75510 65504
77309 9754
77423 16170
79112 69253
81692 6813
81769 51566
82313 30106
82339 59988
85290 65632
86920 71029
87167 16832
87410 79764
87897 67339
88088 1836
88120 28455
88263 80912
88306 4870
88431 56102
88633 60186
88909 79557
88923 28716
89020 9693
89622 82643
89737 41884
90141 16575
90152 41884
90250 71977
91656 84981
91888 89861
92480 37436
92565 16575
93609 87333
93846 86241
95192 11941
95678 89814
95753 84874
95975 90248
96253 86591
96546 91044
97304 91819
97893 92988
100657 95581
100726 95658
100991 23997
101498 96758
102821 26141
103328 15354
104585 101137
104842 91980
105503 44325
105902 95577
106028 103304
107107 104843
107196 104986
108926 77524
109833 102415
110041 27870
110939 14843
111307 72144
111525 103798
111836 65397
112040 76196
113387 95577
115020 25234
115786 92384
116473 100457
117588 120167
118741 91334
120394 106309
121069 501
123129 127433
123695 128265
123765 32742
124344 129270
125121 130726
125140 119255
125250 127850
125339 53576
125719 17235
126019 132132
126117 26572
129074 86347
129174 103805
129886 11907
130922 140316
131545 14890
131851 33681
131931 96178
132368 20518
132708 131868
132753 92056
134561 146773
134927 76924
136711 75478
137895 152874
137963 152996
138311 81626
139347 155542
139498 155826
140244 157240
141382 159314
141885 129501
143330 80731
143490 12055
143685 7425
144951 165835
145273 30602
146291 114115
149942 90702
152087 107603
154077 181376
155659 184151
160091 15581
165399 202794
165605 203131
168085 181742
168263 60123
171202 116537
172292 215415
172837 216610
174463 219782
176092 110425
176501 3281
176756 70950
181711 234065
181869 131553
185116 241306
186334 243737
187373 231229
189335 249780
189450 250036
191513 20491
197232 265956
201491 270310
202491 7425
204724 173300
205430 282194
206625 149294
213167 297548
214816 300993
216085 303563
216714 96259
217955 58896
218273 242582
