1 3
2 7
3 9
4 10
5 13
6 14
7 15
8 17
9 19
10 20
11 21
12 22
13 26
14 29
15 30
16 31
17 34
18 35
19 36
20 37
21 38
22 43
23 45
24 47
25 49
26 51
27 56
28 57
29 61
30 63
31 64
32 65
33 67
34 70
35 75
36 79
37 80
38 81
39 85
40 86
41 98
42 100
43 102
44 105
45 106
46 112
47 113
48 116
49 119
50 121
51 133
52 135
53 136
54 137
55 139
56 140
57 143
58 144
59 155
60 156
61 161
62 162
63 169
64 170
65 174
66 176
67 177
68 185
69 189
70 196
71 197
72 198
73 199
74 201
75 219
76 222
77 235
78 237
79 258
80 267
81 280
82 294
83 297
84 299
85 304
86 305
87 307
88 315
89 316
90 334
91 335
92 344
93 354
94 360
95 363
96 365
97 366
98 371
99 379
100 382
101 401
102 412
103 423
104 428
105 433
106 435
107 440
108 445
109 464
110 468
111 474
112 475
113 480
114 482
115 493
116 494
117 495
118 501
119 503
120 509
121 511
122 513
123 514
124 526
125 531
126 539
127 540
128 571
129 594
130 600
131 622
132 633
133 639
134 646
135 675
136 686
137 693
138 706
139 708
140 727
141 729
142 739
143 789
144 790
145 792
146 793
147 797
148 798
149 802
150 820
151 831
152 836
153 842
154 850
155 874
156 877
157 892
158 912
159 921
160 922
161 927
162 934
163 938
164 965
165 981
166 985
167 992
168 993
169 994
170 1023
171 1063
172 1064
173 1068
174 1072
175 1084
176 1086
177 1097
178 1120
179 1144
180 1145
181 1155
182 1163
183 1167
184 1198
185 1204
186 1205
187 1207
188 1229
189 1250
190 1260
191 1261
192 1270
193 1274
194 1279
195 1295
196 1299
197 1306
198 1309
199 1338
200 1353
201 1357
202 1372
203 1405
204 1417
205 1420
206 1430
207 1432
208 1448
209 1460
210 1463
211 1465
212 1480
213 1510
214 1513
215 1516
216 1518
217 1522
218 1526
219 1564
220 1568
221 1576
222 1597
223 1619
224 1645
225 1659
226 1671
227 1683
228 1719
229 1751
230 1770
231 1789
232 1813
233 1829
234 1836
235 1856
236 1863
237 1884
238 1891
239 1926
240 1951
241 1967
242 1978
243 2002
244 2044
245 2056
246 2073
247 2077
248 2088
249 2113
250 2132
251 2144
252 2165
253 2171
254 2192
255 2195
256 2199
257 2220
258 2236
259 2241
260 2242
261 2259
262 2271
263 2274
264 2275
265 2292
266 2293
267 2322
268 2338
269 2340
270 2360
271 2365
272 2378
273 2413
274 2422
275 2433
276 2451
277 2457
278 2471
279 2474
280 2499
281 2502
282 2506
283 2509
284 2522
285 2603
286 2633
287 2679
288 2688
289 2705
290 2713
291 2721
292 2804
293 2829
294 2890
295 2897
296 2926
297 2934
298 2947
299 2960
300 2973
301 2974
302 2999
303 3001
304 3009
305 3049
306 3050
307 3063
308 3065
309 3071
310 3075
311 3078
312 3099
313 3116
314 3141
315 3151
316 3183
317 3190
318 3191
319 3219
320 3251
321 3258
322 3267
323 3281
324 3295
325 3303
326 3371
327 3385
328 3390
329 3394
330 3415
331 3446
332 3458
333 3477
334 3522
335 3550
336 3567
337 3573
338 3582
339 3604
340 3613
341 3646
342 3781
343 3803
344 3808
345 3812
346 3868
347 3869
348 3874
349 3875
350 3901
351 3902
352 3919
353 3926
354 3976
355 4003
356 4034
357 4100
358 4123
359 4158
360 4168
361 4174
362 4188
363 4210
364 4229
365 4293
366 4295
367 4332
368 4345
369 4369
370 4378
371 4403
372 4414
373 4450
374 4496
375 4500
376 4540
377 4616
378 4666
379 4704
380 4713
381 4767
382 4816
383 4870
384 4880
385 4888
386 4892
387 4895
388 4901
389 4925
390 4934
391 4974
392 5013
393 5024
394 5050
395 5066
396 5077
397 5092
398 5110
399 5128
400 5132
401 5133
402 5156
403 5164
404 5167
405 5194
406 5197
407 5208
408 5212
409 5224
410 5234
411 5235
412 5342
413 5343
414 5387
415 5390
416 5439
417 5470
418 5476
419 5501
420 5511
421 5551
422 5564
423 5566
424 5571
425 5626
426 5632
427 5636
428 5660
429 5661
430 5669
431 5693
432 5696
433 5697
434 5699
435 5726
436 5785
437 5846
438 5892
439 5898
440 5908
441 5926
442 5946
443 6052
444 6098
445 6118
446 6181
447 6204
448 6234
449 6235
450 6237
451 6276
452 6299
453 6362
454 6365
455 6374
456 6398
457 6464
458 6476
459 6484
460 6498
461 6617
462 6638
463 6779
464 6813
465 6815
466 6817
467 6822
468 6830
469 6955
470 6969
471 7012
472 7034
473 7115
474 7124
475 7148
476 7169
477 7176
478 7197
479 7227
480 7240
481 7264
482 7268
483 7288
484 7325
485 7338
486 7341
487 7349
488 7371
489 7394
490 7422
491 7423
492 7425
493 7440
494 7488
495 7489
496 7521
497 7554
498 7617
499 7652
500 7753
501 7754
502 7776
503 7783
504 7813
505 7815
506 7851
507 7889
508 7890
509 7920
510 7936
511 7973
512 7981
513 8004
514 8041
515 8048
516 8129
517 8197
518 8202
519 8232
520 8244
521 8301
522 8374
523 8452
524 8455
525 8483
526 8522
527 8561
528 8564
529 8661
530 8710
531 8767
532 8842
533 8853
534 8865
535 8927
536 8943
537 8981
538 9052
539 9070
540 9139
541 9160
542 9162
543 9165
544 9225
545 9240
546 9368
547 9369
548 9438
549 9457
550 9468
551 9498
552 9511
553 9521
554 9544
555 9556
556 9573
557 9638
558 9677
559 9693
560 9745
561 9753
562 9754
563 9779
564 9864
565 9865
566 9878
567 9897
568 9955
569 9993
570 10040
571 10042
572 10050
573 10069
574 10091
575 10192
576 10208
577 10210
578 10224
579 10318
580 10370
581 10373
582 10381
583 10561
584 10585
585 10596
586 10645
587 10680
588 10686
589 10731
590 10782
591 10787
592 10812
593 10887
594 10913
595 10950
596 10956
597 10988
598 11028
599 11084
600 11153
601 11172
602 11190
603 11209
604 11219
605 11229
606 11251
607 11257
608 11331
609 11343
610 11392
611 11471
612 11474
613 11489
614 11545
615 11595
616 11598
617 11612
618 11642
619 11666
620 11720
621 11823
622 11907
623 11938
624 11941
625 11967
626 11986
627 12026
628 12055
629 12155
630 12256
631 12357
632 12363
633 12401
634 12416
635 12421
636 12424
637 12427
638 12438
639 12442
640 12453
641 12477
642 12502
643 12600
644 12620
645 12677
646 12711
647 12716
648 12723
649 12778
650 12915
651 12953
652 13063
653 13112
654 13117
655 13150
656 13178
657 13267
658 13309
659 13351
660 13382
661 13391
662 13432
663 13452
664 13482
665 13483
666 13501
667 13575
668 13576
669 13594
670 13613
671 13618
672 13651
673 13665
674 13698
675 13772
676 13801
677 13956
678 13958
679 13993
680 14049
681 14079
682 14080
683 14103
684 14109
685 14154
686 14193
687 14215
688 14275
689 14280
690 14313
691 14314
692 14320
693 14330
694 14368
695 14446
696 14464
697 14539
698 14562
699 14568
700 14650
701 14664
702 14708
703 14738
704 14758
705 14799
706 14818
707 14843
708 14890
709 14958
710 15012
711 15068
712 15074
713 15091
714 15112
715 15134
716 15206
717 15241
718 15300
719 15309
720 15354
721 15403
722 15415
723 15428
724 15448
725 15453
726 15494
727 15548
728 15562
729 15568
730 15575
731 15581
732 15589
733 15713
734 15718
735 15766
736 15788
737 15798
738 15877
739 15975
740 16005
741 16017
742 16022
743 16023
744 16055
745 16078
746 16096
747 16102
748 16116
749 16170
750 16187
751 16191
752 16212
753 16265
754 16320
755 16327
756 16389
757 16395
758 16437
759 16471
760 16485
761 16486
762 16488
763 16571
764 16575
765 16606
766 16621
767 16666
768 16681
769 16698
770 16773
771 16832
772 16963
773 17086
774 17099
775 17159
776 17235
777 17286
778 17446
779 17476
780 17483
781 17637
782 17674
783 17710
784 17720
785 17770
786 17771
787 17808
788 17812
789 17835
790 17930
791 17994
792 18071
793 18096
794 18198
795 18204
796 18233
797 18235
798 18296
799 18334
800 18379
801 18423
802 18437
803 18442
804 18445
805 18570
806 18670
807 18675
808 18690
809 18752
810 18790
811 18962
812 18985
813 19011
814 19032
815 19066
816 19068
817 19073
818 19168
819 19193
820 19194
821 19207
822 19228
823 19271
824 20301
825 20313
826 20369
827 20400
828 20417
829 20468
830 20491
831 20518
832 20651
833 20690
834 20810
835 20813
836 20843
837 20866
838 20892
839 20940
840 21009
841 21072
842 21217
843 21310
844 21343
845 22422
846 22441
847 22475
848 22622
849 22637
850 22897
851 22950
852 22983
853 23023
854 23128
855 23235
856 23247
857 23293
858 23353
859 23365
860 23379
861 23417
862 23436
863 23437
864 23463
865 23515
866 23557
867 23562
868 23579
869 23607
870 23655
871 23686
872 23691
873 23851
874 23978
875 23997
876 24027
877 24120
878 24154
879 24172
880 24179
881 24195
882 24294
883 24318
884 24450
885 24534
886 24552
887 24569
888 24590
889 24617
890 24767
891 24915
892 24933
893 24979
894 25084
895 25096
896 25137
897 25150
898 25160
899 25189
900 25209
901 25234
902 25278
903 25301
904 25343
905 25378
906 25403
907 25632
908 25635
909 25674
910 25705
911 25737
912 25778
913 26034
914 26141
915 26313
916 26392
917 26572
918 26586
919 26849
920 26876
921 27047
922 27149
923 27163
924 27285
925 27325
926 27328
927 27385
928 27413
929 27425
930 27842
931 27870
932 28046
933 28097
934 28310
935 28455
936 28550
937 28692
938 28716
939 28838
940 29545
941 29638
942 29785
943 29818
944 29900
945 30074
946 30106
947 30165
948 30171
949 30425
950 30467
951 30530
952 30602
953 30631
954 30680
955 30734
956 30767
957 30780
958 30866
959 31026
960 31206
961 31555
962 31559
963 31596
964 31612
965 31626
966 31722
967 31989
968 32416
969 32459
970 32482
971 32513
972 32543
973 32551
974 32601
975 32684
976 32742
977 32923
978 33013
979 33031
980 33242
981 33280
982 33346
983 33553
984 33626
985 33654
986 33681
987 33734
988 33816
989 33824
990 34012
991 34159
992 34212
993 34694
994 34705
995 34719
996 34732
997 34927
998 34933
999 34998
1000 35341
1001 35563
1002 36039
1003 36050
1004 36408
1005 36484
1006 37264
1007 37404
1008 37436
1009 37485
1010 37548
1011 37823
1012 37876
1013 38018
1014 38208
1015 38497
1016 38577
1017 38645
1018 38760
1019 39209
1020 39344
1021 39351
1022 39386
1023 39596
1024 39717
1025 39719
1026 39896
1027 40003
1028 40036
1029 40164
1030 40246
1031 40344
1032 40422
1033 40689
1034 40793
1035 40983
1036 41028
1037 41714
1038 41884
1039 41979
1040 41995
1041 42146
1042 42227
1043 42320
1044 42973
1045 42988
1046 43016
1047 43033
1048 43090
1049 43641
1050 43784
1051 43847
1052 44025
1053 44325
1054 44446
1055 44470
1056 44506
1057 44585
1058 44817
1059 44838
1060 46018
1061 46032
1062 46332
1063 46536
1064 46559
1065 46784
1066 47208
1067 47240
1068 47542
1069 47546
1070 47968
1071 48087
1072 48145
1073 48358
1074 49041
1075 49188
1076 49534
1077 50381
1078 50414
1079 50481
1080 50793
1081 50927
1082 51021
1083 51280
1084 51294
1085 51566
1086 51657
1087 51737
1088 51781
1089 52084
1090 52165
1091 52340
1092 52379
1093 52652
1094 52701
1095 53273
1096 53438
1097 53576
1098 53661
1099 53875
1100 54034
1101 54327
1102 54852
1103 54918
1104 54980
1105 54997
1106 55139
1107 55167
1108 55268
1109 55397
1110 56102
1111 56143
1112 56268
1113 56284
1114 56301
1115 56662
1116 57107
1117 57141
1118 57153
1119 57820
1120 57829
1121 57926
1122 58149
1123 58214
1124 58226
1125 58266
1126 58461
1127 58505
1128 58561
1129 58715
1130 58896
1131 59365
1132 59438
1133 59638
1134 59651
1135 59988
1136 60123
1137 60186
1138 60252
1139 60279
1140 60714
1141 61257
1142 61296
1143 61395
1144 61541
1145 62445
1146 63813
1147 63833
1148 64158
1149 64331
1150 64549
1151 64756
1152 65397
1153 65466
1154 65504
1155 65632
1156 65937
1157 67167
1158 67339
1159 68043
1160 68125
1161 68660
1162 69037
1163 69253
1164 70950
1165 71029
1166 71168
1167 71490
1168 71754
1169 71977
1170 72144
1171 72228
1172 72805
1173 73528
1174 74656
1175 75037
1176 75084
1177 75478
1178 76196
1179 76924
1180 77524
1181 77812
1182 78031
1183 78642
1184 78894
1185 79557
1186 79764
1187 79766
1188 79960
1189 80176
1190 80731
1191 80912
1192 81105
1193 81626
1194 81639
1195 81670
1196 81812
1197 81870
1198 81929
1199 81971
1200 82097
1201 82426
1202 82643
1203 82877
1204 83467
1205 83603
1206 84686
1207 84874
1208 84981
1209 84986
1210 84999
1211 85511
1212 85650
1213 86024
1214 86241
1215 86347
1216 86358
1217 86591
1218 87333
1219 88024
1220 89546
1221 89702
1222 89814
1223 89845
1224 89861
1225 90248
1226 90698
1227 90702
1228 90968
1229 91044
1230 91072
1231 91334
1232 91819
1233 91980
1234 92056
1235 92094
1236 92384
1237 92988
1238 93894
1239 94756
1240 94802
1241 95577
1242 95581
1243 95658
1244 95661
1245 95882
1246 96178
1247 96259
1248 96277
1249 96758
1250 96966
1251 97734
1252 97973
1253 100287
1254 100296
1255 100457
1256 100477
1257 100594
1258 101133
1259 101137
1260 101950
1261 102415
1262 103265
1263 103304
1264 103327
1265 103614
1266 103798
1267 103805
1268 103911
1269 104400
1270 104843
1271 104946
1272 104986
1273 106309
1274 107603
1275 107718
1276 108145
1277 108846
1278 108847
1279 110425
1280 110633
1281 110779
1282 111552
1283 113090
1284 114115
1285 114824
1286 115097
1287 116235
1288 116537
1289 116671
1290 116800
1291 116933
1292 117218
1293 118172
1294 118637
1295 119023
1296 119255
1297 119358
1298 119408
1299 119593
1300 120021
1301 120167
1302 121414
1303 121459
1304 121599
1305 121800
1306 122778
1307 123653
1308 124763
1309 126666
1310 126934
1311 127343
1312 127433
1313 127850
1314 128227
1315 128265
1316 128294
1317 128380
1318 128445
1319 128812
1320 128974
1321 129270
1322 129501
1323 130726
1324 130764
1325 130792
1326 131028
1327 131216
1328 131553
1329 131593
1330 131610
1331 131804
1332 131868
1333 132132
1334 133123
1335 133420
1336 135484
1337 135825
1338 137930
1339 138566
1340 139482
1341 140151
1342 140316
1343 142863
1344 144136
1345 144389
1346 144398
1347 144524
1348 145429
1349 145687
1350 146132
1351 146330
1352 146773
1353 148271
1354 149294
1355 150986
1356 152235
1357 152342
1358 152677
1359 152843
1360 152874
1361 152996
1362 153762
1363 153954
1364 155542
1365 155826
1366 157240
1367 157717
1368 157995
1369 158334
1370 159314
1371 159317
1372 159621
1373 159757
1374 160224
1375 163656
1376 164848
1377 165275
1378 165835
1379 166637
1380 166716
1381 168272
1382 170720
1383 172227
1384 173212
1385 173300
1386 177540
1387 179012
1388 181376
1389 181742
1390 181887
1391 184151
1392 184597
1393 187959
1394 188851
1395 193101
1396 202794
1397 202918
1398 202974
1399 203131
1400 204978
1401 205764
1402 206006
1403 207284
1404 207977
1405 209414
1406 215415
1407 216232
1408 216610
1409 218526
1410 219782
1411 222586
1412 223632
1413 223695
1414 226206
1415 229081
1416 231229
1417 234065
1418 234457
1419 240709
1420 241306
1421 241763
1422 242582
1423 243737
1424 244844
1425 246221
1426 246456
1427 247431
1428 247674
1429 248699
1430 249780
1431 250036
1432 252540
1433 256464
1434 257954
1435 258950
1436 259285
1437 265386
1438 265909
1439 265956
1440 266622
1441 268875
1442 270310
1443 273966
1444 275724
1445 278634
1446 282194
1447 282507
1448 285220
1449 288327
1450 297548
1451 300993
1452 303563
1453 307668
1454 308609
