2
4
12
23
25
26
27
37
45
63
64
68
71
76
78
90
91
92
94
95
101
112
120
122
134
143
145
151
152
168
169
174
193
214
215
219
221
229
230
235
240
243
245
259
261
274
279
285
323
332
338
350
365
369
374
375
390
403
404
415
433
435
436
446
458
459
460
461
477
480
490
491
497
502
510
513
522
524
525
531
535
540
543
549
553
563
587
590
593
602
622
640
651
663
673
678
686
704
706
717
731
747
750
754
763
787
789
805
808
812
813
819
824
825
831
838
842
844
863
868
882
888
892
899
907
951
954
964
970
982
984
987
991
1000
1007
1017
1030
1031
1038
1070
1085
1087
1110
1141
1150
1163
1186
1191
1199
1207
1213
1222
1256
1257
1273
1296
1299
1323
1345
1353
1356
1359
1382
1416
1419
1460
1466
1476
1478
1499
1500
1514
1529
1539
1547
1552
1553
1584
1646
1660
1690
1700
1707
1711
1716
1722
1737
1740
1754
1756
1758
1759
1798
1799
1835
1851
1869
1877
1890
1910
1924
1932
1958
1967
1977
1983
2009
2014
2024
2026
2027
2042
2056
2062
2064
2067
2069
2083
2086
2101
2114
2133
2145
2161
2185
2188
2201
2215
2234
2243
2255
2260
2263
2275
2281
2312
2318
2339
2401
2405
2421
2456
2460
2533
2548
2554
2556
2564
2574
2575
2605
2635
2671
2677
2683
2686
2692
2726
2737
2759
2762
2810
2817
2822
2836
2839
2840
2863
2872
2880
2887
2993
3013
3056
3060
3080
3085
3093
3102
3110
3146
3170
3187
3205
3230
3242
4320
4324
4337
4342
4364
4368
4374
4377
4381
4418
4423
4487
5522
5536
5554
5570
5575
5592
5597
5620
5624
5648
5672
5729
5747
5765
5773
5788
5837
5862
5865
5878
5883
5913
5925
5934
5943
5992
5999
6047
6066
6074
6101
6106
6116
6128
6130
6154
6179
6180
6182
6224
6229
6240
6245
6250
6256
6259
6265
6266
7282
7308
7345
7360
7375
7391
7399
7403
7412
7459
7484
7518
7522
7524
7525
7559
7601
7630
7634
7641
7771
7812
7838
7851
7853
7859
7887
7891
7907
7961
7969
7975
7999
8017
8019
8022
8054
8058
8083
8084
8090
8095
8122
8126
8131
8161
8170
8175
8187
8202
8226
8234
8244
8249
8251
8264
8285
8295
8311
8331
8355
8389
8409
8506
8512
8557
8561
8623
8680
8683
8704
8741
8753
8759
8768
8794
8860
8870
8880
8885
8894
8955
8966
9012
9017
9044
9059
9060
9102
9108
9159
9165
9177
9221
9233
9234
9247
9264
9301
9309
9424
9429
9436
9457
9463
9480
9517
9639
9644
9697
9698
9760
9761
9769
9777
9785
9802
9808
9811
9847
9850
9909
9929
9966
10055
10074
10087
10210
10275
10284
10310
10316
10319
10330
10331
10409
10411
10447
10458
10475
10478
10492
10572
10610
10632
10699
10739
10749
10760
10849
10852
10866
10868
10914
10929
10932
10933
10958
10984
10994
11000
11017
11033
11044
11053
11062
11143
11179
11214
11286
11307
11327
11343
11415
11428
11437
11452
11651
11652
11679
11700
11740
11787
11805
11829
11842
11845
11859
11863
11883
11942
11991
12025
12030
12035
12039
12048
12052
12059
12064
12089
12102
12122
12127
12159
12221
12228
12254
12273
12297
12305
12370
12377
12383
12448
12460
12480
12509
12516
12551
12554
12564
12605
12606
12607
12680
12706
12735
12816
12834
12855
12872
12892
12901
12963
12991
13028
13039
13059
13061
13083
14131
14139
14171
14212
14254
14303
14305
14339
14343
14374
14402
14412
14476
14492
14497
14501
14527
14539
14546
14553
14579
14608
14643
14667
14691
14706
14742
14755
14858
14888
14911
14953
14992
15011
15016
15023
15041
15064
15086
15094
15125
15144
15167
15237
15258
15271
15334
15341
15343
15364
15374
15447
15469
15489
15504
15508
15521
15543
15550
15554
16587
16614
16631
16639
16643
16659
16694
16699
16706
16712
16742
16753
16774
16849
16865
16988
17053
17059
17083
17099
17143
17183
17187
17190
17207
17217
17230
17272
17321
17339
17340
17361
17374
17418
17419
17429
17451
17508
17523
17554
17598
17624
17704
17788
17825
18849
18877
18952
18979
18993
18996
19024
19046
19055
19077
19098
19100
19141
19196
19215
19229
19256
19283
19308
19326
19358
19359
19392
19413
19442
20520
20544
20600
20603
20684
20685
20702
20729
20735
20769
20809
20844
20862
20878
20889
20898
20908
20992
21023
21052
21088
21141
21179
21201
21217
21218
21266
21275
21276
21281
21304
21372
21376
21447
21502
21540
21561
22664
22680
22705
22711
22727
22763
22770
22788
22801
22841
22845
22888
22971
23026
23045
23052
23118
23126
23166
23260
23309
23331
23359
23368
23385
23410
23445
23470
23480
23554
23557
23567
23576
23588
23616
23640
23651
23679
23687
23698
23760
23763
23774
23840
23860
23889
23983
24027
24031
24124
24162
24203
24210
25317
25319
25320
25343
25366
25373
25393
25397
25437
25481
25564
25630
25835
25861
25862
25906
25916
25917
25921
26014
26090
26110
26125
26168
26180
26197
26265
26280
26390
26396
26403
26413
26421
26426
26479
26498
26506
26520
26521
26597
26650
26653
26660
26675
26695
26699
26713
26736
26756
26813
26828
26838
26912
26916
26930
26945
26952
26978
26981
26991
27023
27054
27091
27159
27163
27211
27263
27269
27358
27364
27382
27401
27414
27416
27519
27583
27606
27619
27641
27644
27670
27767
27790
27806
27838
27899
27923
27959
28050
28089
28152
28233
28269
28288
28445
28462
28464
28479
28521
28558
28579
28580
28589
28596
28604
28665
28701
28742
28787
28799
28808
28999
29011
29028
29195
30228
30234
30383
30387
30389
30404
30419
30459
30501
30514
30533
30569
30571
30602
30607
30636
30680
30694
30714
30739
30782
30844
30856
30893
31040
31049
31097
31112
31128
32186
32248
32268
32285
32289
32367
32444
32452
32459
32470
32480
32495
32510
32511
32569
32632
32647
32651
32668
32683
32694
32703
32780
32793
32805
32813
32815
32832
32839
32840
32889
32936
32942
32948
32977
33038
33057
33103
33140
33217
33222
33244
33276
33408
33464
33481
33536
33548
33597
33613
33624
33681
33708
33783
33871
33909
33937
33938
34018
34026
34069
34078
34106
34142
34156
34171
34195
34232
34243
34248
34276
34292
34330
34367
34369
34371
34418
34480
34513
34547
34552
34574
34597
34618
34657
34809
34877
34889
34922
34933
34962
34985
35081
35123
35185
35275
35337
35392
35525
35545
35638
35645
35681
35720
35769
35824
35945
36113
36123
36126
36144
36164
36166
36212
36221
36246
36248
36332
36336
36342
37404
37414
37416
37440
37491
37529
37551
37591
37656
37663
37725
37769
37829
37869
37881
37882
37916
37933
37957
38033
38043
38050
38151
38155
38158
38167
38178
38187
38221
38240
38262
38297
38310
38347
38395
38418
38488
38536
38597
38604
38664
38679
38727
38738
38764
38768
38814
38823
38846
38881
38901
38903
38943
38970
38989
38990
39052
39060
39062
39087
39131
39151
39197
39213
39214
39226
39232
39275
39301
39308
39324
39334
39335
39381
39396
39405
39406
39502
39549
39568
39569
39599
39650
39664
39690
39748
39752
39774
39790
39811
39828
39829
39846
39850
39861
39875
39879
39910
39927
39934
39949
39960
40005
40058
40071
40113
40133
40223
40247
40249
40268
40269
40359
40360
40421
40432
40489
40501
40591
40609
40706
40727
40733
40757
40770
40779
40790
40838
40852
40869
40988
41001
41054
41079
41132
41157
41159
41223
41243
41249
41274
41312
41471
41607
41652
41653
41677
41684
41694
41767
41807
41847
41857
41864
41896
41945
41973
41985
42047
42078
42176
42277
42297
42322
42335
42423
42484
42494
42586
42593
42663
42828
42848
42870
42923
42938
42947
42948
42985
43036
43074
43111
43113
43145
43166
43181
43217
43281
43363
43404
43433
43471
43511
43553
43572
43602
43661
43665
43731
43758
43926
43928
43967
44063
44125
44141
44150
44160
45218
45231
45367
45386
45422
45470
45473
45494
45511
45535
45612
45767
45770
45848
45893
45919
45928
45960
46078
46128
46154
46161
46179
46250
46295
46354
46393
46407
46422
46424
46455
46526
46542
46548
46610
46660
46713
46754
46764
46833
46854
46900
46995
47010
47057
47079
47104
47125
47161
47187
47204
47238
47257
47280
47298
47410
47438
47445
47464
47496
47504
47521
47588
47650
47723
47774
47815
47823
47836
47851
47889
47907
47912
47955
47985
48054
48194
48216
48225
48227
48242
48369
48386
48389
48411
48515
48518
48535
48585
48697
48717
48755
48771
48789
48812
48857
48862
48889
48893
48922
48949
48963
49008
49063
49073
49112
49152
49211
49226
49243
49263
49335
49381
49401
49427
49442
49494
49521
49564
49646
49736
49751
49800
49888
49894
50093
50204
50215
50231
50249
50270
50275
50369
50446
50503
50549
50644
50649
50723
50746
50803
50881
50901
50913
50955
51024
51203
51223
51230
51246
51279
51280
51366
51398
51432
51496
51531
51556
51620
51723
51807
51848
51855
51877
51958
52113
52206
52212
52252
52262
52334
52349
52391
52448
52451
52455
52461
52471
52477
52521
52539
52637
52647
52680
52682
52694
52741
52754
52777
52791
52908
52916
52922
52978
53024
53146
53199
53215
53235
53298
53343
53375
53428
53429
53438
53447
53573
53588
53617
53649
53694
53797
53867
53883
53908
54050
54083
54096
54121
54127
54160
54175
54198
54217
54228
54254
54273
54350
54365
54385
54415
54471
54533
54568
54619
54635
54678
54807
54838
54956
54976
54990
55213
55283
55350
55390
55410
55452
55505
