0 10
1 18423
2 103265
3 21
4 29
5 30
6 43
7 37
8 49
9 31
10 17770
11 45
12 50
13 9
14 36
15 382
16 267
17 91
18 725
19 1756
20 3
21 6484
22 140
23 482
24 1937
25 304
26 156
27 63
28 137
29 135
30 136
31 1420
32 2451
33 3550
34 7890
35 39344
36 16575
37 22
38 1417
39 116
40 47
41 17637
42 1299
43 1372
44 6235
45 57
46 6365
47 143
48 80
49 56
50 12453
51 464
52 34
53 727
54 1465
55 981
56 192
57 33
58 787
59 2422
60 185
61 330
62 503
63 5132
64 501
65 222
66 531
67 86
68 2974
69 34927
70 15
71 177
72 540
73 65
74 197
75 7585
76 8292
77 5197
78 19
79 2633
80 335
81 79
82 81
83 316
84 201
85 6181
86 46332
87 219
88 7394
89 363
90 365
91 251
92 158
93 11044
94 386
95 2259
96 237
97 412
98 14080
99 927
100 15713
101 11209
102 7554
103 170
104 693
105 1279
106 344
107 157717
108 315
109 401
110 13112
111 4229
112 11986
113 475
114 354
115 199
116 2113
117 6617
118 8522
119 8561
120 2241
121 7936
122 7034
123 10787
124 4003
125 20843
126 1813
127 131553
128 440
129 75
130 176
131 798
132 113
133 428
134 646
135 270
136 660
137 602
138 139
139 46018
140 98
141 1856
142 2340
143 126934
144 594
145 128812
146 423
147 1250
148 3371
149 9498
150 708
151 307
152 468
153 297
154 789
155 121
156 3604
157 4767
158 5077
159 877
160 820
161 793
162 922
163 196
164 1460
165 26
166 67
167 2679
168 1072
169 371
170 20
171 1455
172 4843
173 11416
174 539
175 792
176 1516
177 994
178 24318
179 18442
180 1144
181 3902
182 1204
183 63889
184 1205
185 1163
186 1306
187 1518
188 6362
189 1309
190 6476
191 67167
192 921
193 1405
194 6052
195 2002
196 836
197 4892
198 1448
199 739
200 18437
201 19194
202 54980
203 54997
204 166637
205 912
206 1564
207 13576
208 12711
209 366
210 1576
211 3190
212 1683
213 1751
214 706
215 1816
216 2292
217 965
218 1274
219 1884
220 6234
221 15428
222 15073
223 2091
224 2056
225 2171
226 16327
227 2144
228 1978
229 2236
230 2721
231 2165
232 2293
233 1863
234 155
235 8244
236 2274
237 2322
238 2192
239 2413
240 3919
241 2103
242 1338
243 43847
244 34998
245 165275
246 2457
247 2433
248 1645
249 2471
250 2077
251 2890
252 1951
253 938
254 1463
255 56143
256 2502
257 11084
258 5156
259 12946
260 334
261 1926
262 3001
263 790
264 2973
265 5212
266 3116
267 6779
268 2474
269 2829
270 39717
271 7176
272 11471
273 14330
274 6817
275 6830
276 5571
277 4713
278 18670
279 172227
280 42146
281 3458
282 7973
283 5501
284 11257
285 3522
286 9160
287 3065
288 3613
289 2199
290 3646
291 30767
292 3808
293 11666
294 4293
295 2603
296 23686
297 4378
298 10210
299 9897
300 23579
301 3385
302 96277
303 2713
304 33031
305 4123
306 379
307 5390
308 86591
309 526
310 6498
311 4888
312 16606
313 4901
314 9955
315 4974
316 20813
317 5024
318 5050
319 5693
320 5768
321 4934
322 204978
323 5013
324 3009
325 23365
326 4500
327 13120
328 4332
329 4188
330 6374
331 7240
332 9865
333 5343
334 5439
335 2897
336 15134
337 29785
338 30680
339 4925
340 12357
341 44325
342 5470
343 13117
344 5457
345 11190
346 5636
347 3901
348 14464
349 234457
350 5066
351 5626
352 8981
353 993
354 5661
355 5946
356 9638
357 26034
358 5194
359 8767
360 23607
361 6464
362 1155
363 11612
364 17710
365 6638
366 7197
367 8197
368 9052
369 17994
370 25084
371 5342
372 7349
373 4880
374 13993
375 52235
376 7521
377 7422
378 18445
379 22422
380 32416
381 40246
382 7652
383 10050
384 139482
385 7851
386 6204
387 7992
388 3303
389 68660
390 294
391 8853
392 8301
393 119408
394 305
395 8041
396 12442
397 3415
398 3781
399 13772
400 27385
401 124763
402 8927
403 8710
404 2132
405 22637
406 2688
407 14539
408 3976
409 17086
410 23437
411 131216
412 9070
413 404
414 5167
415 7783
416 9468
417 10042
418 10069
419 7920
420 10596
421 8202
422 10731
423 12401
424 14313
425 23235
426 10439
427 10040
428 42973
429 44506
430 184597
431 10923
432 24617
433 68043
434 1522
435 10812
436 15589
437 10887
438 13178
439 14193
440 17720
441 80176
442 3812
443 11392
444 11229
445 9078
446 6969
447 174
448 11153
449 11489
450 10686
451 3151
452 8004
453 25635
454 11595
455 1789
456 11720
457 24534
458 207284
459 9438
460 10381
461 113090
462 7169
463 12026
464 37107
465 65059
466 11474
467 20468
468 12424
469 19011
470 24767
471 22736
472 17835
473 193101
474 14446
475 15798
476 13391
477 1659
478 7488
479 223695
480 10956
481 39719
482 64
483 13665
484 24519
485 27425
486 511
487 18233
488 23436
489 20940
490 3394
491 13575
492 9556
493 16265
494 73528
495 13452
496 24915
497 12915
498 51021
499 16486
500 9521
501 11938
502 9535
503 7379
504 58715
505 13956
506 12427
507 13958
508 27163
509 13618
510 14154
511 14215
512 11343
513 14280
514 16116
515 12155
516 58214
517 7268
518 18334
519 14958
520 40036
521 14818
522 15241
523 15494
524 10680
525 71168
526 15206
527 13063
528 842
529 15415
530 123653
531 16022
532 27285
533 39596
534 40344
535 16191
536 23023
537 16102
538 23417
539 7012
540 241763
541 23691
542 15975
543 15575
544 6237
545 15788
546 9165
547 16698
548 30467
549 6815
550 23128
551 4295
552 10208
553 16187
554 16389
555 33280
556 16666
557 16078
558 33734
559 9369
560 7981
561 19073
562 37404
563 4100
564 7813
565 17674
566 119593
567 100594
568 18296
569 23247
570 34705
571 35341
572 144136
573 3063
574 16488
575 25778
576 16963
577 7425
578 17476
579 1063
580 18379
581 61541
582 17099
583 131610
584 16023
585 19168
586 24120
587 17286
588 46784
589 17808
590 18570
591 16773
592 10950
593 8048
594 18962
595 18985
596 12421
597 9779
598 19068
599 33242
600 64331
601 14562
602 13501
603 33816
604 20313
605 15068
606 24590
607 26392
608 20400
609 39351
610 17235
611 20417
612 4450
613 29545
614 168272
615 15012
616 20866
617 42320
618 128974
619 19193
620 28097
621 21343
622 1353
623 5908
624 65937
625 22950
626 16681
627 43090
628 9677
629 12677
630 23851
631 114824
632 20716
633 23463
634 24172
635 24179
636 23562
637 35563
638 11251
639 278634
640 8661
641 7815
642 31026
643 24933
644 28310
645 31559
646 78642
647 21310
648 14103
649 145687
650 23379
651 30866
652 32684
653 27328
654 25209
655 25403
656 26125
657 15453
658 25343
659 15091
660 58266
661 64549
662 47030
663 27047
664 75037
665 20651
666 34719
667 39209
668 266622
669 27413
670 16096
671 27214
672 23293
673 31901
674 30425
675 29638
676 29818
677 187959
678 273966
679 31206
680 13482
681 92056
682 127343
683 23978
684 229081
685 248699
686 50381
687 30165
688 46032
689 59365
690 30734
691 30171
692 95882
693 79960
694 32551
695 13651
696 9544
697 97973
698 119358
699 11028
700 33013
701 6299
702 152235
703 25096
704 159757
705 31596
706 31612
707 34012
708 37548
709 31722
710 43641
711 179012
712 32513
713 38208
714 10913
715 82877
716 32923
717 71490
718 30074
719 41714
720 49041
721 7288
722 159621
723 275724
724 34732
725 34694
726 46536
727 64158
728 103911
729 49188
730 44446
731 107718
732 15309
733 265386
734 77812
735 36039
736 36050
737 44025
738 100287
739 7371
740 36408
741 38577
742 40164
743 37264
744 89546
745 33346
746 26313
747 43784
748 78031
749 37876
750 181887
751 40793
752 39896
753 30530
754 9993
755 41028
756 46559
757 47546
758 128445
759 58461
760 14758
761 28692
762 37823
763 43016
764 25160
765 38018
766 38645
767 82426
768 100477
769 226206
770 258950
771 252540
772 64465
773 47208
774 48358
775 49534
776 58505
777 27231
778 2073
779 47968
780 31626
781 50481
782 57829
783 52652
784 50793
785 50927
786 16437
787 60252
788 51294
789 61296
790 57820
791 51737
792 44470
793 51781
794 119023
795 3191
796 74656
797 27162
798 22897
799 54034
800 145429
801 55167
802 54918
803 56284
804 56301
805 56662
806 122778
807 57107
808 32482
809 17771
810 58226
811 44585
812 59638
813 59651
814 59817
815 53661
816 53576
817 72805
818 88024
819 12477
820 130792
821 101950
822 63596
823 63813
824 59438
825 25737
826 52379
827 94802
828 152342
829 64756
830 92094
831 57926
832 58149
833 135484
834 67339
835 69253
836 84686
837 108846
838 72228
839 69037
840 85650
841 90698
842 78894
843 16832
844 79764
845 206006
846 24450
847 90968
848 110779
849 81670
850 2926
851 16320
852 81105
853 81870
854 65466
855 82097
856 61257
857 188851
858 81812
859 81971
860 81929
861 83467
862 173212
863 41884
864 247674
865 121599
866 83603
867 63833
868 62445
869 32601
870 84999
871 81639
872 79766
873 15562
874 86241
875 27149
876 89845
877 86358
878 89702
879 53438
880 91072
881 133420
882 116933
883 1568
884 48145
885 21217
886 95581
887 115097
888 95661
889 97734
890 52701
891 104400
892 117218
893 205426
894 93894
895 101133
896 57153
897 26849
898 95577
899 8129
900 103327
901 103304
902 71754
903 86024
904 18790
905 108145
906 94756
907 110633
908 61395
909 110415
910 108847
911 116671
912 96966
913 75084
914 68125
915 85511
916 25234
917 135825
918 153954
919 118637
920 118172
921 120021
922 58561
923 100457
924 121414
925 121459
926 106309
927 22475
928 126666
929 18675
930 128227
931 128294
932 128380
933 32742
934 129270
935 9139
936 130726
937 144389
938 130764
939 131593
940 131804
941 145076
942 158334
943 152677
944 103805
945 7227
946 138566
947 148271
948 157995
949 140151
950 24154
951 116800
952 96178
953 142863
954 111552
955 140905
956 146773
957 163656
958 38760
959 121800
960 208008
961 246221
962 54327
963 216232
964 146330
965 153762
966 152843
967 159317
968 84986
969 100296
970 160224
971 164848
972 133123
973 12055
974 144524
975 166716
976 170720
977 5669
978 177540
979 131028
980 256464
981 150986
982 222586
983 257954
984 202974
985 202918
986 144398
987 137930
988 207977
989 40003
990 116537
991 240709
992 215415
993 209414
994 205764
995 116235
996 10091
997 223632
998 60279
999 241306
1000 246456
1001 268875
1002 104946
1003 244844
1004 265909
1005 146132
1006 3141
1007 3573
1008 103614
1009 218526
1010 285220
1011 259285
1012 54852
1013 247431
1014 308609
1015 307668
1016 282507
1017 288327
