0 10
1 7
2 17
3 49
4 51
5 61
6 80
7 102
8 113
9 116
10 105
11 119
12 35
13 136
14 137
15 140
16 144
17 162
18 3
19 9
20 133
21 501
22 344
23 169
24 13
25 75
26 112
27 197
28 100
29 335
30 98
31 360
32 366
33 47
34 412
35 445
36 480
37 482
38 34
39 511
40 514
41 382
42 15
43 106
44 474
45 334
46 509
47 307
48 539
49 475
50 14
51 464
52 594
53 354
54 494
55 189
56 161
57 802
58 831
59 363
60 433
61 850
62 294
63 38
64 299
65 143
66 934
67 503
68 1023
69 633
70 992
71 1086
72 495
73 1068
74 1144
75 1145
76 892
77 874
78 1279
79 1299
80 1309
81 139
82 513
83 1250
84 1432
85 1207
86 985
87 135
88 912
89 1513
90 1510
91 156
92 1063
93 1719
94 1120
95 706
96 1597
97 1770
98 1619
99 2044
100 2088
101 1891
102 2195
103 797
104 2192
105 2271
106 121
107 1863
108 1926
109 2338
110 2360
111 2365
112 1829
113 2499
114 198
115 1270
116 2705
117 1526
118 1064
119 2522
120 2502
121 2947
122 571
123 1967
124 2804
125 1465
126 3071
127 1229
128 3075
129 280
130 3049
131 3078
132 1671
133 3219
134 1167
135 2829
136 155
137 3295
138 2242
139 2934
140 2275
141 1084
142 4895
143 185
144 3183
145 2999
146 3582
147 3869
148 3874
149 3926
150 3050
151 3803
152 3550
153 3065
154 981
155 1357
156 3446
157 4293
158 3099
159 1295
160 4369
161 2422
162 4414
163 4332
164 4174
165 4496
166 2713
167 4403
168 4158
169 2633
170 2378
171 4704
172 4540
173 3267
174 4188
175 5110
176 3522
177 5164
178 170
179 5224
180 5234
181 56
182 26
183 297
184 3868
185 5511
186 5208
187 5387
188 1198
189 526
190 5660
191 5696
192 5697
193 675
194 5699
195 5846
196 3875
197 5066
198 4034
199 1430
200 5898
201 5156
202 5892
203 7124
204 2506
205 4616
206 6955
207 7325
208 7338
209 3415
210 7423
211 7440
212 836
213 36
214 267
215 7617
216 7115
217 5194
218 790
219 6098
220 729
221 3251
222 7776
223 4816
224 8483
225 235
226 440
227 8564
228 7148
229 5564
230 5092
231 5632
232 5636
233 2688
234 6118
235 7753
236 2113
237 5128
238 7783
239 9162
240 9240
241 9457
242 9573
243 7920
244 1097
245 9745
246 9753
247 1353
248 9878
249 8232
250 2199
251 10192
252 10585
253 4168
254 493
255 2509
256 3812
257 5726
258 11219
259 10224
260 10782
261 8004
262 11545
263 7264
264 6398
265 11642
266 5342
267 11823
268 11331
269 12026
270 3258
271 8943
272 12256
273 12363
274 8842
275 12416
276 12424
277 12620
278 12438
279 12716
280 11598
281 9511
282 12502
283 3303
284 7489
285 9693
286 13150
287 6276
288 13309
289 10645
290 13382
291 686
292 12600
293 13483
294 10988
295 12915
296 13594
297 13698
298 7889
299 4666
300 13801
301 8455
302 2220
303 8452
304 7815
305 10787
306 14079
307 14109
308 14154
309 14215
310 6052
311 14080
312 14368
313 14314
314 11967
315 11474
316 9225
317 6822
318 14958
319 15112
320 12953
321 15300
322 15206
323 14738
324 15448
325 14049
326 15766
327 11209
328 13432
329 5133
330 16017
331 16055
332 15718
333 10561
334 3477
335 16187
336 5476
337 1260
338 16005
339 16212
340 8374
341 16395
342 5926
343 16571
344 4295
345 14320
346 9368
347 14708
348 2960
349 12778
350 15415
351 3567
352 8202
353 258
354 17159
355 85
356 16485
357 17446
358 4345
359 13267
360 17674
361 4210
362 17812
363 9556
364 17930
365 5551
366 18096
367 14664
368 18204
369 18235
370 622
371 17099
372 16621
373 13351
374 16575
375 18198
376 8865
377 1261
378 10950
379 10318
380 14650
381 18690
382 14799
383 19032
384 16471
385 18071
386 14562
387 19228
388 10370
389 20301
390 70
391 20369
392 18752
393 14275
394 20690
395 15877
396 20810
397 20892
398 7754
399 21009
400 47240
401 22622
402 15581
403 2241
404 22950
405 15568
406 23515
407 23557
408 9677
409 14568
410 24172
411 24195
412 23655
413 24294
414 17808
415 12723
416 24552
417 24569
418 24979
419 22983
420 21072
421 25137
422 22441
423 25189
424 25150
425 23379
426 25301
427 25632
428 25674
429 435
430 25705
431 25343
432 7813
433 15548
434 7425
435 27325
436 16096
437 5566
438 12453
439 16606
440 1480
441 27842
442 28838
443 15074
444 23353
445 23978
446 28550
447 25378
448 30631
449 30780
450 22897
451 11028
452 5212
453 12427
454 31555
455 31612
456 5235
457 25278
458 24027
459 31989
460 5785
461 32459
462 16170
463 600
464 29900
465 32923
466 30106
467 30074
468 33626
469 10373
470 34159
471 34694
472 33553
473 34212
474 15403
475 36484
476 33824
477 37264
478 26586
479 37485
480 38497
481 39386
482 7341
483 9993
484 19066
485 40422
486 40689
487 40983
488 19271
489 693
490 17483
491 42227
492 32543
493 42988
494 43016
495 41979
496 44817
497 44838
498 17994
499 41995
500 47968
501 48087
502 19207
503 50414
504 50793
505 51280
506 51294
507 13613
508 28046
509 43033
510 52084
511 52340
512 53273
513 53875
514 54034
515 52165
516 55139
517 55268
518 56268
519 9864
520 55397
521 47542
522 16963
523 26876
524 11172
525 639
526 34933
527 57141
528 53576
529 3390
530 60714
531 25737
532 51657
533 33654
534 65504
535 9754
536 69253
537 6813
538 51566
539 59988
540 65632
541 71029
542 16832
543 79764
544 67339
545 1836
546 28455
547 80912
548 4870
549 56102
550 60186
551 79557
552 28716
553 82643
554 41884
555 71977
556 84981
557 89861
558 37436
559 87333
560 86241
561 11941
562 89814
563 84874
564 90248
565 86591
566 91044
567 91819
568 92988
569 95581
570 95658
571 23997
572 96758
573 26141
574 15354
575 101137
576 91980
577 44325
578 95577
579 103304
580 104843
581 104986
582 77524
583 102415
584 27870
585 14843
586 72144
587 103798
588 65397
589 76196
590 25234
591 92384
592 100457
593 120167
594 91334
595 106309
596 127433
597 128265
598 32742
599 129270
600 130726
601 119255
602 127850
603 17235
604 132132
605 26572
606 86347
607 103805
608 11907
609 140316
610 14890
611 33681
612 96178
613 20518
614 131868
615 92056
616 146773
617 76924
618 75478
619 152874
620 152996
621 81626
622 155542
623 155826
624 157240
625 159314
626 129501
627 80731
628 12055
629 165835
630 30602
631 114115
632 90702
633 107603
634 181376
635 184151
636 202794
637 203131
638 181742
639 60123
640 116537
641 215415
642 216610
643 219782
644 110425
645 3281
646 70950
647 234065
648 131553
649 241306
650 243737
651 231229
652 249780
653 250036
654 20491
655 265956
656 270310
657 173300
658 282194
659 149294
660 297548
661 300993
662 303563
663 96259
664 58896
665 242582
