0 882 1 
1 885 1 
2 888 1 
3 892 1 
4 885 1 
5 897 1 
6 900 1 
7 903 1 
8 885 1 
9 909 1 
10 913 1 
11 916 1 
12 919 1 
13 921 1 
14 929 1 
15 922 1 
16 918 1 
17 910 1 
18 885 1 
19 937 1 
20 941 1 
21 907 1 
22 919 1 
23 898 1 
24 950 1 
25 918 1 
26 913 1 
27 956 1 
28 959 1 
29 962 1 
30 918 1 
31 966 1 
32 970 1 
33 975 1 
34 972 1 
35 918 1 
36 907 1 
37 918 1 
38 982 1 
39 979 1 
40 987 1 
41 990 1 
42 993 1 
43 993 1 
44 918 1 
45 932 1 
46 993 1 
47 1000 1 
48 1005 1 
49 913 1 
50 1007 1 
51 1000 1 
52 911 1 
53 945 1 
54 1012 1 
55 1015 1 
56 901 1 
57 967 1 
58 1020 1 
59 993 1 
60 922 1 
61 1035 1 
62 1037 1 
63 993 1 
64 913 1 
65 916 1 
66 1039 1 
67 970 1 
68 1042 1 
69 918 1 
70 1044 1 
71 967 1 
72 1019 1 
73 1050 1 
74 944 1 
75 1053 1 
76 1053 1 
77 1053 1 
78 901 1 
79 913 1 
80 1021 1 
81 1060 1 
82 1062 1 
83 967 1 
84 1065 1 
85 1035 1 
86 907 1 
87 1067 1 
88 1068 1 
89 991 1 
90 1073 1 
91 1074 1 
92 991 1 
93 1077 1 
94 1079 1 
95 1080 1 
96 940 1 
97 918 1 
98 1083 1 
99 957 1 
100 907 1 
101 1086 1 
102 993 1 
103 1089 1 
104 1053 1 
105 1090 1 
106 1092 1 
107 1094 1 
108 970 1 
109 1099 1 
110 991 1 
111 1101 1 
112 1103 1 
113 885 1 
114 1105 1 
115 885 1 
116 1101 1 
117 1109 1 
118 1079 1 
119 1010 1 
120 934 1 
121 1115 1 
122 918 1 
123 934 1 
124 1048 1 
125 1121 1 
126 1057 1 
127 1124 1 
128 1128 1 
129 1129 1 
130 920 1 
131 1137 1 
132 885 1 
133 885 1 
134 993 1 
135 922 1 
136 1010 1 
137 1141 1 
138 1142 1 
139 915 1 
140 1144 1 
141 1010 1 
142 1010 1 
143 1146 1 
144 1148 1 
145 1149 1 
146 1057 1 
147 922 1 
148 1010 1 
149 1148 1 
150 922 1 
151 1155 1 
152 1156 1 
153 1158 1 
154 1012 1 
155 1156 1 
156 1162 1 
157 1149 1 
158 1164 1 
159 1166 1 
160 1166 1 
161 1170 1 
162 1172 1 
163 1173 1 
164 1176 1 
165 1069 1 
166 1179 1 
167 1010 1 
168 959 1 
169 1179 1 
170 1173 1 
171 1173 1 
172 1184 1 
173 1186 1 
174 1188 1 
175 1189 1 
176 1191 1 
177 1189 1 
178 1010 1 
179 1198 1 
180 1201 1 
181 1198 1 
182 1205 1 
183 1079 1 
184 959 1 
185 959 1 
186 1207 1 
187 1208 1 
188 1053 1 
189 1209 1 
190 1211 1 
191 1213 1 
192 1053 1 
193 1215 1 
194 1053 1 
195 1217 1 
196 1184 1 
197 959 1 
198 1037 1 
199 1219 1 
200 1220 1 
201 1090 1 
202 947 1 
203 1221 1 
204 1079 1 
205 1226 1 
206 1228 1 
207 1230 1 
208 1232 1 
209 1233 1 
210 1234 1 
211 1235 1 
212 1236 1 
213 1237 1 
214 1180 1 
215 959 1 
216 1240 1 
217 1243 1 
218 1246 1 
219 1251 1 
220 1053 1 
221 947 1 
222 1254 1 
223 1257 1 
224 954 1 
225 1260 1 
226 1262 1 
227 1262 1 
228 1264 1 
229 918 1 
230 1053 1 
231 1262 1 
232 1267 1 
233 1268 1 
234 1053 1 
235 1053 1 
236 1269 1 
237 1270 1 
238 1272 1 
239 1077 1 
240 925 1 
241 1263 1 
242 1230 1 
243 948 1 
244 1275 1 
245 1277 1 
246 1278 1 
247 1279 1 
248 1281 1 
249 1282 1 
250 1089 1 
251 953 1 
252 1286 1 
253 1287 1 
254 1290 1 
255 1293 1 
256 1294 1 
257 1296 1 
258 882 1 
259 1148 1 
260 1300 1 
261 978 1 
262 1302 1 
263 1305 1 
264 1306 1 
265 1012 1 
266 1311 1 
267 1313 1 
268 1305 1 
269 947 1 
270 1319 1 
271 1259 1 
272 959 1 
273 1322 1 
274 1287 1 
275 1008 1 
276 1324 1 
277 1327 1 
278 1179 1 
279 942 1 
280 1085 1 
281 1257 1 
282 940 1 
283 1287 1 
284 1064 1 
285 1179 1 
286 1339 1 
287 1296 1 
288 1343 1 
289 1345 1 
290 1347 1 
291 1350 1 
292 1303 1 
293 1352 1 
294 1353 1 
295 1053 1 
296 1354 1 
297 959 1 
298 1358 1 
299 1262 1 
300 1361 1 
301 1363 1 
302 1364 1 
303 1359 1 
304 1367 1 
305 1370 1 
306 1345 1 
307 1262 1 
308 1373 1 
309 1361 1 
310 1216 1 
311 948 1 
312 1378 1 
313 1379 1 
314 1382 1 
315 1384 1 
316 1385 1 
317 1392 1 
318 1394 1 
319 1012 1 
320 1398 1 
321 1400 1 
322 1402 1 
323 1126 1 
324 899 1 
325 902 1 
326 1407 1 
327 1057 1 
328 1237 1 
329 1409 1 
330 902 1 
331 1372 1 
332 1223 1 
333 1142 1 
334 1414 1 
335 1417 1 
336 1419 1 
337 1230 1 
338 1262 1 
339 1421 1 
340 1423 1 
341 1425 1 
342 1426 1 
343 1036 1 
344 1430 1 
345 1431 1 
346 1036 1 
347 1433 1 
348 1436 1 
349 1438 1 
350 1351 1 
351 902 1 
352 1443 1 
353 1445 1 
354 1450 1 
355 1023 1 
356 1451 1 
357 1453 1 
358 1455 1 
359 1457 1 
360 1458 1 
361 1460 1 
362 1463 1 
363 1465 1 
364 1467 1 
365 1468 1 
366 1471 1 
367 1473 1 
368 993 1 
369 1475 1 
370 1266 1 
371 1476 1 
372 1476 1 
373 1479 1 
374 1483 1 
375 947 1 
376 1465 1 
377 1488 1 
378 1490 1 
379 882 1 
380 1073 1 
381 1497 1 
382 1498 1 
383 1497 1 
384 978 1 
385 1501 1 
386 957 1 
387 1503 1 
388 1398 1 
389 1504 1 
390 1511 1 
391 1513 1 
392 1515 1 
393 1179 1 
394 1443 1 
395 1518 1 
396 1521 1 
397 1391 1 
398 1525 1 
399 1378 1 
400 1527 1 
401 1528 1 
402 1529 1 
403 1530 1 
404 1533 1 
405 1535 1 
406 1536 1 
407 1538 1 
408 1539 1 
409 1433 1 
410 1543 1 
411 1546 1 
412 1550 1 
413 1552 1 
414 1553 1 
415 1556 1 
416 1416 1 
417 948 1 
418 1560 1 
419 1012 1 
420 1562 1 
421 1564 1 
422 1012 1 
423 1568 1 
424 1570 1 
425 1571 1 
426 1573 1 
427 1574 1 
428 1579 1 
429 1581 1 
430 1583 1 
431 1584 1 
432 1585 1 
433 948 1 
434 1588 1 
435 1590 1 
436 1591 1 
437 1592 1 
438 1594 1 
439 1596 1 
440 1378 1 
441 1598 1 
442 1600 1 
443 1030 1 
444 1602 1 
445 1600 1 
446 1606 1 
447 1608 1 
448 1609 1 
449 1123 1 
450 1001 1 
451 1611 1 
452 1612 1 
453 1614 1 
454 1534 1 
455 1617 1 
456 1001 1 
457 1619 1 
458 1622 1 
459 1623 1 
460 1625 1 
461 1628 1 
462 1632 1 
463 1633 1 
464 1635 1 
465 1637 1 
466 1036 1 
467 1639 1 
468 1004 1 
469 1641 1 
470 1642 1 
471 1644 1 
472 1648 1 
473 1651 1 
474 1654 1 
475 1657 1 
476 1659 1 
477 1660 1 
478 1662 1 
479 1663 1 
480 1666 1 
481 1667 1 
482 1668 1 
483 1123 1 
484 1673 1 
485 1676 1 
486 1677 1 
487 1679 1 
488 1681 1 
489 1682 1 
490 1684 1 
491 1378 1 
492 1686 1 
493 1638 1 
494 1688 1 
495 1466 1 
496 1690 1 
497 1019 1 
498 1691 1 
499 1692 1 
500 1694 1 
501 1696 1 
502 1698 1 
503 1699 1 
504 1701 1 
505 1691 1 
506 1708 1 
507 1391 1 
508 1711 1 
509 945 1 
510 1576 1 
511 1714 1 
512 1716 1 
513 1718 1 
514 1719 1 
515 1719 1 
516 1721 1 
517 993 1 
518 1036 1 
519 1723 1 
520 1036 1 
521 1726 1 
522 1728 1 
523 1729 1 
524 1732 1 
525 928 1 
526 1738 1 
527 1740 1 
528 1741 1 
529 1743 1 
530 1744 1 
531 1716 1 
532 1746 1 
533 1001 1 
534 1749 1 
535 1230 1 
536 1751 1 
537 1752 1 
538 1756 1 
539 1757 1 
540 1759 1 
541 1760 1 
542 1762 1 
543 1764 1 
544 1767 1 
545 1770 1 
546 1772 1 
547 1773 1 
548 1774 1 
549 1777 1 
550 1778 1 
551 1576 1 
552 1778 1 
553 1783 1 
554 1759 1 
555 1785 1 
556 1785 1 
557 1789 1 
558 1791 1 
559 1716 1 
560 1794 1 
561 1001 1 
562 1796 1 
563 1027 1 
564 1798 1 
565 1799 1 
566 1801 1 
567 1803 1 
568 1804 1 
569 1799 1 
570 1684 1 
571 1808 1 
572 1552 1 
573 1811 1 
574 1812 1 
575 1813 1 
576 1814 1 
577 882 1 
578 1737 1 
579 1123 1 
580 1347 1 
581 1820 1 
582 1821 1 
583 1822 1 
584 928 1 
585 1600 1 
586 1825 1 
587 1828 1 
588 1829 1 
589 1263 1 
590 1830 1 
591 1833 1 
592 1835 1 
593 1836 1 
594 1839 1 
595 1004 1 
596 1841 1 
597 1844 1 
598 1847 1 
599 1849 1 
600 1851 1 
601 1852 1 
602 1703 1 
603 918 1 
604 1857 1 
605 1722 1 
606 1651 1 
607 1576 1 
608 1864 1 
609 1866 1 
610 1867 1 
611 943 1 
612 1308 1 
613 1870 1 
614 1600 1 
615 1308 1 
616 1873 1 
617 1876 1 
618 1757 1 
619 1308 1 
620 1881 1 
621 1883 1 
622 1885 1 
623 1888 1 
624 1890 1 
625 1201 1 
626 1308 1 
627 1894 1 
628 1898 1 
629 928 1 
630 1900 1 
631 928 1 
632 1906 1 
633 1225 1 
634 1603 1 
635 1912 1 
636 1914 1 
637 1917 1 
638 1919 1 
639 1921 1 
640 1922 1 
641 1923 1 
642 1912 1 
643 1684 1 
644 1925 1 
645 1926 1 
646 1929 1 
647 1932 1 
648 1933 1 
649 1935 1 
650 1936 1 
651 1939 1 
652 1940 1 
653 1943 1 
654 1012 1 
655 1946 1 
656 1552 1 
657 1950 1 
658 1690 1 
659 1956 1 
660 1570 1 
661 1960 1 
662 1962 1 
663 1965 1 
664 1421 1 
665 1969 1 
666 902 1 
667 1972 1 
668 1975 1 
669 1977 1 
670 1453 1 
671 1391 1 
672 1722 1 
673 1982 1 
674 1984 1 
675 1201 1 
676 1985 1 
677 1986 1 
678 1987 1 
679 1989 1 
680 1992 1 
681 1994 1 
682 1009 1 
683 1995 1 
684 1996 1 
685 1998 1 
686 2000 1 
687 2003 1 
688 2005 1 
689 2008 1 
690 2010 1 
691 1389 1 
692 2016 1 
693 1378 1 
694 1391 1 
695 1935 1 
696 2023 1 
697 2024 1 
698 2026 1 
699 1391 1 
700 2028 1 
701 2028 1 
702 2031 1 
703 2033 1 
704 2036 1 
705 2038 1 
706 2040 1 
707 2043 1 
708 2046 1 
709 2048 1 
710 1722 1 
711 2051 1 
712 2052 1 
713 1900 1 
714 2053 1 
715 2054 1 
716 2056 1 
717 2058 1 
718 2059 1 
719 2063 1 
720 2066 1 
721 2068 1 
722 2066 1 
723 1720 1 
724 2072 1 
725 2074 1 
726 2077 1 
727 2079 1 
728 2081 1 
729 2082 1 
730 2083 1 
731 2087 1 
732 1237 1 
733 928 1 
734 2091 1 
735 2095 1 
736 928 1 
737 2100 1 
738 2102 1 
739 2105 1 
740 1926 1 
741 2107 1 
742 2109 1 
743 2111 1 
744 1935 1 
745 2114 1 
746 2117 1 
747 2119 1 
748 2120 1 
749 2121 1 
750 2106 1 
751 2123 1 
752 2127 1 
753 2130 1 
754 2132 1 
755 2135 1 
756 2137 1 
757 2139 1 
758 2142 1 
759 1562 1 
760 2146 1 
761 2149 1 
762 928 1 
763 2149 1 
764 2152 1 
765 2155 1 
766 2159 1 
767 2161 1 
768 928 1 
769 2163 1 
770 2164 1 
771 2166 1 
772 2168 1 
773 2170 1 
774 2172 1 
775 1301 1 
776 2175 1 
777 2178 1 
778 2181 1 
779 2184 1 
780 2186 1 
781 2189 1 
782 2192 1 
783 2194 1 
784 2196 1 
785 2198 1 
786 2200 1 
787 1342 1 
788 2203 1 
789 2205 1 
790 2207 1 
791 2210 1 
792 2212 1 
793 2214 1 
794 2217 1 
795 2219 1 
796 2221 1 
797 2224 1 
798 2227 1 
799 2228 1 
800 2203 1 
801 2231 1 
802 2233 1 
803 2235 1 
804 2238 1 
805 2241 1 
806 2244 1 
807 956 1 
808 2246 1 
809 2249 1 
810 2253 1 
811 2254 1 
812 2256 1 
813 2258 1 
814 2262 1 
815 2082 1 
816 1776 1 
817 2265 1 
818 2266 1 
819 2268 1 
820 2269 1 
821 2271 1 
822 2275 1 
823 2278 1 
824 2279 1 
825 2280 1 
826 2282 1 
827 2284 1 
828 1882 1 
829 2287 1 
830 2289 1 
831 2292 1 
832 2294 1 
833 2296 1 
834 2299 1 
835 2302 1 
836 2304 1 
837 2305 1 
838 2306 1 
839 2308 1 
840 2312 1 
841 2315 1 
842 1722 1 
843 2317 1 
844 2320 1 
845 2322 1 
846 2323 1 
847 2325 1 
848 2327 1 
849 2329 1 
850 1796 1 
851 2333 1 
852 2335 1 
853 2337 1 
854 2340 1 
855 2343 1 
856 2345 1 
857 2346 1 
858 2348 1 
859 2349 1 
860 2350 1 
861 2355 1 
862 2356 1 
863 1034 1 
864 2358 1 
865 2362 1 
866 2364 1 
867 2365 1 
868 2366 1 
869 2367 1 
870 2369 1 
871 2372 1 
872 1722 1 
873 2374 1 
874 2376 1 
875 2378 1 
876 2380 1 
877 2381 1 
878 2384 1 
879 2386 1 
880 2387 1 
881 2392 1 
0 883 1 
0 884 1 
1 886 1 
1 887 1 
2 889 1 
2 890 1 
2 891 1 
2 892 1 
3 893 1 
3 894 1 
4 895 1 
4 896 1 
5 898 1 
5 895 1 
5 899 1 
6 901 1 
6 902 1 
7 882 1 
7 904 1 
7 905 1 
7 906 1 
8 882 1 
8 907 1 
8 908 1 
9 886 1 
9 882 1 
9 910 1 
9 911 1 
9 912 1 
10 914 1 
10 915 1 
11 917 1 
11 918 1 
12 917 1 
12 920 1 
13 889 1 
13 907 1 
13 922 1 
13 923 1 
13 924 1 
13 925 1 
13 926 1 
13 927 1 
13 928 1 
14 907 1 
14 930 1 
14 931 1 
15 916 1 
15 910 1 
15 918 1 
15 882 1 
15 932 1 
15 892 1 
15 884 1 
17 882 1 
18 933 1 
18 934 1 
18 935 1 
18 936 1 
19 907 1 
19 938 1 
19 939 1 
19 940 1 
20 903 1 
20 942 1 
20 943 1 
21 918 1 
21 944 1 
22 945 1 
22 946 1 
22 947 1 
22 948 1 
23 916 1 
23 949 1 
24 951 1 
24 952 1 
24 953 1 
25 954 1 
26 895 1 
26 955 1 
27 957 1 
27 958 1 
28 960 1 
28 961 1 
29 963 1 
29 964 1 
30 895 1 
30 965 1 
31 967 1 
31 968 1 
31 969 1 
32 971 1 
32 972 1 
32 973 1 
32 974 1 
33 899 1 
33 968 1 
34 902 1 
34 976 1 
35 977 1 
35 978 1 
35 979 1 
36 917 1 
36 918 1 
36 902 1 
37 980 1 
37 981 1 
38 983 1 
38 917 1 
39 984 1 
39 985 1 
39 986 1 
40 988 1 
40 915 1 
40 989 1 
41 991 1 
41 918 1 
41 992 1 
42 994 1 
42 918 1 
42 995 1 
42 996 1 
43 997 1 
43 901 1 
43 998 1 
44 983 1 
44 882 1 
45 918 1 
45 999 1 
45 928 1 
46 1000 1 
46 1001 1 
47 882 1 
47 1002 1 
47 1003 1 
47 1004 1 
48 988 1 
48 918 1 
49 882 1 
49 1006 1 
50 967 1 
50 1008 1 
51 967 1 
52 1000 1 
52 984 1 
52 1009 1 
52 1010 1 
52 959 1 
53 902 1 
53 1011 1 
54 882 1 
54 1013 1 
54 1014 1 
55 1016 1 
55 1017 1 
55 1018 1 
56 918 1 
56 983 1 
57 902 1 
57 1019 1 
58 882 1 
58 983 1 
59 1021 1 
59 1014 1 
60 918 1 
60 1022 1 
60 1019 1 
60 907 1 
60 882 1 
60 1023 1 
60 1024 1 
60 1025 1 
60 1026 1 
60 1027 1 
60 1028 1 
60 1029 1 
60 1030 1 
60 1031 1 
60 1032 1 
60 1033 1 
60 1034 1 
61 1021 1 
61 882 1 
61 882 1 
61 1036 1 
62 938 1 
62 915 1 
63 967 1 
63 882 1 
64 915 1 
64 970 1 
64 1038 1 
65 882 1 
65 918 1 
66 918 1 
66 1040 1 
67 913 1 
67 1041 1 
68 1043 1 
68 902 1 
69 971 1 
69 882 1 
70 1045 1 
70 1046 1 
71 961 1 
71 1022 1 
71 882 1 
71 1047 1 
71 988 1 
72 1048 1 
72 1049 1 
73 987 1 
73 920 1 
73 1051 1 
74 967 1 
74 895 1 
74 1052 1 
75 918 1 
75 1054 1 
76 988 1 
76 918 1 
77 902 1 
78 882 1 
78 998 1 
79 918 1 
79 1055 1 
80 902 1 
80 1056 1 
80 1057 1 
80 1058 1 
80 1059 1 
81 1061 1 
81 1042 1 
82 1063 1 
82 925 1 
83 918 1 
83 988 1 
83 902 1 
83 918 1 
83 1064 1 
84 882 1 
84 963 1 
85 911 1 
85 1066 1 
86 967 1 
86 882 1 
86 1008 1 
87 911 1 
87 1009 1 
88 988 1 
88 1040 1 
89 1069 1 
89 1070 1 
89 1071 1 
89 1072 1 
90 967 1 
90 1022 1 
90 882 1 
90 1053 1 
91 1075 1 
91 925 1 
92 882 1 
92 1048 1 
92 1076 1 
93 902 1 
93 1078 1 
93 902 1 
94 902 1 
94 920 1 
95 1069 1 
95 882 1 
96 1081 1 
96 1082 1 
97 1082 1 
97 882 1 
98 918 1 
98 1084 1 
99 902 1 
99 1085 1 
100 902 1 
100 882 1 
101 902 1 
101 882 1 
102 1087 1 
102 1088 1 
102 911 1 
103 907 1 
103 918 1 
104 920 1 
104 922 1 
105 911 1 
105 1091 1 
106 1093 1 
106 922 1 
107 911 1 
107 1095 1 
108 907 1 
108 1096 1 
108 1097 1 
108 1098 1 
108 1044 1 
109 1100 1 
109 947 1 
110 911 1 
110 947 1 
111 922 1 
111 1102 1 
112 963 1 
112 911 1 
113 1104 1 
113 928 1 
113 1054 1 
114 1093 1 
114 1106 1 
115 918 1 
115 1107 1 
115 928 1 
116 1108 1 
117 1110 1 
117 947 1 
117 1111 1 
118 1112 1 
118 907 1 
119 1113 1 
119 947 1 
120 967 1 
120 1114 1 
121 1116 1 
121 1117 1 
121 1118 1 
121 1119 1 
122 1115 1 
123 915 1 
123 1120 1 
124 911 1 
124 1113 1 
125 1053 1 
125 917 1 
125 882 1 
126 1122 1 
126 1123 1 
127 915 1 
127 1125 1 
127 1126 1 
127 1127 1 
128 1113 1 
128 918 1 
129 1130 1 
129 1131 1 
129 1006 1 
129 1132 1 
129 1133 1 
129 1134 1 
129 1135 1 
129 1136 1 
130 947 1 
130 1069 1 
131 947 1 
132 911 1 
132 1138 1 
132 1139 1 
133 947 1 
133 1140 1 
134 947 1 
135 915 1 
135 1036 1 
136 918 1 
136 931 1 
137 1057 1 
137 918 1 
138 1143 1 
138 918 1 
138 915 1 
139 988 1 
140 911 1 
140 1145 1 
141 988 1 
141 922 1 
142 988 1 
142 918 1 
143 1147 1 
143 911 1 
144 1057 1 
144 967 1 
145 1150 1 
146 918 1 
146 1151 1 
147 918 1 
147 1152 1 
148 967 1 
148 1153 1 
149 918 1 
149 911 1 
150 1154 1 
150 1078 1 
151 1057 1 
151 911 1 
152 1157 1 
152 1019 1 
153 1159 1 
153 1160 1 
154 1154 1 
154 911 1 
154 915 1 
154 1161 1 
155 947 1 
155 911 1 
156 947 1 
156 923 1 
157 967 1 
157 1163 1 
158 1165 1 
158 882 1 
159 947 1 
159 911 1 
159 988 1 
159 1167 1 
159 1168 1 
160 947 1 
160 1169 1 
161 967 1 
161 947 1 
161 1171 1 
162 1154 1 
162 911 1 
163 1174 1 
163 1175 1 
164 1177 1 
164 911 1 
164 1178 1 
165 963 1 
165 882 1 
166 1180 1 
167 1177 1 
167 1181 1 
168 947 1 
168 1182 1 
168 1178 1 
169 1183 1 
169 902 1 
170 947 1 
170 920 1 
171 911 1 
171 918 1 
172 911 1 
172 918 1 
172 1185 1 
173 911 1 
173 1187 1 
174 1154 1 
174 918 1 
175 1190 1 
175 911 1 
176 882 1 
176 918 1 
177 1192 1 
177 1193 1 
177 1194 1 
177 1195 1 
178 1196 1 
178 1197 1 
179 1199 1 
179 1200 1 
179 947 1 
180 918 1 
180 1202 1 
180 1203 1 
181 1100 1 
181 1204 1 
182 1204 1 
182 947 1 
182 959 1 
183 1204 1 
183 977 1 
183 953 1 
184 1154 1 
184 915 1 
185 882 1 
185 967 1 
185 1206 1 
186 947 1 
186 882 1 
187 902 1 
187 911 1 
188 1019 1 
188 882 1 
189 1204 1 
189 1210 1 
190 948 1 
190 1212 1 
191 1214 1 
192 1197 1 
192 1182 1 
193 902 1 
193 1057 1 
193 1216 1 
194 902 1 
194 1204 1 
195 953 1 
195 948 1 
196 882 1 
196 1218 1 
197 918 1 
197 953 1 
198 911 1 
198 1204 1 
199 947 1 
199 1184 1 
200 947 1 
200 1196 1 
200 911 1 
201 918 1 
201 911 1 
202 948 1 
202 1008 1 
203 947 1 
203 1222 1 
203 1169 1 
203 1223 1 
204 947 1 
204 1224 1 
204 1225 1 
205 1204 1 
205 1227 1 
206 1222 1 
206 1224 1 
206 1229 1 
207 1231 1 
207 1057 1 
208 948 1 
208 947 1 
208 953 1 
209 911 1 
209 1057 1 
209 928 1 
210 947 1 
210 1057 1 
211 1224 1 
211 902 1 
211 890 1 
212 947 1 
212 1204 1 
213 947 1 
213 1238 1 
214 918 1 
214 1239 1 
215 947 1 
215 918 1 
216 1204 1 
216 1241 1 
216 1242 1 
216 958 1 
217 882 1 
217 947 1 
217 1244 1 
217 1245 1 
218 1247 1 
218 1248 1 
218 1249 1 
218 1250 1 
219 948 1 
219 1252 1 
220 882 1 
220 1253 1 
221 1036 1 
221 1003 1 
222 1255 1 
222 1256 1 
223 882 1 
223 1258 1 
224 1053 1 
224 1259 1 
225 1259 1 
225 1261 1 
226 1204 1 
226 1263 1 
227 925 1 
227 947 1 
228 947 1 
228 882 1 
229 1265 1 
229 1266 1 
230 953 1 
230 882 1 
231 1259 1 
231 953 1 
232 911 1 
232 918 1 
233 947 1 
233 1259 1 
234 947 1 
234 1110 1 
235 1019 1 
235 947 1 
236 963 1 
236 882 1 
237 1271 1 
237 1054 1 
238 947 1 
238 911 1 
238 915 1 
239 953 1 
239 947 1 
239 1273 1 
240 915 1 
240 928 1 
241 963 1 
241 947 1 
242 1274 1 
242 1196 1 
243 947 1 
243 1259 1 
244 918 1 
244 1276 1 
245 882 1 
245 898 1 
245 977 1 
246 947 1 
247 947 1 
247 1280 1 
248 947 1 
248 902 1 
249 911 1 
249 1283 1 
250 1284 1 
250 923 1 
251 1285 1 
252 953 1 
252 947 1 
253 1288 1 
253 1289 1 
254 1291 1 
254 1271 1 
254 911 1 
254 1292 1 
255 1053 1 
255 1271 1 
256 1295 1 
257 1297 1 
257 1298 1 
257 1042 1 
258 1271 1 
258 1299 1 
259 948 1 
259 1053 1 
260 947 1 
260 1036 1 
261 947 1 
261 1301 1 
262 1036 1 
262 1303 1 
262 1304 1 
262 1304 1 
263 947 1 
263 948 1 
264 1307 1 
264 1308 1 
265 1309 1 
265 1271 1 
265 1310 1 
266 1271 1 
266 1312 1 
267 947 1 
267 1314 1 
268 1315 1 
268 1316 1 
268 1317 1 
269 948 1 
269 1318 1 
270 882 1 
270 915 1 
271 947 1 
271 988 1 
272 1320 1 
272 1321 1 
273 1197 1 
273 1323 1 
274 1271 1 
274 1057 1 
275 1259 1 
275 1204 1 
276 1325 1 
276 1326 1 
277 1042 1 
277 1328 1 
278 882 1 
278 1259 1 
278 1320 1 
279 954 1 
279 948 1 
280 1329 1 
281 1287 1 
281 1154 1 
281 947 1 
282 1320 1 
282 1313 1 
282 1330 1 
282 1023 1 
282 1331 1 
283 947 1 
283 1332 1 
284 1323 1 
284 1333 1 
285 1334 1 
285 1335 1 
285 1336 1 
285 1337 1 
285 1338 1 
286 902 1 
286 1112 1 
286 911 1 
286 1340 1 
286 1271 1 
286 1341 1 
287 911 1 
287 1342 1 
288 947 1 
288 1344 1 
289 948 1 
289 1346 1 
290 1348 1 
290 1349 1 
291 1271 1 
291 902 1 
291 882 1 
291 1351 1 
292 1299 1 
292 915 1 
293 947 1 
293 1271 1 
294 1204 1 
294 915 1 
295 1008 1 
295 882 1 
296 1204 1 
296 915 1 
297 1355 1 
297 1071 1 
297 1356 1 
297 1357 1 
298 1359 1 
298 1019 1 
299 1360 1 
299 1359 1 
300 1204 1 
300 1362 1 
301 1204 1 
301 1180 1 
302 911 1 
302 1365 1 
303 1366 1 
304 1368 1 
304 1369 1 
305 1204 1 
305 1371 1 
306 947 1 
306 1359 1 
307 1372 1 
307 1204 1 
307 915 1 
308 1374 1 
308 1375 1 
309 915 1 
309 1376 1 
310 1330 1 
310 902 1 
311 1377 1 
312 1145 1 
312 947 1 
313 947 1 
313 1380 1 
313 1381 1 
314 1271 1 
314 1383 1 
315 948 1 
315 1019 1 
316 1386 1 
316 902 1 
316 1244 1 
316 1245 1 
316 1387 1 
316 1388 1 
316 925 1 
316 1389 1 
316 1390 1 
316 1391 1 
316 928 1 
317 1393 1 
317 1261 1 
318 1395 1 
318 1396 1 
319 1271 1 
319 1397 1 
320 1123 1 
320 902 1 
320 902 1 
320 1399 1 
320 1180 1 
320 1036 1 
321 1401 1 
321 1031 1 
322 1403 1 
322 1404 1 
322 1405 1 
322 1406 1 
323 902 1 
323 1366 1 
324 948 1 
324 882 1 
325 898 1 
325 911 1 
326 1006 1 
326 1078 1 
327 1408 1 
327 1036 1 
328 1019 1 
328 1271 1 
329 1019 1 
329 1410 1 
329 1025 1 
329 928 1 
330 1271 1 
330 915 1 
331 948 1 
331 1411 1 
332 1412 1 
332 1227 1 
333 1386 1 
333 1231 1 
333 911 1 
333 1413 1 
334 915 1 
334 1415 1 
334 1416 1 
335 1245 1 
335 1418 1 
336 1271 1 
336 947 1 
336 1077 1 
337 1245 1 
337 1036 1 
338 1420 1 
338 1019 1 
339 902 1 
339 911 1 
339 1422 1 
340 1036 1 
340 1424 1 
341 1036 1 
341 947 1 
342 948 1 
342 1057 1 
343 1427 1 
343 1428 1 
343 1429 1 
344 931 1 
344 979 1 
344 1398 1 
345 923 1 
345 911 1 
345 1432 1 
346 1019 1 
346 928 1 
347 947 1 
347 1036 1 
347 1434 1 
347 1435 1 
348 1006 1 
348 1437 1 
349 902 1 
349 1439 1 
350 1440 1 
350 1441 1 
351 1442 1 
352 1444 1 
353 1387 1 
353 1446 1 
353 1245 1 
353 1447 1 
353 1448 1 
353 1449 1 
354 947 1 
354 1204 1 
355 902 1 
355 882 1 
356 1452 1 
356 947 1 
357 1387 1 
357 1454 1 
358 1057 1 
358 1456 1 
359 1453 1 
359 1271 1 
360 1036 1 
360 1459 1 
361 1461 1 
361 1462 1 
362 1464 1 
363 948 1 
363 915 1 
363 1036 1 
363 1466 1 
364 1271 1 
364 1036 1 
365 1469 1 
365 1470 1 
366 1323 1 
366 1472 1 
366 1003 1 
367 1261 1 
367 882 1 
368 1413 1 
368 1474 1 
369 948 1 
369 928 1 
370 882 1 
370 907 1 
370 902 1 
371 931 1 
371 1477 1 
371 1261 1 
372 1261 1 
372 1478 1 
373 1478 1 
373 1480 1 
373 1481 1 
373 1482 1 
374 882 1 
374 1484 1 
374 928 1 
375 1485 1 
375 1486 1 
376 1261 1 
376 1487 1 
377 948 1 
377 1489 1 
378 948 1 
378 1491 1 
379 1492 1 
379 1181 1 
380 1493 1 
380 1494 1 
380 1495 1 
380 1496 1 
381 948 1 
381 1241 1 
382 1036 1 
382 1180 1 
383 1036 1 
383 1241 1 
384 1499 1 
384 1500 1 
385 925 1 
385 1366 1 
385 915 1 
386 1271 1 
386 1502 1 
387 947 1 
387 1036 1 
388 1004 1 
388 947 1 
388 1349 1 
389 1505 1 
389 931 1 
389 1506 1 
389 1507 1 
389 1508 1 
389 1509 1 
389 1510 1 
390 1512 1 
391 1271 1 
391 1514 1 
391 928 1 
392 1271 1 
392 1507 1 
393 1391 1 
393 1387 1 
394 988 1 
394 1516 1 
394 1517 1 
395 948 1 
395 1519 1 
395 1520 1 
396 1204 1 
396 1522 1 
397 1523 1 
397 1524 1 
398 948 1 
398 911 1 
399 882 1 
399 1526 1 
400 1204 1 
400 1271 1 
400 1502 1 
401 947 1 
402 1204 1 
402 1271 1 
402 928 1 
403 1531 1 
403 1532 1 
404 1534 1 
404 1387 1 
405 948 1 
405 915 1 
406 1416 1 
406 1003 1 
406 1537 1 
407 1539 1 
407 1540 1 
407 1541 1 
408 947 1 
409 1036 1 
409 1542 1 
410 1204 1 
410 1544 1 
410 1545 1 
411 1004 1 
411 1547 1 
411 1271 1 
411 1548 1 
411 1549 1 
412 948 1 
412 1551 1 
413 1204 1 
413 1387 1 
414 948 1 
414 1554 1 
414 1555 1 
415 1204 1 
415 1271 1 
415 1557 1 
416 948 1 
416 1549 1 
416 1558 1 
417 1559 1 
417 1019 1 
417 1258 1 
418 1204 1 
418 1561 1 
419 1325 1 
419 1204 1 
420 948 1 
420 1563 1 
421 1019 1 
421 1565 1 
421 1448 1 
422 1566 1 
422 1567 1 
423 1140 1 
423 1569 1 
424 1416 1 
424 915 1 
425 1271 1 
425 1572 1 
426 1549 1 
426 928 1 
427 1575 1 
427 1576 1 
427 1577 1 
427 928 1 
427 928 1 
427 1578 1 
428 1580 1 
428 1416 1 
429 948 1 
429 1582 1 
430 1549 1 
430 947 1 
431 1416 1 
432 915 1 
432 1586 1 
433 1587 1 
433 1204 1 
433 1003 1 
434 1589 1 
434 1549 1 
435 911 1 
435 928 1 
436 948 1 
436 1181 1 
437 948 1 
437 1593 1 
438 1271 1 
438 1595 1 
439 947 1 
439 948 1 
440 1487 1 
440 1597 1 
441 1271 1 
441 1599 1 
442 1601 1 
442 928 1 
443 1387 1 
443 1601 1 
444 1577 1 
444 1603 1 
445 1604 1 
445 1605 1 
446 948 1 
446 1607 1 
447 1271 1 
448 918 1 
449 947 1 
449 948 1 
450 1610 1 
450 1349 1 
451 1057 1 
451 1416 1 
452 1613 1 
452 1003 1 
453 1416 1 
453 1615 1 
454 1616 1 
454 915 1 
455 1416 1 
455 948 1 
456 1549 1 
456 1618 1 
457 1620 1 
457 1549 1 
457 1621 1 
458 1057 1 
459 1549 1 
459 911 1 
459 1624 1 
460 1626 1 
460 1627 1 
461 1629 1 
461 1630 1 
461 1631 1 
462 1140 1 
463 1634 1 
463 1123 1 
464 1388 1 
464 1487 1 
464 1636 1 
465 1608 1 
465 1019 1 
465 1123 1 
466 1638 1 
466 948 1 
467 1271 1 
467 1036 1 
468 1003 1 
468 1640 1 
469 1036 1 
469 1549 1 
470 1549 1 
470 902 1 
470 1123 1 
470 1643 1 
471 1645 1 
471 1646 1 
471 1647 1 
471 1647 1 
472 1649 1 
472 1650 1 
473 1652 1 
473 1653 1 
474 1123 1 
474 1655 1 
474 1656 1 
475 1416 1 
475 1658 1 
476 1003 1 
476 1271 1 
477 1661 1 
477 1271 1 
478 1123 1 
478 1031 1 
479 1664 1 
479 1665 1 
480 1031 1 
480 1036 1 
481 1549 1 
481 1416 1 
482 948 1 
482 1669 1 
482 1670 1 
483 947 1 
483 1266 1 
483 1671 1 
483 1672 1 
484 1674 1 
484 1675 1 
485 1123 1 
485 928 1 
486 1678 1 
487 1659 1 
487 1680 1 
487 1416 1 
488 928 1 
488 1003 1 
488 1292 1 
489 1019 1 
489 1683 1 
490 1019 1 
490 1003 1 
491 1685 1 
491 1308 1 
492 1577 1 
492 1416 1 
493 1687 1 
493 911 1 
494 1003 1 
494 1689 1 
495 1019 1 
495 1204 1 
496 1003 1 
496 1036 1 
497 1577 1 
498 1325 1 
498 928 1 
499 948 1 
499 1693 1 
499 967 1 
500 1577 1 
500 1695 1 
501 1576 1 
501 1697 1 
502 1297 1 
502 928 1 
503 1577 1 
503 1700 1 
504 1702 1 
504 1703 1 
504 1704 1 
504 1705 1 
505 1706 1 
505 1707 1 
506 928 1 
506 1709 1 
507 1003 1 
507 1710 1 
508 928 1 
508 1712 1 
509 1031 1 
509 928 1 
510 1713 1 
511 882 1 
511 1031 1 
511 911 1 
511 1715 1 
512 1577 1 
512 1003 1 
512 1717 1 
513 1577 1 
513 928 1 
514 1003 1 
514 1297 1 
515 1387 1 
515 1720 1 
516 1031 1 
516 1610 1 
517 1036 1 
517 1031 1 
517 1416 1 
518 1722 1 
519 928 1 
519 1724 1 
519 1416 1 
520 1576 1 
520 928 1 
520 1144 1 
520 1725 1 
521 1271 1 
521 1727 1 
522 1204 1 
523 1730 1 
523 1731 1 
524 1733 1 
524 1375 1 
525 1204 1 
525 1416 1 
525 1734 1 
525 1735 1 
525 1736 1 
525 1737 1 
525 884 1 
526 1739 1 
526 1031 1 
527 1577 1 
527 1036 1 
528 1428 1 
528 1742 1 
529 958 1 
530 1577 1 
530 1745 1 
531 1577 1 
531 1428 1 
531 1036 1 
532 1057 1 
532 1576 1 
532 1747 1 
533 1687 1 
533 1748 1 
534 1750 1 
534 1036 1 
535 1003 1 
535 928 1 
536 1687 1 
536 1577 1 
537 1753 1 
537 1428 1 
537 1754 1 
537 1755 1 
538 1577 1 
538 1416 1 
539 1001 1 
539 1758 1 
540 1031 1 
541 1416 1 
541 1720 1 
541 1761 1 
542 1669 1 
542 1763 1 
543 1765 1 
543 1766 1 
544 1768 1 
544 1769 1 
545 1771 1 
545 1261 1 
546 911 1 
546 1017 1 
547 1031 1 
547 928 1 
548 1775 1 
548 1776 1 
549 1031 1 
549 1428 1 
550 1416 1 
550 1779 1 
551 911 1 
551 928 1 
552 1780 1 
552 1781 1 
552 1782 1 
553 1349 1 
553 1784 1 
554 928 1 
554 1389 1 
555 1786 1 
555 1787 1 
555 1788 1 
556 928 1 
556 1534 1 
557 928 1 
557 1790 1 
558 1792 1 
558 902 1 
559 1793 1 
559 1549 1 
560 1471 1 
560 1325 1 
561 1416 1 
561 1795 1 
562 928 1 
562 1797 1 
563 1471 1 
563 1292 1 
564 928 1 
565 1800 1 
565 928 1 
566 928 1 
566 1802 1 
567 1004 1 
567 1245 1 
568 1805 1 
569 928 1 
569 911 1 
570 1806 1 
570 1807 1 
571 1341 1 
571 1428 1 
571 1809 1 
572 1810 1 
572 928 1 
573 1019 1 
574 1003 1 
574 928 1 
575 1004 1 
575 1325 1 
576 1806 1 
576 1815 1 
577 948 1 
577 1816 1 
578 928 1 
579 1817 1 
580 1818 1 
580 1819 1 
581 1123 1 
581 1816 1 
582 1810 1 
582 1325 1 
583 1823 1 
583 928 1 
584 1031 1 
585 1824 1 
586 1826 1 
586 1827 1 
587 902 1 
587 1805 1 
588 1349 1 
588 1004 1 
589 1004 1 
589 928 1 
590 1816 1 
590 1003 1 
590 1831 1 
590 1832 1 
590 1715 1 
591 882 1 
591 1834 1 
592 1004 1 
592 928 1 
593 1837 1 
593 1838 1 
594 1805 1 
594 928 1 
595 928 1 
595 1840 1 
596 1842 1 
596 1843 1 
597 1845 1 
597 1846 1 
598 1031 1 
598 1848 1 
598 1429 1 
599 1004 1 
599 1850 1 
600 1816 1 
600 928 1 
601 1391 1 
601 1853 1 
602 1854 1 
602 1855 1 
603 1004 1 
603 1856 1 
604 928 1 
604 1004 1 
605 1839 1 
605 1858 1 
605 1859 1 
605 1860 1 
606 1019 1 
606 1861 1 
606 1862 1 
607 948 1 
607 1863 1 
608 1019 1 
608 1865 1 
609 928 1 
610 1868 1 
610 928 1 
611 1391 1 
611 1869 1 
612 902 1 
612 1031 1 
613 928 1 
613 902 1 
614 1871 1 
615 948 1 
615 1872 1 
616 1874 1 
616 1875 1 
617 1391 1 
617 928 1 
618 1292 1 
618 1877 1 
618 1878 1 
619 1879 1 
619 1880 1 
620 1031 1 
620 1882 1 
621 1416 1 
621 1884 1 
622 1886 1 
622 1887 1 
623 1816 1 
623 1429 1 
623 1889 1 
624 1811 1 
624 1429 1 
625 1891 1 
625 1892 1 
626 1603 1 
626 1893 1 
627 1895 1 
627 1896 1 
627 1897 1 
628 1031 1 
628 911 1 
629 1429 1 
629 1899 1 
630 1901 1 
630 1902 1 
630 1903 1 
630 902 1 
631 1904 1 
631 1905 1 
632 1907 1 
633 1908 1 
633 1909 1 
634 1910 1 
634 1911 1 
635 928 1 
635 1913 1 
636 1915 1 
636 1916 1 
637 1918 1 
637 928 1 
638 928 1 
638 1920 1 
639 1271 1 
639 958 1 
640 928 1 
640 1342 1 
641 1918 1 
641 1603 1 
642 1031 1 
642 928 1 
642 1924 1 
643 1019 1 
643 928 1 
644 1349 1 
644 1271 1 
645 1927 1 
645 1928 1 
646 1036 1 
646 1930 1 
646 1823 1 
646 1931 1 
647 882 1 
647 928 1 
648 1934 1 
649 1429 1 
649 915 1 
650 1937 1 
650 1938 1 
651 948 1 
651 928 1 
652 1941 1 
652 1942 1 
653 1429 1 
653 1944 1 
654 1927 1 
654 1945 1 
655 1947 1 
655 1948 1 
655 1949 1 
656 1816 1 
656 1634 1 
657 1818 1 
657 1951 1 
657 1952 1 
657 1953 1 
658 1429 1 
658 1954 1 
658 1955 1 
659 1610 1 
659 1957 1 
660 1958 1 
660 1959 1 
661 915 1 
661 1961 1 
662 1872 1 
662 1963 1 
662 1964 1 
663 1966 1 
663 928 1 
664 1967 1 
664 1968 1 
665 1970 1 
666 1971 1 
667 1973 1 
667 1974 1 
668 1429 1 
668 1976 1 
669 1978 1 
669 1979 1 
670 1391 1 
670 1980 1 
671 1031 1 
671 1429 1 
672 1981 1 
673 1983 1 
673 928 1 
674 928 1 
674 1391 1 
675 1019 1 
675 1429 1 
676 1816 1 
677 1839 1 
677 1577 1 
678 1983 1 
678 1988 1 
679 1990 1 
679 1991 1 
680 928 1 
680 1993 1 
681 1983 1 
681 1036 1 
682 1818 1 
683 1057 1 
683 928 1 
684 1391 1 
684 1003 1 
684 928 1 
684 1997 1 
685 928 1 
685 1999 1 
686 2001 1 
686 2002 1 
687 2004 1 
688 2006 1 
688 928 1 
688 1983 1 
688 2007 1 
689 948 1 
689 2009 1 
690 2011 1 
690 2012 1 
690 2013 1 
690 2014 1 
691 2015 1 
692 1429 1 
692 2017 1 
693 2018 1 
693 2019 1 
693 2020 1 
694 2021 1 
695 928 1 
695 2022 1 
696 1391 1 
697 1634 1 
697 2025 1 
698 2027 1 
698 1271 1 
699 2025 1 
699 1804 1 
700 2029 1 
700 2030 1 
701 1271 1 
701 928 1 
702 2032 1 
703 2034 1 
703 2035 1 
704 2037 1 
705 2034 1 
705 2039 1 
706 2041 1 
706 2042 1 
707 2044 1 
707 2045 1 
708 928 1 
708 2047 1 
709 1429 1 
709 2049 1 
710 2050 1 
711 1429 1 
711 1019 1 
712 1429 1 
712 911 1 
712 1036 1 
713 1391 1 
714 1429 1 
715 928 1 
715 2055 1 
716 2025 1 
716 2057 1 
717 1429 1 
717 1271 1 
718 2060 1 
718 1983 1 
718 2061 1 
718 2062 1 
719 1019 1 
719 2064 1 
719 2065 1 
720 1271 1 
720 2067 1 
721 2069 1 
721 1271 1 
722 1036 1 
722 1429 1 
723 2070 1 
723 2071 1 
724 2073 1 
724 1429 1 
725 2075 1 
725 2076 1 
726 1869 1 
726 2078 1 
727 2080 1 
727 1610 1 
728 2082 1 
728 1019 1 
729 915 1 
730 2084 1 
730 2085 1 
730 2086 1 
731 1429 1 
731 2088 1 
732 948 1 
732 2089 1 
733 1019 1 
733 2090 1 
734 2092 1 
734 2093 1 
734 2094 1 
735 2080 1 
735 2096 1 
735 2097 1 
736 2098 1 
736 2099 1 
737 928 1 
737 2101 1 
738 2103 1 
738 928 1 
738 2104 1 
739 1429 1 
739 928 1 
740 2106 1 
740 928 1 
741 2108 1 
741 958 1 
742 1342 1 
742 2110 1 
743 928 1 
743 2112 1 
744 2113 1 
744 928 1 
745 2115 1 
745 2116 1 
746 1342 1 
746 2118 1 
747 1624 1 
747 1481 1 
748 956 1 
749 2122 1 
750 1342 1 
751 2124 1 
751 2125 1 
751 2126 1 
752 2128 1 
752 2129 1 
753 1342 1 
753 2131 1 
754 2133 1 
754 2134 1 
755 2136 1 
755 1342 1 
756 2124 1 
756 2138 1 
757 2140 1 
757 2141 1 
758 2143 1 
758 2144 1 
759 1624 1 
759 2145 1 
760 2147 1 
760 928 1 
760 2148 1 
761 911 1 
762 2150 1 
763 948 1 
763 2151 1 
764 2153 1 
764 2154 1 
765 2156 1 
765 2157 1 
765 2158 1 
766 2160 1 
766 1204 1 
766 947 1 
767 1429 1 
767 2162 1 
768 1204 1 
769 1301 1 
769 911 1 
770 2165 1 
771 1301 1 
771 2167 1 
772 948 1 
772 2169 1 
773 2171 1 
773 2106 1 
774 2173 1 
774 2174 1 
775 1342 1 
776 2176 1 
776 2177 1 
777 2179 1 
777 2180 1 
778 2182 1 
778 2183 1 
779 2185 1 
780 2187 1 
780 2188 1 
781 2190 1 
781 2191 1 
782 1271 1 
782 2193 1 
783 1292 1 
783 2195 1 
784 2197 1 
784 948 1 
785 2199 1 
785 1342 1 
786 2201 1 
786 1983 1 
787 2202 1 
788 1983 1 
788 2204 1 
789 2171 1 
789 2206 1 
790 2208 1 
790 2209 1 
791 1391 1 
791 2211 1 
792 947 1 
792 2213 1 
793 2215 1 
793 2216 1 
794 1301 1 
794 2218 1 
795 1292 1 
795 2220 1 
796 2222 1 
796 2223 1 
797 2225 1 
797 2226 1 
798 928 1 
798 1292 1 
799 928 1 
799 1292 1 
800 2229 1 
800 2230 1 
801 2232 1 
802 2167 1 
802 1292 1 
802 2234 1 
803 2236 1 
803 947 1 
803 2237 1 
804 2239 1 
804 2240 1 
805 2235 1 
805 2242 1 
805 2243 1 
806 1292 1 
807 2245 1 
808 2247 1 
808 2248 1 
809 2250 1 
809 2251 1 
809 2252 1 
810 947 1 
811 2255 1 
812 2257 1 
813 2259 1 
813 2260 1 
813 2261 1 
814 2222 1 
814 2167 1 
815 1342 1 
815 2263 1 
816 2264 1 
817 1342 1 
817 1342 1 
818 1905 1 
818 2267 1 
819 1882 1 
819 1292 1 
820 2270 1 
821 2272 1 
821 2273 1 
821 2274 1 
822 2276 1 
822 2277 1 
823 1034 1 
823 928 1 
824 1983 1 
824 1034 1 
825 2281 1 
826 2283 1 
826 1034 1 
827 2285 1 
827 1034 1 
828 2286 1 
829 2288 1 
830 2290 1 
830 2291 1 
831 1342 1 
831 2293 1 
832 928 1 
832 2295 1 
833 2297 1 
833 2298 1 
834 928 1 
834 1292 1 
834 2300 1 
834 2301 1 
835 947 1 
835 2303 1 
836 2089 1 
836 947 1 
837 2247 1 
837 928 1 
838 2307 1 
838 1882 1 
839 2309 1 
839 2310 1 
839 2311 1 
840 2239 1 
840 1034 1 
840 2313 1 
840 2314 1 
840 1983 1 
841 1292 1 
842 2316 1 
843 2318 1 
843 2319 1 
844 2321 1 
844 1034 1 
845 928 1 
845 1429 1 
846 1034 1 
846 2324 1 
847 928 1 
847 2326 1 
848 1034 1 
848 2328 1 
849 2330 1 
849 1034 1 
850 1034 1 
850 2331 1 
850 2332 1 
851 1342 1 
851 2334 1 
852 2336 1 
852 928 1 
853 2338 1 
853 2339 1 
854 2341 1 
854 2342 1 
855 2344 1 
856 2330 1 
857 2347 1 
857 2347 1 
858 2171 1 
858 2347 1 
859 1034 1 
859 928 1 
860 2351 1 
860 2352 1 
860 2353 1 
860 2354 1 
861 1034 1 
861 2330 1 
862 1429 1 
862 2357 1 
863 1292 1 
863 2347 1 
864 2359 1 
864 2360 1 
864 2361 1 
865 2330 1 
865 2363 1 
866 1034 1 
866 2330 1 
867 1034 1 
867 2291 1 
868 928 1 
868 1034 1 
869 1034 1 
869 2368 1 
870 2370 1 
870 2371 1 
871 2373 1 
871 1416 1 
872 2351 1 
872 2330 1 
873 2281 1 
873 2375 1 
874 2281 1 
874 2377 1 
875 2281 1 
875 2379 1 
876 2351 1 
876 2377 1 
877 2382 1 
877 2383 1 
878 2385 1 
878 2377 1 
879 2377 1 
879 1027 1 
879 2385 1 
880 2388 1 
880 2385 1 
880 2389 1 
880 2390 1 
880 2391 1 
881 1342 1 
881 1027 1 
0 2393 1 
0 2394 1 
1 2395 1 
1 2396 1 
1 2397 1 
1 2398 1 
2 2399 1 
3 2400 1 
3 2401 1 
4 2402 1 
4 2403 1 
4 2404 1 
5 2405 1 
5 2406 1 
6 2407 1 
6 2408 1 
6 2409 1 
6 2410 1 
7 2402 1 
7 2411 1 
8 2412 1 
8 2413 1 
8 2414 1 
9 2393 1 
10 2415 1 
10 2416 1 
10 2417 1 
11 2409 1 
11 2407 1 
12 2418 1 
13 2405 1 
13 2419 1 
14 2395 1 
14 2420 1 
14 2421 1 
14 2422 1 
15 2393 1 
16 2423 1 
17 2424 1 
17 2425 1 
17 2426 1 
18 2427 1 
18 2428 1 
19 2429 1 
20 2412 1 
20 2430 1 
21 2405 1 
21 2429 1 
22 2431 1 
22 2432 1 
22 2433 1 
23 2434 1 
23 2435 1 
23 2436 1 
23 2437 1 
24 2438 1 
24 2439 1 
24 2440 1 
25 2441 1 
25 2442 1 
26 2424 1 
26 2412 1 
26 2443 1 
27 2407 1 
27 2444 1 
27 2445 1 
28 2446 1 
28 2447 1 
28 2448 1 
29 2449 1 
29 2450 1 
30 2451 1 
30 2452 1 
30 2453 1 
31 2405 1 
31 2435 1 
31 2454 1 
32 2415 1 
32 2455 1 
33 2396 1 
33 2397 1 
33 2456 1 
33 2402 1 
34 2457 1 
34 2458 1 
34 2459 1 
35 2460 1 
36 2461 1 
36 2459 1 
37 2462 1 
38 2433 1 
39 2463 1 
39 2464 1 
40 2465 1 
40 2415 1 
40 2466 1 
40 2467 1 
41 2395 1 
41 2435 1 
42 2457 1 
42 2468 1 
43 2454 1 
43 2469 1 
44 2470 1 
44 2471 1 
45 2472 1 
46 2451 1 
46 2473 1 
47 2474 1 
48 2415 1 
48 2475 1 
49 2476 1 
49 2477 1 
49 2478 1 
50 2405 1 
50 2429 1 
50 2416 1 
51 2479 1 
52 2444 1 
52 2445 1 
53 2397 1 
53 2480 1 
53 2395 1 
53 2481 1 
53 2482 1 
54 2483 1 
54 2484 1 
55 2424 1 
55 2394 1 
55 2485 1 
56 2482 1 
56 2486 1 
57 2451 1 
57 2457 1 
57 2487 1 
58 2488 1 
59 2451 1 
60 2489 1 
60 2490 1 
61 2396 1 
62 2405 1 
62 2412 1 
63 2487 1 
63 2491 1 
64 2415 1 
64 2411 1 
64 2492 1 
65 2493 1 
65 2494 1 
66 2457 1 
66 2495 1 
67 2415 1 
67 2496 1 
68 2497 1 
69 2498 1 
70 2405 1 
70 2499 1 
71 2405 1 
71 2395 1 
71 2500 1 
72 2405 1 
72 2429 1 
72 2415 1 
73 2415 1 
73 2425 1 
73 2465 1 
73 2425 1 
73 2467 1 
74 2395 1 
74 2501 1 
74 2451 1 
75 2405 1 
76 2405 1 
76 2415 1 
76 2425 1 
77 2415 1 
77 2425 1 
77 2502 1 
78 2402 1 
78 2503 1 
78 2469 1 
78 2504 1 
79 2411 1 
80 2505 1 
80 2506 1 
81 2507 1 
81 2470 1 
81 2508 1 
82 2405 1 
82 2509 1 
82 2510 1 
83 2457 1 
83 2511 1 
83 2504 1 
83 2512 1 
84 2405 1 
84 2513 1 
84 2514 1 
85 2407 1 
85 2488 1 
85 2515 1 
86 2505 1 
86 2507 1 
86 2506 1 
87 2516 1 
88 2477 1 
89 2431 1 
89 2517 1 
90 2429 1 
90 2457 1 
90 2495 1 
91 2405 1 
91 2518 1 
92 2396 1 
92 2431 1 
92 2432 1 
93 2405 1 
93 2412 1 
93 2515 1 
93 2413 1 
94 2519 1 
94 2520 1 
94 2521 1 
95 2405 1 
96 2502 1 
96 2495 1 
96 2522 1 
97 2523 1 
97 2471 1 
97 2524 1 
98 2498 1 
99 2413 1 
100 2411 1 
100 2525 1 
100 2526 1 
101 2442 1 
101 2527 1 
102 2528 1 
102 2529 1 
103 2530 1 
103 2531 1 
103 2532 1 
104 2425 1 
104 2415 1 
104 2465 1 
105 2415 1 
105 2425 1 
105 2482 1 
106 2435 1 
107 2395 1 
107 2399 1 
107 2533 1 
108 2415 1 
108 2397 1 
108 2435 1 
108 2496 1 
109 2534 1 
110 2535 1 
111 2396 1 
111 2536 1 
112 2394 1 
112 2537 1 
113 2538 1 
113 2473 1 
114 2435 1 
114 2454 1 
114 2436 1 
115 2405 1 
115 2539 1 
115 2428 1 
115 2540 1 
116 2395 1 
116 2457 1 
116 2412 1 
116 2443 1 
116 2442 1 
117 2424 1 
117 2541 1 
117 2542 1 
118 2465 1 
118 2543 1 
118 2396 1 
118 2541 1 
119 2415 1 
119 2541 1 
119 2417 1 
119 2544 1 
120 2545 1 
120 2511 1 
121 2412 1 
121 2546 1 
121 2547 1 
121 2442 1 
121 2548 1 
122 2405 1 
122 2412 1 
122 2546 1 
122 2442 1 
123 2411 1 
123 2515 1 
123 2511 1 
124 2549 1 
124 2550 1 
125 2429 1 
125 2551 1 
126 2457 1 
127 2552 1 
127 2553 1 
128 2395 1 
128 2502 1 
128 2554 1 
129 2457 1 
129 2512 1 
129 2555 1 
130 2429 1 
131 2556 1 
131 2557 1 
132 2538 1 
132 2473 1 
132 2558 1 
133 2538 1 
133 2473 1 
133 2559 1 
134 2395 1 
134 2560 1 
135 2457 1 
135 2539 1 
135 2561 1 
136 2395 1 
136 2402 1 
136 2403 1 
137 2405 1 
137 2562 1 
137 2563 1 
138 2424 1 
139 2405 1 
139 2395 1 
139 2513 1 
140 2405 1 
140 2564 1 
141 2415 1 
141 2435 1 
141 2411 1 
142 2454 1 
142 2436 1 
142 2435 1 
143 2508 1 
144 2496 1 
144 2565 1 
145 2566 1 
145 2426 1 
145 2567 1 
146 2429 1 
146 2564 1 
147 2568 1 
147 2482 1 
148 2465 1 
149 2429 1 
149 2412 1 
149 2430 1 
150 2483 1 
150 2421 1 
150 2569 1 
150 2570 1 
151 2480 1 
151 2571 1 
151 2486 1 
151 2572 1 
152 2424 1 
152 2451 1 
152 2573 1 
152 2403 1 
152 2442 1 
153 2574 1 
153 2575 1 
154 2465 1 
154 2576 1 
155 2573 1 
155 2522 1 
155 2442 1 
156 2412 1 
156 2442 1 
157 2477 1 
157 2577 1 
158 2578 1 
158 2507 1 
158 2579 1 
158 2533 1 
159 2396 1 
159 2457 1 
159 2397 1 
160 2501 1 
160 2482 1 
161 2580 1 
161 2581 1 
161 2582 1 
162 2454 1 
162 2407 1 
163 2412 1 
163 2502 1 
164 2514 1 
165 2501 1 
165 2437 1 
165 2583 1 
166 2424 1 
166 2402 1 
167 2429 1 
167 2495 1 
167 2522 1 
168 2552 1 
168 2584 1 
169 2407 1 
170 2405 1 
170 2412 1 
170 2461 1 
170 2534 1 
171 2429 1 
171 2462 1 
172 2454 1 
172 2579 1 
172 2585 1 
173 2571 1 
173 2586 1 
174 2402 1 
175 2513 1 
176 2424 1 
176 2403 1 
177 2587 1 
177 2588 1 
177 2589 1 
178 2435 1 
178 2541 1 
178 2436 1 
179 2590 1 
179 2591 1 
179 2424 1 
180 2444 1 
180 2592 1 
181 2405 1 
181 2456 1 
181 2396 1 
182 2490 1 
183 2405 1 
183 2593 1 
183 2594 1 
184 2415 1 
184 2439 1 
185 2405 1 
185 2552 1 
185 2400 1 
186 2457 1 
186 2456 1 
186 2595 1 
187 2431 1 
187 2441 1 
187 2432 1 
188 2407 1 
188 2596 1 
188 2445 1 
188 2597 1 
189 2549 1 
189 2550 1 
190 2540 1 
190 2394 1 
191 2598 1 
192 2395 1 
192 2415 1 
192 2599 1 
193 2545 1 
193 2396 1 
193 2433 1 
194 2600 1 
194 2601 1 
194 2602 1 
195 2393 1 
195 2603 1 
195 2471 1 
196 2488 1 
196 2604 1 
197 2605 1 
198 2465 1 
198 2418 1 
199 2405 1 
199 2412 1 
199 2413 1 
199 2606 1 
200 2493 1 
200 2507 1 
200 2516 1 
200 2607 1 
201 2395 1 
201 2507 1 
202 2402 1 
202 2451 1 
202 2608 1 
203 2405 1 
203 2609 1 
203 2610 1 
204 2458 1 
205 2425 1 
205 2396 1 
205 2611 1 
205 2612 1 
206 2493 1 
206 2613 1 
206 2607 1 
207 2574 1 
207 2471 1 
207 2589 1 
207 2614 1 
208 2578 1 
208 2533 1 
208 2615 1 
209 2429 1 
209 2412 1 
209 2605 1 
209 2600 1 
209 2406 1 
210 2441 1 
210 2616 1 
211 2617 1 
211 2618 1 
211 2619 1 
212 2405 1 
212 2429 1 
212 2393 1 
212 2441 1 
212 2547 1 
213 2620 1 
213 2428 1 
213 2621 1 
214 2502 1 
214 2397 1 
214 2622 1 
215 2395 1 
215 2457 1 
216 2442 1 
216 2623 1 
216 2618 1 
216 2624 1 
217 2406 1 
217 2508 1 
217 2625 1 
218 2469 1 
219 2471 1 
219 2626 1 
220 2424 1 
220 2457 1 
220 2561 1 
221 2415 1 
221 2407 1 
222 2541 1 
222 2476 1 
222 2544 1 
222 2438 1 
223 2405 1 
223 2412 1 
224 2429 1 
224 2564 1 
225 2395 1 
225 2424 1 
225 2402 1 
225 2543 1 
225 2435 1 
226 2415 1 
226 2571 1 
226 2627 1 
227 2415 1 
227 2600 1 
227 2628 1 
228 2405 1 
228 2564 1 
229 2405 1 
229 2429 1 
229 2629 1 
230 2456 1 
230 2630 1 
231 2415 1 
231 2571 1 
232 2405 1 
232 2465 1 
233 2483 1 
233 2631 1 
234 2629 1 
235 2415 1 
235 2396 1 
235 2632 1 
236 2617 1 
236 2541 1 
236 2435 1 
236 2436 1 
237 2541 1 
237 2540 1 
237 2411 1 
237 2533 1 
237 2633 1 
238 2412 1 
238 2546 1 
239 2534 1 
239 2483 1 
239 2634 1 
240 2545 1 
240 2457 1 
241 2501 1 
241 2482 1 
241 2635 1 
242 2470 1 
242 2471 1 
242 2431 1 
243 2456 1 
243 2502 1 
244 2629 1 
245 2405 1 
245 2429 1 
246 2480 1 
246 2454 1 
247 2501 1 
247 2541 1 
247 2436 1 
248 2465 1 
248 2636 1 
249 2436 1 
249 2579 1 
250 2475 1 
250 2554 1 
250 2458 1 
251 2513 1 
251 2451 1 
251 2539 1 
252 2552 1 
252 2400 1 
253 2458 1 
254 2405 1 
254 2435 1 
255 2395 1 
255 2545 1 
255 2462 1 
256 2441 1 
257 2402 1 
257 2570 1 
258 2470 1 
258 2637 1 
259 2395 1 
260 2405 1 
260 2638 1 
261 2471 1 
261 2639 1 
261 2604 1 
262 2415 1 
262 2449 1 
262 2422 1 
262 2640 1 
263 2427 1 
263 2641 1 
264 2631 1 
264 2557 1 
265 2431 1 
265 2523 1 
265 2642 1 
265 2643 1 
265 2644 1 
266 2465 1 
266 2645 1 
267 2396 1 
268 2402 1 
268 2646 1 
268 2647 1 
269 2405 1 
269 2629 1 
269 2648 1 
270 2425 1 
270 2416 1 
270 2649 1 
270 2650 1 
271 2490 1 
272 2412 1 
272 2400 1 
273 2540 1 
273 2427 1 
273 2561 1 
274 2574 1 
274 2514 1 
274 2589 1 
274 2651 1 
275 2405 1 
275 2522 1 
276 2652 1 
276 2422 1 
276 2458 1 
276 2640 1 
277 2541 1 
277 2436 1 
278 2502 1 
278 2444 1 
279 2429 1 
279 2610 1 
279 2551 1 
280 2505 1 
280 2540 1 
280 2552 1 
280 2400 1 
280 2506 1 
281 2393 1 
281 2412 1 
282 2653 1 
282 2436 1 
283 2601 1 
284 2590 1 
284 2654 1 
284 2655 1 
285 2424 1 
285 2395 1 
285 2591 1 
286 2574 1 
286 2507 1 
286 2514 1 
287 2565 1 
288 2501 1 
288 2574 1 
289 2463 1 
290 2483 1 
290 2464 1 
291 2656 1 
291 2657 1 
292 2415 1 
292 2454 1 
293 2415 1 
293 2446 1 
293 2448 1 
294 2534 1 
295 2658 1 
295 2659 1 
296 2573 1 
296 2546 1 
297 2660 1 
298 2461 1 
298 2661 1 
299 2571 1 
299 2599 1 
300 2470 1 
300 2662 1 
301 2393 1 
301 2617 1 
301 2663 1 
302 2407 1 
303 2457 1 
303 2502 1 
303 2664 1 
304 2545 1 
304 2396 1 
304 2665 1 
304 2666 1 
305 2667 1 
306 2395 1 
306 2574 1 
307 2490 1 
308 2496 1 
308 2668 1 
308 2669 1 
308 2670 1 
309 2650 1 
309 2671 1 
310 2405 1 
311 2672 1 
312 2480 1 
312 2673 1 
312 2618 1 
313 2427 1 
313 2464 1 
314 2656 1 
314 2481 1 
315 2406 1 
315 2674 1 
316 2429 1 
316 2400 1 
317 2424 1 
318 2457 1 
318 2675 1 
319 2429 1 
319 2447 1 
320 2412 1 
320 2495 1 
320 2413 1 
320 2606 1 
321 2424 1 
321 2566 1 
322 2676 1 
323 2482 1 
323 2515 1 
324 2481 1 
324 2677 1 
325 2434 1 
325 2507 1 
325 2441 1 
326 2545 1 
326 2396 1 
326 2595 1 
326 2678 1 
327 2424 1 
327 2591 1 
327 2612 1 
328 2470 1 
328 2540 1 
328 2463 1 
328 2679 1 
329 2451 1 
329 2473 1 
329 2428 1 
329 2680 1 
330 2579 1 
330 2504 1 
331 2412 1 
331 2681 1 
332 2480 1 
332 2420 1 
332 2682 1 
332 2394 1 
333 2394 1 
334 2405 1 
334 2406 1 
335 2435 1 
335 2493 1 
335 2436 1 
336 2407 1 
336 2683 1 
336 2442 1 
336 2684 1 
337 2545 1 
337 2470 1 
338 2421 1 
338 2685 1 
339 2673 1 
339 2399 1 
339 2454 1 
340 2470 1 
340 2541 1 
340 2686 1 
341 2540 1 
341 2587 1 
342 2416 1 
343 2405 1 
343 2601 1 
344 2687 1 
345 2436 1 
346 2688 1 
347 2588 1 
347 2689 1 
348 2415 1 
348 2541 1 
348 2493 1 
348 2436 1 
349 2405 1 
349 2572 1 
350 2467 1 
351 2690 1 
351 2416 1 
351 2672 1 
352 2495 1 
352 2691 1 
352 2414 1 
353 2405 1 
354 2470 1 
354 2552 1 
354 2394 1 
355 2480 1 
355 2411 1 
355 2534 1 
356 2405 1 
356 2429 1 
357 2405 1 
357 2513 1 
357 2505 1 
358 2574 1 
359 2416 1 
359 2692 1 
360 2407 1 
360 2596 1 
361 2502 1 
362 2397 1 
362 2505 1 
362 2506 1 
363 2605 1 
364 2415 1 
364 2568 1 
365 2447 1 
365 2693 1 
366 2561 1 
366 2690 1 
367 2395 1 
367 2501 1 
368 2396 1 
369 2541 1 
369 2454 1 
369 2694 1 
370 2547 1 
370 2695 1 
371 2405 1 
371 2412 1 
371 2451 1 
371 2547 1 
371 2696 1 
372 2424 1 
372 2402 1 
373 2396 1 
373 2539 1 
373 2588 1 
374 2690 1 
374 2601 1 
375 2471 1 
375 2697 1 
375 2523 1 
376 2416 1 
377 2405 1 
377 2429 1 
378 2402 1 
378 2690 1 
378 2443 1 
379 2690 1 
379 2565 1 
379 2698 1 
380 2545 1 
380 2690 1 
381 2429 1 
381 2693 1 
382 2483 1 
382 2657 1 
383 2393 1 
383 2693 1 
384 2424 1 
385 2699 1 
386 2585 1 
387 2470 1 
387 2502 1 
388 2405 1 
388 2697 1 
388 2508 1 
388 2700 1 
389 2701 1 
390 2540 1 
390 2428 1 
391 2547 1 
391 2702 1 
392 2518 1 
393 2429 1 
393 2424 1 
394 2395 1 
394 2424 1 
394 2542 1 
394 2426 1 
394 2703 1 
395 2489 1 
395 2585 1 
396 2690 1 
396 2704 1 
396 2705 1 
397 2673 1 
397 2566 1 
398 2394 1 
398 2706 1 
399 2412 1 
399 2413 1 
400 2673 1 
400 2690 1 
400 2455 1 
401 2429 1 
401 2470 1 
402 2395 1 
402 2488 1 
402 2707 1 
402 2708 1 
402 2638 1 
403 2421 1 
403 2601 1 
403 2398 1 
404 2405 1 
404 2604 1 
405 2504 1 
405 2464 1 
405 2621 1 
406 2443 1 
406 2709 1 
407 2541 1 
407 2496 1 
407 2710 1 
407 2711 1 
408 2496 1 
408 2698 1 
408 2711 1 
409 2712 1 
409 2713 1 
409 2510 1 
410 2405 1 
411 2465 1 
411 2397 1 
411 2690 1 
412 2523 1 
412 2444 1 
412 2685 1 
413 2698 1 
413 2714 1 
413 2517 1 
414 2540 1 
414 2508 1 
414 2555 1 
415 2393 1 
415 2673 1 
416 2405 1 
416 2429 1 
417 2690 1 
417 2577 1 
418 2545 1 
418 2690 1 
418 2622 1 
419 2546 1 
420 2543 1 
420 2433 1 
420 2479 1 
421 2653 1 
421 2715 1 
422 2429 1 
422 2495 1 
422 2414 1 
423 2716 1 
423 2717 1 
424 2467 1 
424 2718 1 
424 2418 1 
425 2685 1 
426 2402 1 
426 2446 1 
426 2503 1 
427 2429 1 
427 2546 1 
428 2424 1 
428 2543 1 
428 2588 1 
428 2719 1 
429 2598 1 
430 2429 1 
431 2720 1 
432 2429 1 
432 2552 1 
432 2495 1 
433 2402 1 
433 2483 1 
433 2442 1 
434 2435 1 
434 2454 1 
434 2436 1 
434 2721 1 
435 2405 1 
435 2431 1 
435 2678 1 
436 2436 1 
436 2646 1 
437 2502 1 
437 2495 1 
437 2442 1 
438 2435 1 
438 2436 1 
438 2617 1 
439 2722 1 
440 2393 1 
440 2542 1 
441 2543 1 
441 2613 1 
442 2431 1 
442 2700 1 
443 2523 1 
443 2723 1 
443 2724 1 
444 2544 1 
444 2675 1 
444 2725 1 
444 2680 1 
445 2429 1 
445 2397 1 
446 2470 1 
447 2690 1 
447 2726 1 
447 2727 1 
448 2532 1 
448 2531 1 
449 2603 1 
449 2552 1 
449 2642 1 
449 2709 1 
450 2397 1 
450 2595 1 
450 2570 1 
451 2480 1 
451 2692 1 
451 2728 1 
451 2601 1 
451 2729 1 
452 2424 1 
452 2412 1 
453 2429 1 
453 2451 1 
453 2730 1 
454 2690 1 
454 2502 1 
455 2463 1 
455 2731 1 
456 2459 1 
457 2424 1 
457 2473 1 
457 2732 1 
458 2393 1 
459 2516 1 
460 2435 1 
460 2733 1 
461 2431 1 
461 2540 1 
462 2538 1 
462 2721 1 
462 2734 1 
463 2393 1 
463 2454 1 
464 2579 1 
465 2433 1 
465 2735 1 
466 2465 1 
466 2609 1 
467 2518 1 
467 2648 1 
468 2464 1 
469 2736 1 
470 2483 1 
471 2545 1 
471 2495 1 
472 2690 1 
472 2456 1 
472 2412 1 
472 2737 1 
473 2436 1 
473 2738 1 
474 2739 1 
475 2554 1 
475 2475 1 
475 2740 1 
476 2471 1 
476 2523 1 
476 2709 1 
477 2436 1 
477 2579 1 
478 2444 1 
478 2582 1 
479 2673 1 
479 2732 1 
480 2690 1 
480 2578 1 
480 2741 1 
481 2429 1 
481 2742 1 
482 2493 1 
482 2579 1 
482 2743 1 
483 2495 1 
484 2744 1 
484 2745 1 
485 2396 1 
485 2482 1 
486 2488 1 
486 2515 1 
486 2746 1 
486 2747 1 
487 2476 1 
487 2449 1 
488 2405 1 
488 2429 1 
489 2690 1 
489 2516 1 
489 2748 1 
490 2698 1 
490 2586 1 
491 2590 1 
491 2618 1 
492 2532 1 
492 2740 1 
492 2749 1 
493 2412 1 
493 2402 1 
493 2540 1 
493 2538 1 
494 2748 1 
494 2462 1 
495 2690 1 
495 2748 1 
495 2402 1 
495 2436 1 
495 2579 1 
496 2543 1 
496 2750 1 
497 2698 1 
498 2579 1 
498 2743 1 
499 2429 1 
499 2743 1 
500 2456 1 
500 2502 1 
501 2690 1 
501 2465 1 
502 2501 1 
502 2751 1 
503 2429 1 
503 2446 1 
503 2447 1 
504 2412 1 
504 2520 1 
504 2752 1 
505 2719 1 
505 2743 1 
506 2505 1 
506 2506 1 
506 2753 1 
507 2405 1 
507 2522 1 
508 2429 1 
509 2604 1 
510 2435 1 
510 2645 1 
511 2470 1 
511 2697 1 
511 2754 1 
512 2407 1 
512 2444 1 
512 2445 1 
512 2597 1 
513 2424 1 
513 2435 1 
513 2591 1 
513 2655 1 
514 2405 1 
514 2714 1 
514 2430 1 
515 2424 1 
515 2591 1 
515 2755 1 
515 2403 1 
516 2412 1 
516 2534 1 
517 2412 1 
518 2429 1 
518 2502 1 
518 2552 1 
518 2488 1 
518 2756 1 
519 2457 1 
519 2404 1 
520 2405 1 
521 2429 1 
521 2552 1 
521 2757 1 
522 2403 1 
522 2758 1 
523 2689 1 
524 2496 1 
524 2698 1 
524 2759 1 
525 2431 1 
526 2688 1 
527 2458 1 
528 2424 1 
529 2470 1 
529 2424 1 
529 2760 1 
530 2424 1 
530 2541 1 
530 2543 1 
530 2561 1 
531 2549 1 
531 2761 1 
532 2402 1 
532 2698 1 
532 2762 1 
533 2431 1 
533 2642 1 
533 2709 1 
533 2644 1 
534 2405 1 
534 2698 1 
534 2763 1 
535 2764 1 
535 2454 1 
536 2765 1 
537 2454 1 
537 2436 1 
538 2412 1 
538 2502 1 
538 2537 1 
538 2766 1 
539 2435 1 
540 2424 1 
540 2698 1 
540 2763 1 
541 2394 1 
542 2505 1 
543 2668 1 
544 2566 1 
545 2454 1 
545 2642 1 
545 2767 1 
546 2574 1 
547 2748 1 
547 2768 1 
547 2769 1 
548 2540 1 
548 2709 1 
548 2428 1 
549 2396 1 
550 2463 1 
550 2613 1 
550 2464 1 
551 2763 1 
551 2523 1 
551 2589 1 
551 2645 1 
552 2463 1 
552 2613 1 
552 2464 1 
553 2479 1 
553 2461 1 
554 2688 1 
555 2660 1 
555 2767 1 
556 2457 1 
556 2573 1 
556 2512 1 
557 2469 1 
558 2770 1 
558 2468 1 
559 2429 1 
559 2416 1 
559 2564 1 
560 2771 1 
561 2708 1 
562 2451 1 
562 2772 1 
563 2773 1 
564 2482 1 
565 2621 1 
566 2690 1 
566 2451 1 
566 2774 1 
567 2775 1 
567 2776 1 
568 2429 1 
568 2552 1 
569 2435 1 
569 2436 1 
569 2454 1 
570 2429 1 
570 2432 1 
571 2579 1 
571 2743 1 
572 2698 1 
572 2504 1 
572 2704 1 
572 2637 1 
573 2777 1 
573 2778 1 
573 2779 1 
574 2424 1 
574 2457 1 
574 2502 1 
574 2595 1 
575 2540 1 
576 2780 1 
577 2481 1 
578 2429 1 
578 2781 1 
578 2782 1 
579 2465 1 
579 2777 1 
579 2716 1 
580 2540 1 
580 2464 1 
580 2783 1 
581 2431 1 
581 2678 1 
582 2416 1 
582 2400 1 
583 2405 1 
583 2593 1 
583 2784 1 
584 2454 1 
584 2785 1 
585 2435 1 
585 2454 1 
585 2777 1 
586 2541 1 
586 2748 1 
586 2732 1 
586 2786 1 
587 2493 1 
587 2759 1 
587 2593 1 
588 2480 1 
588 2513 1 
588 2505 1 
588 2587 1 
588 2506 1 
589 2429 1 
589 2412 1 
589 2400 1 
590 2561 1 
590 2777 1 
590 2776 1 
590 2787 1 
590 2788 1 
591 2429 1 
591 2500 1 
592 2540 1 
592 2513 1 
592 2428 1 
592 2789 1 
592 2679 1 
593 2540 1 
593 2515 1 
593 2428 1 
594 2402 1 
594 2474 1 
595 2534 1 
595 2790 1 
596 2777 1 
596 2624 1 
597 2743 1 
597 2791 1 
598 2508 1 
598 2792 1 
599 2743 1 
599 2773 1 
599 2793 1 
600 2480 1 
600 2415 1 
600 2455 1 
601 2458 1 
602 2426 1 
602 2794 1 
602 2795 1 
603 2796 1 
604 2523 1 
604 2697 1 
604 2394 1 
605 2652 1 
605 2486 1 
606 2797 1 
607 2605 1 
607 2461 1 
608 2798 1 
609 2508 1 
609 2799 1 
610 2416 1 
610 2800 1 
611 2763 1 
611 2801 1 
612 2777 1 
612 2618 1 
613 2456 1 
613 2410 1 
614 2776 1 
614 2802 1 
615 2470 1 
615 2471 1 
615 2523 1 
615 2643 1 
616 2710 1 
617 2470 1 
617 2427 1 
617 2428 1 
618 2540 1 
618 2407 1 
618 2515 1 
618 2428 1 
618 2613 1 
619 2456 1 
619 2511 1 
619 2728 1 
620 2541 1 
620 2620 1 
620 2768 1 
620 2710 1 
620 2803 1 
621 2540 1 
622 2402 1 
623 2541 1 
623 2609 1 
623 2743 1 
623 2427 1 
623 2804 1 
624 2805 1 
625 2671 1 
625 2806 1 
626 2778 1 
627 2807 1 
628 2412 1 
628 2639 1 
629 2431 1 
629 2495 1 
629 2432 1 
629 2756 1 
629 2808 1 
630 2429 1 
630 2447 1 
631 2540 1 
631 2552 1 
632 2690 1 
632 2763 1 
632 2743 1 
632 2561 1 
632 2809 1 
633 2411 1 
633 2728 1 
634 2810 1 
635 2429 1 
635 2441 1 
635 2564 1 
636 2400 1 
636 2811 1 
637 2442 1 
638 2431 1 
638 2812 1 
639 2810 1 
640 2538 1 
641 2397 1 
641 2595 1 
641 2777 1 
642 2574 1 
642 2505 1 
642 2506 1 
643 2813 1 
644 2441 1 
645 2538 1 
645 2797 1 
646 2814 1 
647 2546 1 
648 2465 1 
648 2777 1 
648 2612 1 
649 2683 1 
649 2600 1 
649 2815 1 
650 2429 1 
650 2495 1 
651 2402 1 
651 2428 1 
651 2613 1 
652 2747 1 
652 2816 1 
653 2540 1 
653 2752 1 
654 2477 1 
654 2817 1 
655 2393 1 
655 2540 1 
655 2723 1 
656 2435 1 
656 2436 1 
657 2561 1 
657 2787 1 
658 2496 1 
658 2565 1 
659 2576 1 
660 2673 1 
660 2572 1 
660 2781 1 
661 2542 1 
661 2818 1 
662 2502 1 
663 2405 1 
663 2588 1 
663 2587 1 
664 2590 1 
664 2797 1 
664 2819 1 
665 2465 1 
665 2543 1 
665 2446 1 
665 2820 1 
666 2488 1 
667 2429 1 
667 2522 1 
667 2821 1 
668 2540 1 
668 2504 1 
668 2428 1 
668 2464 1 
669 2488 1 
670 2624 1 
670 2822 1 
670 2823 1 
671 2697 1 
671 2615 1 
671 2824 1 
672 2825 1 
672 2826 1 
673 2429 1 
673 2416 1 
673 2397 1 
674 2564 1 
675 2827 1 
675 2828 1 
676 2743 1 
676 2407 1 
676 2829 1 
677 2764 1 
677 2830 1 
678 2505 1 
678 2743 1 
678 2822 1 
678 2624 1 
678 2823 1 
679 2534 1 
679 2411 1 
680 2483 1 
680 2570 1 
680 2831 1 
681 2416 1 
682 2427 1 
682 2588 1 
682 2589 1 
682 2464 1 
682 2832 1 
683 2393 1 
683 2833 1 
683 2834 1 
684 2412 1 
684 2499 1 
685 2469 1 
685 2822 1 
685 2586 1 
686 2393 1 
686 2394 1 
686 2706 1 
687 2694 1 
688 2405 1 
688 2429 1 
688 2412 1 
688 2547 1 
689 2540 1 
689 2401 1 
690 2835 1 
691 2402 1 
691 2403 1 
691 2836 1 
692 2837 1 
692 2838 1 
692 2839 1 
693 2673 1 
693 2587 1 
693 2506 1 
694 2397 1 
694 2683 1 
695 2470 1 
696 2840 1 
697 2458 1 
698 2429 1 
698 2500 1 
699 2545 1 
699 2457 1 
699 2837 1 
700 2505 1 
700 2587 1 
700 2506 1 
701 2613 1 
702 2465 1 
702 2837 1 
702 2716 1 
702 2717 1 
703 2405 1 
703 2429 1 
703 2552 1 
703 2464 1 
704 2540 1 
704 2825 1 
704 2841 1 
705 2837 1 
705 2842 1 
705 2509 1 
706 2429 1 
706 2622 1 
707 2540 1 
707 2825 1 
708 2412 1 
708 2534 1 
708 2709 1 
708 2768 1 
709 2402 1 
709 2507 1 
709 2843 1 
710 2642 1 
711 2673 1 
711 2493 1 
711 2769 1 
712 2523 1 
712 2471 1 
712 2427 1 
712 2697 1 
712 2491 1 
713 2457 1 
713 2683 1 
713 2844 1 
714 2545 1 
714 2837 1 
715 2540 1 
715 2400 1 
716 2430 1 
717 2400 1 
718 2416 1 
719 2405 1 
719 2406 1 
720 2513 1 
721 2598 1 
721 2634 1 
722 2435 1 
722 2516 1 
723 2412 1 
724 2429 1 
724 2441 1 
724 2432 1 
725 2845 1 
725 2846 1 
726 2457 1 
726 2460 1 
726 2707 1 
727 2743 1 
727 2586 1 
728 2473 1 
728 2818 1 
728 2760 1 
728 2847 1 
729 2483 1 
729 2598 1 
730 2540 1 
730 2394 1 
730 2428 1 
731 2808 1 
732 2541 1 
732 2470 1 
733 2546 1 
733 2442 1 
734 2460 1 
735 2837 1 
735 2542 1 
735 2686 1 
735 2703 1 
736 2419 1 
737 2431 1 
737 2587 1 
737 2444 1 
738 2540 1 
739 2552 1 
739 2546 1 
740 2513 1 
740 2588 1 
740 2561 1 
741 2470 1 
741 2673 1 
741 2589 1 
742 2445 1 
743 2429 1 
743 2502 1 
743 2573 1 
744 2405 1 
744 2550 1 
745 2837 1 
745 2848 1 
746 2547 1 
747 2523 1 
747 2844 1 
747 2682 1 
747 2812 1 
747 2849 1 
748 2850 1 
749 2505 1 
749 2709 1 
750 2412 1 
750 2849 1 
750 2851 1 
751 2849 1 
751 2852 1 
752 2397 1 
752 2595 1 
752 2853 1 
753 2776 1 
753 2849 1 
753 2854 1 
753 2852 1 
754 2534 1 
754 2412 1 
754 2849 1 
755 2534 1 
755 2849 1 
755 2852 1 
756 2397 1 
756 2849 1 
757 2502 1 
757 2469 1 
758 2449 1 
759 2465 1 
759 2776 1 
759 2849 1 
759 2855 1 
760 2849 1 
760 2442 1 
760 2515 1 
760 2856 1 
761 2402 1 
761 2505 1 
761 2587 1 
761 2516 1 
761 2665 1 
762 2540 1 
762 2784 1 
763 2748 1 
763 2407 1 
763 2596 1 
764 2424 1 
764 2849 1 
764 2818 1 
765 2397 1 
765 2547 1 
766 2849 1 
766 2577 1 
767 2405 1 
767 2857 1 
768 2689 1 
768 2589 1 
768 2464 1 
769 2393 1 
769 2505 1 
769 2516 1 
770 2837 1 
770 2502 1 
770 2495 1 
770 2756 1 
770 2522 1 
771 2704 1 
772 2394 1 
772 2588 1 
773 2849 1 
774 2837 1 
774 2625 1 
774 2708 1 
775 2502 1 
775 2858 1 
776 2797 1 
777 2826 1 
778 2743 1 
778 2681 1 
779 2424 1 
779 2849 1 
779 2538 1 
779 2818 1 
779 2859 1 
780 2467 1 
780 2860 1 
781 2416 1 
781 2844 1 
781 2682 1 
782 2849 1 
782 2861 1 
782 2423 1 
782 2817 1 
783 2522 1 
783 2624 1 
784 2508 1 
784 2840 1 
785 2546 1 
785 2862 1 
786 2480 1 
786 2506 1 
786 2516 1 
786 2854 1 
787 2513 1 
787 2544 1 
787 2561 1 
787 2811 1 
788 2849 1 
788 2397 1 
789 2405 1 
789 2540 1 
789 2849 1 
789 2574 1 
789 2838 1 
790 2451 1 
790 2444 1 
790 2863 1 
791 2835 1 
792 2405 1 
792 2505 1 
792 2587 1 
792 2604 1 
793 2849 1 
793 2652 1 
793 2728 1 
794 2837 1 
794 2620 1 
794 2864 1 
795 2637 1 
796 2849 1 
796 2825 1 
796 2495 1 
796 2522 1 
797 2849 1 
797 2639 1 
797 2865 1 
798 2748 1 
798 2845 1 
798 2856 1 
799 2540 1 
799 2709 1 
799 2723 1 
799 2694 1 
800 2405 1 
800 2540 1 
800 2552 1 
800 2400 1 
801 2431 1 
801 2689 1 
801 2812 1 
802 2835 1 
802 2537 1 
802 2442 1 
802 2866 1 
803 2412 1 
804 2393 1 
804 2709 1 
804 2768 1 
804 2812 1 
805 2405 1 
806 2748 1 
806 2540 1 
806 2694 1 
806 2663 1 
807 2678 1 
807 2867 1 
808 2424 1 
808 2859 1 
809 2411 1 
810 2456 1 
810 2502 1 
810 2444 1 
811 2791 1 
811 2769 1 
811 2723 1 
812 2431 1 
812 2427 1 
812 2443 1 
812 2689 1 
812 2663 1 
813 2868 1 
813 2787 1 
813 2869 1 
814 2405 1 
814 2496 1 
815 2747 1 
815 2869 1 
816 2870 1 
817 2424 1 
817 2397 1 
817 2762 1 
817 2869 1 
818 2844 1 
818 2600 1 
818 2869 1 
818 2637 1 
819 2869 1 
820 2723 1 
820 2544 1 
820 2760 1 
820 2869 1 
820 2871 1 
821 2470 1 
821 2523 1 
821 2471 1 
821 2872 1 
822 2797 1 
823 2435 1 
823 2767 1 
824 2849 1 
824 2416 1 
824 2394 1 
824 2682 1 
824 2573 1 
825 2868 1 
825 2869 1 
825 2787 1 
826 2471 1 
826 2697 1 
826 2833 1 
826 2615 1 
827 2642 1 
827 2644 1 
828 2405 1 
828 2393 1 
828 2394 1 
828 2873 1 
829 2553 1 
829 2874 1 
830 2837 1 
831 2704 1 
832 2723 1 
833 2405 1 
833 2869 1 
833 2793 1 
834 2538 1 
834 2869 1 
834 2546 1 
835 2428 1 
835 2613 1 
835 2789 1 
836 2394 1 
836 2875 1 
837 2405 1 
837 2845 1 
837 2595 1 
837 2869 1 
838 2876 1 
839 2393 1 
839 2877 1 
840 2534 1 
840 2547 1 
841 2491 1 
841 2452 1 
841 2878 1 
842 2845 1 
842 2709 1 
842 2861 1 
842 2879 1 
843 2835 1 
843 2683 1 
844 2405 1 
844 2429 1 
844 2880 1 
845 2460 1 
845 2707 1 
846 2685 1 
846 2422 1 
847 2405 1 
847 2412 1 
847 2591 1 
848 2402 1 
848 2573 1 
849 2869 1 
849 2516 1 
850 2540 1 
850 2881 1 
850 2882 1 
851 2446 1 
851 2883 1 
852 2394 1 
852 2412 1 
852 2546 1 
852 2442 1 
853 2502 1 
854 2812 1 
854 2682 1 
854 2884 1 
855 2431 1 
855 2812 1 
856 2400 1 
856 2862 1 
856 2885 1 
857 2566 1 
857 2886 1 
857 2887 1 
858 2424 1 
859 2553 1 
859 2593 1 
859 2888 1 
860 2607 1 
860 2889 1 
861 2470 1 
861 2523 1 
861 2890 1 
861 2884 1 
862 2424 1 
862 2412 1 
862 2543 1 
862 2852 1 
863 2579 1 
863 2618 1 
864 2891 1 
864 2892 1 
864 2893 1 
865 2889 1 
865 2894 1 
866 2845 1 
866 2436 1 
867 2405 1 
867 2397 1 
867 2895 1 
867 2896 1 
868 2897 1 
868 2818 1 
869 2495 1 
869 2898 1 
870 2405 1 
870 2413 1 
870 2899 1 
871 2402 1 
871 2552 1 
871 2862 1 
872 2845 1 
872 2780 1 
873 2893 1 
874 2587 1 
875 2412 1 
876 2393 1 
876 2900 1 
877 2901 1 
878 2902 1 
879 2405 1 
879 2805 1 
880 2483 1 
880 2570 1 
881 2887 1 
