AnswerNewID OriginalID
0 4
1 24
2 26
3 261
4 1108
5 9
6 10
7 13
8 25
9 73
10 17
11 404
12 4676
13 23
14 28
15 34
16 2227
17 2853
18 3664
19 27
20 121
21 687
22 37
23 44
24 142
25 391
26 805
27 1387
28 6422
29 128086
30 35
31 553
32 605
33 206
34 219
35 5771
36 57347
37 50
38 61
39 55
40 60
41 116
42 179
43 54
44 57
45 259
46 58
47 70
48 492
49 7937
50 41912
51 69
52 72
53 74
54 75
55 138
56 333
57 67
58 68
59 65
60 115
61 87
62 284
63 109
64 343
65 2404
66 112
67 113
68 163
69 164
70 165
71 212
72 247
73 3714
74 5998
75 92
76 170
77 103
78 244
79 97
80 101
81 105
82 114
83 141
84 145
85 374
86 559
87 638
88 12392
89 160
90 173
91 621
92 1994
93 24837
94 139
95 140
96 1155
97 17570
98 23258
99 137
100 198
101 147
102 17376
103 55139
104 141788
105 154
106 192
107 210
108 155
109 156
110 158
111 159
112 161
113 306
114 7349
115 9251
116 455
117 508
118 640
119 1185
120 203
121 499
122 205
123 230
124 308
125 242
126 260
127 258
128 294
129 257
130 628
131 98366
132 268
133 272
134 271
135 276
136 315
137 356
138 285
139 392
140 393
141 2121
142 7894
143 292
144 293
145 347
146 948
147 957
148 966
149 311
150 314
151 345
152 363
153 328
154 348
155 350
156 1551
157 323
158 1906
159 344
160 17212
161 341
162 680
163 7548
164 340
165 560
166 3503
167 352
168 2209
169 360
170 377
171 34756
172 56181
173 376
174 460
175 382
176 383
177 419
178 1029
179 403
180 458
181 399
182 406
183 423
184 498
185 5297
186 6178
187 7024
188 7035
189 408
190 557
191 10186
192 410
193 414
194 416
195 420
196 679
197 432
198 752
199 436
200 463
201 437
202 439
203 491
204 507
205 751
206 3894
207 69777
208 441
209 443
210 451
211 604
212 446
213 457
214 462
215 472
216 489
217 465
218 466
219 595
220 471
221 487
222 469
223 470
224 5876
225 497
226 514
227 1090
228 14101
229 509
230 510
231 16336
232 513
233 517
234 45164
235 533
236 558
237 564
238 546
239 552
240 562
241 572
242 4780
243 568
244 574
245 780
246 3651
247 3673
248 582
249 585
250 589
251 596
252 599
253 617
254 609
255 613
256 626
257 614
258 615
259 632
260 633
261 1159
262 1163
263 6968
264 6969
265 12389
266 666
267 853
268 652
269 664
270 80498
271 662
272 663
273 110785
274 670
275 671
276 672
277 1434
278 690
279 699
280 694
281 695
282 697
283 702
284 5835
285 8400
286 8476
287 8478
288 123146
289 713
290 721
291 722
292 717
293 731
294 729
295 744
296 743
297 745
298 758
299 759
300 2912
301 761
302 762
303 765
304 768
305 770
306 772
307 777
308 791
309 843
310 793
311 813
312 809
313 810
314 821
315 828
316 852
317 857
318 899
319 863
320 869
321 880
322 883
323 862
324 867
325 873
326 2808
327 890
328 897
329 908
330 963
331 925
332 936
333 57609
334 138345
335 922
336 927
337 941
338 944
339 958
340 974
341 50887
342 964
343 7745
344 980
345 999
346 1124
347 984
348 990
349 3241
350 1017
351 1022
352 1019
353 1020
354 1369
355 1023
356 1024
357 5597
358 1039
359 1041
360 1042
361 1053
362 1203
363 1047
364 1048
365 1055
366 1045
367 1051
368 1058
369 1690
370 1114
371 1140
372 1085
373 1093
374 1101
375 1105
376 29832
377 39075
378 1122
379 1123
380 1129
381 1127
382 1128
383 1132
384 1142
385 1143
386 1147
387 1145
388 1149
389 1167
390 1175
391 37260
392 77764
393 93785
394 1171
395 1172
396 1180
397 1204
398 1205
399 1207
400 1254
401 1216
402 1219
403 1235
404 1250
405 1234
406 1241
407 1248
408 1255
409 1265
410 4103
411 44745
412 1287
413 119633
414 1291
415 1307
416 1284
417 1289
418 1727
419 21211
420 46619
421 1288
422 1294
423 1304
424 27034
425 29528
426 34419
427 76612
428 1299
429 1300
430 1303
431 1308
432 1309
433 1325
434 1328
435 1332
436 1418
437 1347
438 1399
439 1362
440 1363
441 12074
442 1384
443 12602
444 1412
445 1429
446 1424
447 1435
448 1663
449 11424
450 118154
451 1432
452 1433
453 1444
454 1445
455 1458
456 1459
457 1461
458 1488
459 1486
460 1499
461 1495
462 1498
463 1533
464 1550
465 1549
466 1553
467 1556
468 1560
469 1578
470 1580
471 1585
472 1586
473 1593
474 5918
475 1597
476 1598
477 1633
478 1674
479 1675
480 1639
481 1640
482 1641
483 1655
484 1680
485 1678
486 1679
487 1691
488 1696
489 1704
490 1698
491 1702
492 1725
493 1729
494 1701
495 1801
496 1710
497 1827
498 1715
499 1717
500 1752
501 1754
502 1759
503 1736
504 69556
505 1738
506 1744
507 2030
508 2962
509 95456
510 1751
511 1753
512 1757
513 1804
514 1756
515 1758
516 1760
517 1766
518 1810
519 1769
520 1773
521 1778
522 1782
523 1803
524 1779
525 1780
526 1784
527 1788
528 1793
529 1794
530 1829
531 2860
532 1807
533 1833
534 1812
535 1831
536 1815
537 1819
538 1849
539 1863
540 1872
541 1873
542 1874
543 1877
544 1878
545 1879
546 1884
547 15884
548 1911
549 1916
550 1922
551 1928
552 1941
553 1999
554 2000
555 2010
556 2011
557 2044
558 2055
559 116536
560 2051
561 2052
562 2056
563 10547
564 2073
565 2075
566 2079
567 2083
568 2088
569 2130
570 2110
571 2114
572 2128
573 2129
574 2138
575 2144
576 2146
577 2175
578 2176
579 2179
580 2186
581 2196
582 2199
583 10856
584 2302
585 2307
586 2362
587 2373
588 2360
589 2365
590 2374
591 2380
592 2381
593 2363
594 2364
595 2389
596 2391
597 2392
598 44406
599 47659
600 2472
601 2475
602 2477
603 2479
604 2480
605 2485
606 2523
607 3108
608 3198
609 34781
610 50402
611 2512
612 2513
613 5850
614 2517
615 2518
616 2528
617 2571
618 2534
619 2536
620 2546
621 2547
622 2564
623 2575
624 2615
625 2680
626 2576
627 2578
628 2577
629 2596
630 2600
631 2601
632 2628
633 2645
634 2633
635 2635
636 2637
637 17378
638 2658
639 2659
640 2664
641 2698
642 2686
643 2691
644 2694
645 2709
646 2682
647 2683
648 2695
649 2699
650 2705
651 128820
652 2704
653 2715
654 2712
655 2722
656 2732
657 2717
658 2718
659 2744
660 4868
661 2759
662 2762
663 2764
664 2765
665 2773
666 2776
667 54577
668 2785
669 2793
670 2791
671 2792
672 2798
673 80114
674 2805
675 15946
676 15947
677 2832
678 7190
679 2876
680 2878
681 2896
682 2902
683 2904
684 2906
685 2907
686 2911
687 2913
688 2914
689 2924
690 2939
691 38943
692 39015
693 53471
694 60440
695 60459
696 63967
697 2920
698 2948
699 2955
700 2961
701 3009
702 2968
703 2987
704 2974
705 194124
706 2980
707 2981
708 2982
709 2983
710 47006
711 3007
712 3008
713 52143
714 186457
715 3043
716 3046
717 3057
718 3064
719 3095
720 50066
721 3105
722 3118
723 3111
724 3127
725 3122
726 3123
727 3136
728 3137
729 3141
730 3151
731 3152
732 3145
733 3146
734 3147
735 15378
736 3149
737 3172
738 191115
739 3157
740 3196
741 3205
742 3228
743 3222
744 15616
745 3224
746 3422
747 3230
748 3232
749 3267
750 3316
751 3260
752 3270
753 3277
754 6190
755 3282
756 3284
757 78228
758 3290
759 3318
760 3319
761 3324
762 3328
763 4422
764 3344
765 3377
766 3347
767 3348
768 3376
769 6182
770 3447
771 3607
772 141037
773 3481
774 3483
775 3510
776 3518
777 3513
778 3516
779 3521
780 3541
781 3549
782 3656
783 3571
784 5106
785 82183
786 3606
787 3609
788 3619
789 3629
790 3631
791 3633
792 3650
793 3661
794 3660
795 3679
796 3677
797 3697
798 3684
799 3686
800 13808
801 3690
802 3691
803 3695
804 3702
805 3713
806 3698
807 3699
808 3700
809 3703
810 3705
811 3709
812 3711
813 3712
814 3739
815 3741
816 3747
817 3753
818 3762
819 3858
820 3759
821 16180
822 3763
823 3767
824 3769
825 3770
826 3772
827 19221
828 3796
829 3797
830 3829
831 3833
832 3834
833 3835
834 3846
835 3860
836 5573
837 36142
838 3857
839 3859
840 3919
841 3927
842 3930
843 3915
844 3937
845 3961
846 3981
847 3985
848 4001
849 4004
850 4022
851 4023
852 4035
853 77727
854 4041
855 4042
856 4046
857 4048
858 4956
859 44154
860 4198
861 4199
862 4139
863 4201
864 4120
865 4133
866 4148
867 4541
868 4130
869 4131
870 4140
871 4144
872 4150
873 4142
874 4143
875 4156
876 4157
877 4166
878 4167
879 4181
880 4975
881 4213
882 4217
883 4556
884 23907
885 4216
886 4225
887 4221
888 4223
889 4253
890 4273
891 4258
892 4259
893 4275
894 4276
895 4277
896 4284
897 4287
898 4299
899 95812
900 193173
901 4300
902 4323
903 124102
904 152566
905 184339
906 203229
907 4292
908 4293
909 4348
910 4349
911 4395
912 5001
913 4374
914 4375
915 4376
916 4377
917 4442
918 4443
919 4446
920 4451
921 4459
922 4476
923 4478
924 4482
925 4480
926 4481
927 4490
928 4500
929 4501
930 4502
931 4507
932 4510
933 4536
934 4514
935 50960
936 4522
937 21648
938 4543
939 4544
940 4545
941 4562
942 4567
943 4591
944 4596
945 4587
946 4589
947 4606
948 4608
949 4613
950 4617
951 4625
952 4626
953 4689
954 15784
955 4631
956 4632
957 4635
958 4690
959 49767
960 4695
961 4701
962 4697
963 4698
964 4699
965 4707
966 4716
967 4723
968 4724
969 4726
970 4722
971 7681
972 4752
973 4753
974 4758
975 4764
976 4775
977 4781
978 4790
979 4796
980 4800
981 4804
982 4816
983 4819
984 4817
985 4818
986 4826
987 4831
988 4841
989 4842
990 4854
991 4864
992 4997
993 4886
994 4887
995 4888
996 4895
997 4907
998 4908
999 4909
1000 64804
1001 4937
1002 4939
1003 4966
1004 4977
1005 4969
1006 4970
1007 4979
1008 20073
1009 23052
1010 4985
1011 4988
1012 5024
1013 5126
1014 5039
1015 5040
1016 5063
1017 5067
1018 5141
1019 5144
1020 5108
1021 5117
1022 5118
1023 5137
1024 5150
1025 5147
1026 5151
1027 5161
1028 5164
1029 5170
1030 5171
1031 5214
1032 5215
1033 5223
1034 5224
1035 5227
1036 6049
1037 35312
1038 84742
1039 134302
1040 5234
1041 5235
1042 5248
1043 5249
1044 60156
1045 5237
1046 30988
1047 5279
1048 5280
1049 208919
1050 5314
1051 5412
1052 5335
1053 5339
1054 6270
1055 5337
1056 5342
1057 5347
1058 5348
1059 5349
1060 5358
1061 5371
1062 5366
1063 5370
1064 5399
1065 5386
1066 5387
1067 5388
1068 5389
1069 5392
1070 5391
1071 5433
1072 5418
1073 5419
1074 5429
1075 5423
1076 5451
1077 5456
1078 5464
1079 5506
1080 5461
1081 5463
1082 5472
1083 5518
1084 5532
1085 5545
1086 5589
1087 5591
1088 5598
1089 5604
1090 5616
1091 5605
1092 5606
1093 5635
1094 5643
1095 5667
1096 5670
1097 18124
1098 100934
1099 147632
1100 5745
1101 6185
1102 5790
1103 5800
1104 5810
1105 5775
1106 5779
1107 5782
1108 5804
1109 5829
1110 9077
1111 5837
1112 5844
1113 5861
1114 5870
1115 5888
1116 5889
1117 5890
1118 5968
1119 55777
1120 5990
1121 5991
1122 5992
1123 5997
1124 5999
1125 6032
1126 6041
1127 6053
1128 6061
1129 6062
1130 6064
1131 6109
1132 6110
1133 6113
1134 6116
1135 6426
1136 7484
1137 7500
1138 7541
1139 6118
1140 6127
1141 6144
1142 6126
1143 6184
1144 6147
1145 16055
1146 116842
1147 125402
1148 156899
1149 6221
1150 6753
1151 6163
1152 6166
1153 6219
1154 6233
1155 6355
1156 6202
1157 6216
1158 6260
1159 6263
1160 6264
1161 6273
1162 6254
1163 6282
1164 6313
1165 6334
1166 7683
1167 6328
1168 6346
1169 6369
1170 6380
1171 6388
1172 52518
1173 6384
1174 6396
1175 6397
1176 6389
1177 7881
1178 6418
1179 6425
1180 6475
1181 6478
1182 6506
1183 6533
1184 6509
1185 6511
1186 6515
1187 6517
1188 6528
1189 6542
1190 6541
1191 6545
1192 6578
1193 6579
1194 6610
1195 6646
1196 6651
1197 6652
1198 6680
1199 6699
1200 6719
1201 6692
1202 19143
1203 6703
1204 6704
1205 6705
1206 6714
1207 6715
1208 6716
1209 6717
1210 6721
1211 6722
1212 6791
1213 13717
1214 15130
1215 6732
1216 6733
1217 6738
1218 6739
1219 6794
1220 6819
1221 6835
1222 6849
1223 24669
1224 6841
1225 6842
1226 6870
1227 6873
1228 6884
1229 6935
1230 6886
1231 6888
1232 6890
1233 6902
1234 6941
1235 6973
1236 6978
1237 6965
1238 6966
1239 7097
1240 6982
1241 6990
1242 6997
1243 66383
1244 9992
1245 15901
1246 7037
1247 7041
1248 7071
1249 7043
1250 7054
1251 7040
1252 7046
1253 7048
1254 7049
1255 7045
1256 9209
1257 7062
1258 7063
1259 7079
1260 7082
1261 7081
1262 7085
1263 7094
1264 7098
1265 7115
1266 7150
1267 7161
1268 65123
1269 7157
1270 7158
1271 7206
1272 7231
1273 7467
1274 20766
1275 7269
1276 7272
1277 7844
1278 7250
1279 18271
1280 7304
1281 7306
1282 7340
1283 7371
1284 7353
1285 7356
1286 7372
1287 7362
1288 7366
1289 7392
1290 7394
1291 7434
1292 7436
1293 7469
1294 7532
1295 7505
1296 7510
1297 7518
1298 7554
1299 7555
1300 7576
1301 7587
1302 7612
1303 7623
1304 7630
1305 7607
1306 7627
1307 40296
1308 7624
1309 7628
1310 7649
1311 144671
1312 7653
1313 7731
1314 7661
1315 7664
1316 7670
1317 7671
1318 7676
1319 7743
1320 7744
1321 29473
1322 135879
1323 7769
1324 7776
1325 7842
1326 8066
1327 7755
1328 7756
1329 8203
1330 8223
1331 7908
1332 7910
1333 7934
1334 7925
1335 7929
1336 7930
1337 7932
1338 7933
1339 7965
1340 51789
1341 7984
1342 7986
1343 8014
1344 7989
1345 8085
1346 7996
1347 7997
1348 8026
1349 8142
1350 9460
1351 33925
1352 8149
1353 30134
1354 8120
1355 8122
1356 8121
1357 8189
1358 8352
1359 55326
1360 8188
1361 8192
1362 8199
1363 8200
1364 8356
1365 8366
1366 8375
1367 8377
1368 8394
1369 30400
1370 8457
1371 8458
1372 8591
1373 8652
1374 8494
1375 109434
1376 115779
1377 8497
1378 8498
1379 8500
1380 8506
1381 8508
1382 8512
1383 8518
1384 8523
1385 8515
1386 8566
1387 8536
1388 8552
1389 8583
1390 8622
1391 8600
1392 8607
1393 8619
1394 8620
1395 8626
1396 8628
1397 8643
1398 8681
1399 24946
1400 8704
1401 44050
1402 8710
1403 8711
1404 8722
1405 8725
1406 8735
1407 8737
1408 8748
1409 8751
1410 8769
1411 8772
1412 8773
1413 8775
1414 8788
1415 8796
1416 8868
1417 8836
1418 8875
1419 8892
1420 69621
1421 8886
1422 8888
1423 8919
1424 8920
1425 8922
1426 8925
1427 8942
1428 8944
1429 8979
1430 9217
1431 8996
1432 9001
1433 9014
1434 9025
1435 9065
1436 9016
1437 9023
1438 9056
1439 9060
1440 9115
1441 9146
1442 9125
1443 9129
1444 9144
1445 9157
1446 9203
1447 9204
1448 9200
1449 9431
1450 9253
1451 17673
1452 29079
1453 63045
1454 9266
1455 9269
1456 9292
1457 14998
1458 9295
1459 9296
1460 9303
1461 9304
1462 9309
1463 24468
1464 30480
1465 49800
1466 9354
1467 9432
1468 9359
1469 9360
1470 9361
1471 33569
1472 9407
1473 9408
1474 9442
1475 9446
1476 9497
1477 9499
1478 9525
1479 9537
1480 10015
1481 20519
1482 9639
1483 9651
1484 9663
1485 9668
1486 22019
1487 9691
1488 9705
1489 9770
1490 49410
1491 9760
1492 9794
1493 18110
1494 9764
1495 9774
1496 9796
1497 9773
1498 10027
1499 9799
1500 9800
1501 9830
1502 9831
1503 15048
1504 9856
1505 9868
1506 9881
1507 24670
1508 9954
1509 9955
1510 9965
1511 9977
1512 10006
1513 10009
1514 10035
1515 10037
1516 10038
1517 10040
1518 10042
1519 10058
1520 10060
1521 10114
1522 10134
1523 10147
1524 10162
1525 10170
1526 10180
1527 10202
1528 10206
1529 10221
1530 10231
1531 10210
1532 10243
1533 78826
1534 10219
1535 10220
1536 10280
1537 10281
1538 10283
1539 10284
1540 10287
1541 10289
1542 10294
1543 10297
1544 10300
1545 10302
1546 10303
1547 10314
1548 10319
1549 10333
1550 23413
1551 23424
1552 77549
1553 10387
1554 10389
1555 10398
1556 10420
1557 10416
1558 10422
1559 10475
1560 10476
1561 10477
1562 10488
1563 10495
1564 10503
1565 10498
1566 10549
1567 10538
1568 10539
1569 10541
1570 10583
1571 10588
1572 10589
1573 10591
1574 10656
1575 10661
1576 10669
1577 14936
1578 10660
1579 10663
1580 10891
1581 10695
1582 10696
1583 10706
1584 10717
1585 10718
1586 10764
1587 10730
1588 10731
1589 10754
1590 10796
1591 10834
1592 10819
1593 10820
1594 132381
1595 10890
1596 10897
1597 10902
1598 11030
1599 10967
1600 10969
1601 10955
1602 10957
1603 10958
1604 18454
1605 10978
1606 10979
1607 10992
1608 11494
1609 11042
1610 124376
1611 11052
1612 11054
1613 11055
1614 17337
1615 11105
1616 11188
1617 11125
1618 12194
1619 11234
1620 16837
1621 29758
1622 11293
1623 11294
1624 11346
1625 133453
1626 11460
1627 25345
1628 154362
1629 11434
1630 11435
1631 11445
1632 11449
1633 11476
1634 11477
1635 93648
1636 11528
1637 11529
1638 11987
1639 35363
1640 11532
1641 11949
1642 11632
1643 11640
1644 11639
1645 11751
1646 11659
1647 11663
1648 11671
1649 11673
1650 11675
1651 11698
1652 11699
1653 11700
1654 11702
1655 11703
1656 11729
1657 11732
1658 11761
1659 11764
1660 12175
1661 37646
1662 11914
1663 12013
1664 11915
1665 11917
1666 11958
1667 11959
1668 11963
1669 11964
1670 12026
1671 12027
1672 12062
1673 119770
1674 12088
1675 13091
1676 12083
1677 12085
1678 12151
1679 12159
1680 12186
1681 12188
1682 12254
1683 12265
1684 12305
1685 12312
1686 12275
1687 12278
1688 12405
1689 12461
1690 12380
1691 12382
1692 12398
1693 12423
1694 13610
1695 12443
1696 76464
1697 133939
1698 133943
1699 12454
1700 12456
1701 12493
1702 12495
1703 12513
1704 12514
1705 12566
1706 12568
1707 12570
1708 31743
1709 192218
1710 12603
1711 62041
1712 12612
1713 12613
1714 56673
1715 12620
1716 12670
1717 12653
1718 12680
1719 12656
1720 12658
1721 12659
1722 12701
1723 12714
1724 12718
1725 12719
1726 12744
1727 12745
1728 12805
1729 12770
1730 12771
1731 12772
1732 12773
1733 12780
1734 12781
1735 12782
1736 12813
1737 12815
1738 12973
1739 12914
1740 12915
1741 12943
1742 12945
1743 12946
1744 12947
1745 20536
1746 50443
1747 12993
1748 23831
1749 13076
1750 13077
1751 13081
1752 13090
1753 13119
1754 13101
1755 13108
1756 13114
1757 13115
1758 13116
1759 13117
1760 13286
1761 51169
1762 61644
1763 13120
1764 13121
1765 13191
1766 183156
1767 13247
1768 13249
1769 13351
1770 13360
1771 13456
1772 13459
1773 13477
1774 44412
1775 13472
1776 13517
1777 13519
1778 13520
1779 13775
1780 129019
1781 13524
1782 23709
1783 13601
1784 13608
1785 13652
1786 13653
1787 13655
1788 13669
1789 13670
1790 13671
1791 13700
1792 159923
1793 13705
1794 13706
1795 13711
1796 41483
1797 180382
1798 13737
1799 13961
1800 34345
1801 107407
1802 13751
1803 13829
1804 106441
1805 14107
1806 14140
1807 13758
1808 13763
1809 13764
1810 13814
1811 13841
1812 13843
1813 13853
1814 13864
1815 13868
1816 13862
1817 13863
1818 13892
1819 13915
1820 13912
1821 13914
1822 13938
1823 14062
1824 14250
1825 14049
1826 14050
1827 14051
1828 14159
1829 14165
1830 14175
1831 14211
1832 15161
1833 14287
1834 15934
1835 125893
1836 16328
1837 17582
1838 14375
1839 14380
1840 14399
1841 14400
1842 14408
1843 14885
1844 14412
1845 14419
1846 14492
1847 14509
1848 14512
1849 14513
1850 14537
1851 14546
1852 14548
1853 14558
1854 14581
1855 14586
1856 14571
1857 14574
1858 14601
1859 14609
1860 14671
1861 14672
1862 129926
1863 14731
1864 14734
1865 14837
1866 14860
1867 14741
1868 188809
1869 14759
1870 14763
1871 14765
1872 14853
1873 14854
1874 14776
1875 14850
1876 14792
1877 14798
1878 14870
1879 14871
1880 14873
1881 14876
1882 174858
1883 14994
1884 14995
1885 14999
1886 15022
1887 15064
1888 15065
1889 15111
1890 15159
1891 15187
1892 15192
1893 15196
1894 15202
1895 15211
1896 15233
1897 15239
1898 15248
1899 15252
1900 15251
1901 15254
1902 15279
1903 73354
1904 15313
1905 15314
1906 15327
1907 15328
1908 25839
1909 15365
1910 133946
1911 15343
1912 15344
1913 15368
1914 90484
1915 15375
1916 15406
1917 15390
1918 15391
1919 15392
1920 15442
1921 15405
1922 15416
1923 15465
1924 15466
1925 15508
1926 15554
1927 15534
1928 107119
1929 15532
1930 15533
1931 15542
1932 15574
1933 15575
1934 15578
1935 15601
1936 15629
1937 15633
1938 15634
1939 15688
1940 15691
1941 15722
1942 84653
1943 15731
1944 15733
1945 15739
1946 55313
1947 15848
1948 15872
1949 15861
1950 15866
1951 15880
1952 15881
1953 15907
1954 15971
1955 15990
1956 15997
1957 15998
1958 16010
1959 16841
1960 16128
1961 61474
1962 16394
1963 16415
1964 16210
1965 16217
1966 30038
1967 111681
1968 16242
1969 16765
1970 16373
1971 16376
1972 16403
1973 16410
1974 16441
1975 16443
1976 16445
1977 16466
1978 36948
1979 16555
1980 16559
1981 16678
1982 83005
1983 16593
1984 16600
1985 16613
1986 16836
1987 16618
1988 16621
1989 16623
1990 16629
1991 16630
1992 16634
1993 16638
1994 16644
1995 16707
1996 16815
1997 16822
1998 16853
1999 16881
2000 16911
2001 42932
2002 127813
2003 16897
2004 16906
2005 16957
2006 16958
2007 16972
2008 16973
2009 16981
2010 16996
2011 17478
2012 17017
2013 17019
2014 17032
2015 17036
2016 17146
2017 118001
2018 17070
2019 17071
2020 17094
2021 17098
2022 17118
2023 17105
2024 17108
2025 17115
2026 17205
2027 17199
2028 17268
2029 45381
2030 17219
2031 17282
2032 17308
2033 17424
2034 17269
2035 27096
2036 17278
2037 17298
2038 17562
2039 17697
2040 17340
2041 17343
2042 17369
2043 28646
2044 53172
2045 86536
2046 123847
2047 157671
2048 17399
2049 17400
2050 17434
2051 18134
2052 18335
2053 103814
2054 17441
2055 17447
2056 17451
2057 17532
2058 17557
2059 17534
2060 72807
2061 17617
2062 17620
2063 17699
2064 248930
2065 17714
2066 17715
2067 17791
2068 17792
2069 17798
2070 17810
2071 55893
2072 17894
2073 31262
2074 17903
2075 17915
2076 17927
2077 17992
2078 18027
2079 18028
2080 18047
2081 18049
2082 18062
2083 54334
2084 188123
2085 18210
2086 46082
2087 49150
2088 18216
2089 18218
2090 75198
2091 18242
2092 18245
2093 22295
2094 22500
2095 18441
2096 24102
2097 36308
2098 46094
2099 18373
2100 18375
2101 18438
2102 18544
2103 18464
2104 18467
2105 18537
2106 18553
2107 18594
2108 18598
2109 18611
2110 18616
2111 18730
2112 18738
2113 18746
2114 18694
2115 18695
2116 44472
2117 18673
2118 18674
2119 18676
2120 18683
2121 18684
2122 18702
2123 18703
2124 18704
2125 18734
2126 18896
2127 18972
2128 18878
2129 18893
2130 18889
2131 18892
2132 18935
2133 18941
2134 19079
2135 19080
2136 19112
2137 19113
2138 19132
2139 19249
2140 19137
2141 19139
2142 19161
2143 19162
2144 19163
2145 19170
2146 19181
2147 19168
2148 19302
2149 65162
2150 19256
2151 19263
2152 19301
2153 19374
2154 172684
2155 19346
2156 19349
2157 19353
2158 19359
2159 19365
2160 19366
2161 19458
2162 100683
2163 19526
2164 60861
2165 19545
2166 19563
2167 19565
2168 19566
2169 19567
2170 19641
2171 24279
2172 19673
2173 19676
2174 19720
2175 19722
2176 44562
2177 19750
2178 19775
2179 189348
2180 19871
2181 84730
2182 116498
2183 19898
2184 19957
2185 19925
2186 19931
2187 20051
2188 20094
2189 19941
2190 36342
2191 63375
2192 19961
2193 19963
2194 20069
2195 101813
2196 20071
2197 20072
2198 20234
2199 20280
2200 20318
2201 20118
2202 20334
2203 21829
2204 21842
2205 20290
2206 20294
2207 20336
2208 20337
2209 20338
2210 20340
2211 20344
2212 20346
2213 20348
2214 20354
2215 20357
2216 20367
2217 20368
2218 20373
2219 20379
2220 54467
2221 20358
2222 98005
2223 20412
2224 20415
2225 20417
2226 20418
2227 20492
2228 20494
2229 20456
2230 20457
2231 20459
2232 20500
2233 20501
2234 20502
2235 20584
2236 20585
2237 20621
2238 20632
2239 20633
2240 20707
2241 21599
2242 29534
2243 122318
2244 132867
2245 20735
2246 20741
2247 203639
2248 20761
2249 20763
2250 28596
2251 31022
2252 31518
2253 20845
2254 20851
2255 20869
2256 20889
2257 37533
2258 20975
2259 97423
2260 20981
2261 21496
2262 21027
2263 21029
2264 21507
2265 21032
2266 21033
2267 21066
2268 21131
2269 21069
2270 21139
2271 21140
2272 35264
2273 21090
2274 21351
2275 21095
2276 29694
2277 68944
2278 21153
2279 21154
2280 31416
2281 36664
2282 21188
2283 28495
2284 21187
2285 21417
2286 21192
2287 21193
2288 21194
2289 21265
2290 102812
2291 21228
2292 21231
2293 21303
2294 243782
2295 21320
2296 21321
2297 21324
2298 21345
2299 21508
2300 21415
2301 72285
2302 21442
2303 176612
2304 21437
2305 21438
2306 121087
2307 121091
2308 21444
2309 21581
2310 21484
2311 21493
2312 21557
2313 21560
2314 21561
2315 21573
2316 21584
2317 21592
2318 21596
2319 119859
2320 21651
2321 21652
2322 21726
2323 21743
2324 21783
2325 207878
2326 21859
2327 103459
2328 128128
2329 21901
2330 21907
2331 21934
2332 21989
2333 21927
2334 22024
2335 21963
2336 21964
2337 21966
2338 21982
2339 22003
2340 22011
2341 22033
2342 22034
2343 22078
2344 22083
2345 22154
2346 22156
2347 22157
2348 22190
2349 22198
2350 22252
2351 22275
2352 22368
2353 22420
2354 22428
2355 211578
2356 22386
2357 22395
2358 22396
2359 22468
2360 22473
2361 22477
2362 22484
2363 22639
2364 22640
2365 22698
2366 22699
2367 22732
2368 22792
2369 22776
2370 22777
2371 22780
2372 22784
2373 22786
2374 22800
2375 22801
2376 22805
2377 22810
2378 22812
2379 22830
2380 22834
2381 22848
2382 22965
2383 22968
2384 23002
2385 23007
2386 22993
2387 22994
2388 23037
2389 23046
2390 23061
2391 23063
2392 23074
2393 23118
2394 23125
2395 23175
2396 23500
2397 23130
2398 23131
2399 23132
2400 23136
2401 23139
2402 23153
2403 23209
2404 23166
2405 23167
2406 23193
2407 23198
2408 23204
2409 23205
2410 23263
2411 197412
2412 23268
2413 23269
2414 49533
2415 62638
2416 127529
2417 190852
2418 23282
2419 23284
2420 23288
2421 23294
2422 23306
2423 29204
2424 23337
2425 25752
2426 23356
2427 23357
2428 23373
2429 23374
2430 23421
2431 109271
2432 23460
2433 62599
2434 23466
2435 23470
2436 23510
2437 23522
2438 23531
2439 23511
2440 23716
2441 23546
2442 23550
2443 23548
2444 23549
2445 23573
2446 23597
2447 57281
2448 57317
2449 77014
2450 23641
2451 23702
2452 23706
2453 23707
2454 135852
2455 23719
2456 23725
2457 23748
2458 23760
2459 129350
2460 23774
2461 23811
2462 23791
2463 23792
2464 23790
2465 23812
2466 23816
2467 23804
2468 23875
2469 23884
2470 23893
2471 23933
2472 99292
2473 23909
2474 23910
2475 23989
2476 24043
2477 98233
2478 24022
2479 156230
2480 24094
2481 24131
2482 24171
2483 24176
2484 24286
2485 24389
2486 24343
2487 24835
2488 24392
2489 24396
2490 24497
2491 134183
2492 24508
2493 24513
2494 24541
2495 62997
2496 24584
2497 24585
2498 24618
2499 24655
2500 24668
2501 24713
2502 24726
2503 24719
2504 24720
2505 24755
2506 24763
2507 24759
2508 24760
2509 24775
2510 79974
2511 24841
2512 24848
2513 24884
2514 24889
2515 144814
2516 24895
2517 24899
2518 24939
2519 24940
2520 24993
2521 24995
2522 25060
2523 25115
2524 25125
2525 25504
2526 25186
2527 25247
2528 25189
2529 25598
2530 25241
2531 25396
2532 47411
2533 25294
2534 25316
2535 25308
2536 25375
2537 25306
2538 25307
2539 25386
2540 25393
2541 25453
2542 27048
2543 27050
2544 27126
2545 25480
2546 29823
2547 25520
2548 27065
2549 25532
2550 168999
2551 25631
2552 25633
2553 25711
2554 25644
2555 28799
2556 25668
2557 77472
2558 25687
2559 25689
2560 25732
2561 25740
2562 25813
2563 25818
2564 27047
2565 27187
2566 27156
2567 27159
2568 27172
2569 27257
2570 54164
2571 27269
2572 27270
2573 27331
2574 27393
2575 27341
2576 27427
2577 60920
2578 91354
2579 27389
2580 27390
2581 27391
2582 27451
2583 27452
2584 27629
2585 27470
2586 27491
2587 27479
2588 27505
2589 27565
2590 27572
2591 27859
2592 28918
2593 27660
2594 27669
2595 27680
2596 27769
2597 27779
2598 27880
2599 93699
2600 33616
2601 33622
2602 27951
2603 27952
2604 27953
2605 27960
2606 42936
2607 43057
2608 28189
2609 29379
2610 64417
2611 83138
2612 229407
2613 28215
2614 28217
2615 51255
2616 28327
2617 28328
2618 28361
2619 28399
2620 28470
2621 28372
2622 98709
2623 98840
2624 28407
2625 28408
2626 28461
2627 132848
2628 28550
2629 28940
2630 28586
2631 28587
2632 28733
2633 28734
2634 28764
2635 28760
2636 30376
2637 28805
2638 78532
2639 28927
2640 137806
2641 29057
2642 29058
2643 29065
2644 29069
2645 29210
2646 29275
2647 29296
2648 29299
2649 29295
2650 29331
2651 29313
2652 29314
2653 29329
2654 29330
2655 29356
2656 29357
2657 29368
2658 29374
2659 29404
2660 29458
2661 29472
2662 30006
2663 29492
2664 29564
2665 29526
2666 29600
2667 51522
2668 29538
2669 29547
2670 29545
2671 29549
2672 29556
2673 142377
2674 29553
2675 29555
2676 29598
2677 29604
2678 29614
2679 160390
2680 29638
2681 31589
2682 29669
2683 29670
2684 29713
2685 29719
2686 29725
2687 29726
2688 29728
2689 29773
2690 165867
2691 29858
2692 29861
2693 29802
2694 29803
2695 29830
2696 48296
2697 72800
2698 179587
2699 29904
2700 29938
2701 29929
2702 29942
2703 29974
2704 29983
2705 29987
2706 29991
2707 30048
2708 30052
2709 30063
2710 108959
2711 30093
2712 30097
2713 30214
2714 30215
2715 30320
2716 30324
2717 30377
2718 30412
2719 30384
2720 30598
2721 30679
2722 30919
2723 30607
2724 30641
2725 30636
2726 65913
2727 135902
2728 30627
2729 30791
2730 30640
2731 45260
2732 30693
2733 30694
2734 30698
2735 30699
2736 30700
2737 30737
2738 30740
2739 30793
2740 31096
2741 30790
2742 30801
2743 30837
2744 30840
2745 30874
2746 30947
2747 30934
2748 30955
2749 31019
2750 31024
2751 31047
2752 31052
2753 31092
2754 31098
2755 31105
2756 31109
2757 226051
2758 31359
2759 72801
2760 31371
2761 31373
2762 31379
2763 31386
2764 31384
2765 196133
2766 31461
2767 31464
2768 31512
2769 31513
2770 31517
2771 31524
2772 31565
2773 31580
2774 31595
2775 31601
2776 31721
2777 31722
2778 31766
2779 31791
2780 36868
2781 31778
2782 31779
2783 31806
2784 31807
2785 31810
2786 31850
2787 31851
2788 31856
2789 33060
2790 135692
2791 31824
2792 91221
2793 32907
2794 32908
2795 32921
2796 32941
2797 32984
2798 32988
2799 33022
2800 33023
2801 33076
2802 33078
2803 33089
2804 33090
2805 33198
2806 33220
2807 33291
2808 33292
2809 33303
2810 33305
2811 33322
2812 33339
2813 33336
2814 33341
2815 33358
2816 33366
2817 33451
2818 33452
2819 33558
2820 33584
2821 33562
2822 33591
2823 33565
2824 33567
2825 33568
2826 33597
2827 33604
2828 33627
2829 33707
2830 33694
2831 34696
2832 33727
2833 33731
2834 33702
2835 177586
2836 33704
2837 33705
2838 78858
2839 89957
2840 33739
2841 33740
2842 33743
2843 33744
2844 33747
2845 33767
2846 33791
2847 33900
2848 34002
2849 33958
2850 33963
2851 108784
2852 33959
2853 33960
2854 74578
2855 187898
2856 34052
2857 217503
2858 34134
2859 80680
2860 34142
2861 34218
2862 34154
2863 34155
2864 34178
2865 34192
2866 34357
2867 34361
2868 34409
2869 34359
2870 34372
2871 34404
2872 34485
2873 34486
2874 34840
2875 34861
2876 34634
2877 34635
2878 34731
2879 34733
2880 34755
2881 34761
2882 34771
2883 34786
2884 34774
2885 61743
2886 34948
2887 34950
2888 34953
2889 176486
2890 34958
2891 34960
2892 34978
2893 146953
2894 35016
2895 35028
2896 35083
2897 35104
2898 81004
2899 35185
2900 35187
2901 35242
2902 35319
2903 35359
2904 35227
2905 188318
2906 35272
2907 35273
2908 35281
2909 35286
2910 35295
2911 35313
2912 189205
2913 35317
2914 84144
2915 147264
2916 35326
2917 35337
2918 35328
2919 35331
2920 35336
2921 35389
2922 35398
2923 35466
2924 41101
2925 35460
2926 35464
2927 35470
2928 35482
2929 35486
2930 35510
2931 35518
2932 35503
2933 35504
2934 37604
2935 37607
2936 35531
2937 35615
2938 35571
2939 35624
2940 35580
2941 35586
2942 35597
2943 35598
2944 35636
2945 35626
2946 97380
2947 35795
2948 35797
2949 35826
2950 122340
2951 35849
2952 35854
2953 35912
2954 35914
2955 35933
2956 35934
2957 36059
2958 36060
2959 36079
2960 36080
2961 36089
2962 36116
2963 88806
2964 36174
2965 61685
2966 36247
2967 36253
2968 36307
2969 36347
2970 130435
2971 36525
2972 36538
2973 36578
2974 68112
2975 78629
2976 209688
2977 36542
2978 36614
2979 36606
2980 36624
2981 36725
2982 36773
2983 36807
2984 36816
2985 36817
2986 36829
2987 118105
2988 36872
2989 36874
2990 36877
2991 36878
2992 36882
2993 74579
2994 36918
2995 36922
2996 36947
2997 36952
2998 36957
2999 36960
3000 37068
3001 156684
3002 218969
3003 37017
3004 37021
3005 37095
3006 138270
3007 185285
3008 226481
3009 37040
3010 37049
3011 37059
3012 37062
3013 37152
3014 37183
3015 37254
3016 37257
3017 37267
3018 37285
3019 37300
3020 37356
3021 37357
3022 37365
3023 137283
3024 37380
3025 37382
3026 37431
3027 37455
3028 36996
3029 37493
3030 37558
3031 37569
3032 37601
3033 37661
3034 37610
3035 37615
3036 37616
3037 37657
3038 37628
3039 37630
3040 38712
3041 38715
3042 38725
3043 38726
3044 38764
3045 38766
3046 38805
3047 38822
3048 38995
3049 38997
3050 39513
3051 68777
3052 39139
3053 39145
3054 39243
3055 39320
3056 208069
3057 39346
3058 39347
3059 190338
3060 39423
3061 39439
3062 64418
3063 114628
3064 39573
3065 98288
3066 39597
3067 39607
3068 39624
3069 39632
3070 39696
3071 39710
3072 39998
3073 39691
3074 39698
3075 39699
3076 159886
3077 39705
3078 39708
3079 39819
3080 39821
3081 39836
3082 39837
3083 39838
3084 39839
3085 39842
3086 39858
3087 39860
3088 40234
3089 40261
3090 42652
3091 42653
3092 39848
3093 39849
3094 39937
3095 39951
3096 39953
3097 39969
3098 39972
3099 40051
3100 40054
3101 57114
3102 127668
3103 40147
3104 40194
3105 40223
3106 40224
3107 40275
3108 40278
3109 40281
3110 40283
3111 40374
3112 40375
3113 40614
3114 63935
3115 40482
3116 150546
3117 162271
3118 40491
3119 40517
3120 40494
3121 40495
3122 40577
3123 68079
3124 40574
3125 40598
3126 40607
3127 40693
3128 40585
3129 40858
3130 40672
3131 146234
3132 219988
3133 40674
3134 40678
3135 40704
3136 40706
3137 40753
3138 40763
3139 195601
3140 40831
3141 41867
3142 40836
3143 40837
3144 40986
3145 65807
3146 40991
3147 50029
3148 41220
3149 41222
3150 41227
3151 41225
3152 41259
3153 41247
3154 41286
3155 41345
3156 41346
3157 41536
3158 41562
3159 41478
3160 41522
3161 41611
3162 41682
3163 41584
3164 41654
3165 41609
3166 41635
3167 41715
3168 41719
3169 41762
3170 41758
3171 41776
3172 42650
3173 41767
3174 41769
3175 41856
3176 41860
3177 41956
3178 41977
3179 41976
3180 41997
3181 42187
3182 42189
3183 42220
3184 42221
3185 43128
3186 43142
3187 42542
3188 42551
3189 42543
3190 42548
3191 42554
3192 42555
3193 42567
3194 42568
3195 42566
3196 42576
3197 42724
3198 42737
3199 42838
3200 42850
3201 58746
3202 42890
3203 42898
3204 43018
3205 43020
3206 43101
3207 43103
3208 43256
3209 43261
3210 43353
3211 43356
3212 43364
3213 43455
3214 43486
3215 43460
3216 43463
3217 43464
3218 43491
3219 43492
3220 43581
3221 43582
3222 43635
3223 43636
3224 43773
3225 43774
3226 43806
3227 44002
3228 44117
3229 43804
3230 43808
3231 43817
3232 93551
3233 43824
3234 43831
3235 43833
3236 43867
3237 44152
3238 43911
3239 43918
3240 43947
3241 151093
3242 44085
3243 44098
3244 152011
3245 44190
3246 44273
3247 44519
3248 44532
3249 44510
3250 44591
3251 44537
3252 44538
3253 44590
3254 44605
3255 44663
3256 145245
3257 44766
3258 112353
3259 44788
3260 44789
3261 44791
3262 44822
3263 44786
3264 44800
3265 44912
3266 44913
3267 44958
3268 44962
3269 44993
3270 44994
3271 45106
3272 113099
3273 45096
3274 45097
3275 45180
3276 45189
3277 45218
3278 45298
3279 45299
3280 45300
3281 45307
3282 45319
3283 45462
3284 45468
3285 45581
3286 45582
3287 45590
3288 45591
3289 45656
3290 45669
3291 45667
3292 53239
3293 45709
3294 45710
3295 45713
3296 45715
3297 45849
3298 45850
3299 45853
3300 45945
3301 46306
3302 45879
3303 81140
3304 121438
3305 45927
3306 45928
3307 45955
3308 55037
3309 46013
3310 46040
3311 46099
3312 46110
3313 46139
3314 78027
3315 210599
3316 46147
3317 46148
3318 46155
3319 46277
3320 46284
3321 46292
3322 46302
3323 46376
3324 46378
3325 46409
3326 46457
3327 46413
3328 46415
3329 46477
3330 46516
3331 46555
3332 46590
3333 46612
3334 46678
3335 46679
3336 46872
3337 185888
3338 46944
3339 46946
3340 47026
3341 47036
3342 57358
3343 151151
3344 47048
3345 74498
3346 47052
3347 47079
3348 47061
3349 47066
3350 196773
3351 47106
3352 47107
3353 47133
3354 47151
3355 47187
3356 47188
3357 47192
3358 47238
3359 47242
3360 47270
3361 47271
3362 47273
3363 47284
3364 47324
3365 47333
3366 47339
3367 47365
3368 49227
3369 78745
3370 86077
3371 47352
3372 47362
3373 47358
3374 47366
3375 47364
3376 47382
3377 47494
3378 47725
3379 47415
3380 47437
3381 47434
3382 47435
3383 81935
3384 47446
3385 47455
3386 47546
3387 47577
3388 47846
3389 72894
3390 80205
3391 48012
3392 48015
3393 48085
3394 48104
3395 48112
3396 48117
3397 48189
3398 73760
3399 48367
3400 48572
3401 48416
3402 123551
3403 48412
3404 48414
3405 48417
3406 48431
3407 91809
3408 133356
3409 48469
3410 48472
3411 48487
3412 48489
3413 48527
3414 48532
3415 48540
3416 48548
3417 107730
3418 108790
3419 157503
3420 48584
3421 48639
3422 48632
3423 48633
3424 48647
3425 48648
3426 48657
3427 48706
3428 48780
3429 48734
3430 48736
3431 48765
3432 195530
3433 48875
3434 48936
3435 48901
3436 59508
3437 48950
3438 52346
3439 48929
3440 48938
3441 48996
3442 217635
3443 49141
3444 49147
3445 49386
3446 49453
3447 49401
3448 49404
3449 49765
3450 49770
3451 49875
3452 49876
3453 49949
3454 49970
3455 50032
3456 50044
3457 50079
3458 50081
3459 50130
3460 50131
3461 50239
3462 50242
3463 50367
3464 155819
3465 50445
3466 50448
3467 50728
3468 50765
3469 50798
3470 105605
3471 50839
3472 50854
3473 50868
3474 50869
3475 61989
3476 108563
3477 50952
3478 50954
3479 51156
3480 51157
3481 51221
3482 51222
3483 81489
3484 139186
3485 51443
3486 171619
3487 212272
3488 51534
3489 51607
3490 51946
3491 51948
3492 51973
3493 51975
3494 52011
3495 52161
3496 52297
3497 52326
3498 52247
3499 52252
3500 52255
3501 52316
3502 52386
3503 52328
3504 52539
3505 52362
3506 52370
3507 52497
3508 52499
3509 52531
3510 71201
3511 52650
3512 53095
3513 53705
3514 166629
3515 52642
3516 54979
3517 52906
3518 118681
3519 52889
3520 52904
3521 52831
3522 52833
3523 52930
3524 77098
3525 52985
3526 52991
3527 53107
3528 124931
3529 53152
3530 53155
3531 53395
3532 58207
3533 53463
3534 53487
3535 53668
3536 53733
3537 54002
3538 55254
3539 53816
3540 53817
3541 53827
3542 53941
3543 53996
3544 54003
3545 54060
3546 54063
3547 54154
3548 64620
3549 54262
3550 54264
3551 54289
3552 57121
3553 117094
3554 54381
3555 55595
3556 54404
3557 54405
3558 54624
3559 83230
3560 54944
3561 55039
3562 54956
3563 54957
3564 54966
3565 54991
3566 55044
3567 89302
3568 133243
3569 55202
3570 55203
3571 55328
3572 55330
3573 55364
3574 55401
3575 55374
3576 55378
3577 55385
3578 55408
3579 55499
3580 55501
3581 55551
3582 55563
3583 56034
3584 56035
3585 56067
3586 56082
3587 56098
3588 56104
3589 107834
3590 101904
3591 193213
3592 56443
3593 56727
3594 56492
3595 56796
3596 56497
3597 56506
3598 137128
3599 56547
3600 56556
3601 56625
3602 121113
3603 174255
3604 56806
3605 56828
3606 56846
3607 56912
3608 56877
3609 56878
3610 56962
3611 56963
3612 56901
3613 190979
3614 57059
3615 109230
3616 57422
3617 171575
3618 57724
3619 114310
3620 57788
3621 57809
3622 58246
3623 168752
3624 58292
3625 58293
3626 58310
3627 58311
3628 58332
3629 78670
3630 94242
3631 170921
3632 58363
3633 58375
3634 58889
3635 58890
3636 59016
3637 59712
3638 59021
3639 158003
3640 215563
3641 59064
3642 59065
3643 59132
3644 59136
3645 59176
3646 59231
3647 59196
3648 59814
3649 59479
3650 59489
3651 59515
3652 59542
3653 59773
3654 59793
3655 59787
3656 59792
3657 59808
3658 59947
3659 59973
3660 60121
3661 60127
3662 60130
3663 60142
3664 60300
3665 139189
3666 188538
3667 60180
3668 60181
3669 60450
3670 62737
3671 60541
3672 116128
3673 60481
3674 60483
3675 60592
3676 60594
3677 60655
3678 60661
3679 60795
3680 60796
3681 60875
3682 60792
3683 60800
3684 60866
3685 60867
3686 61164
3687 61230
3688 61225
3689 61229
3690 61249
3691 61254
3692 61295
3693 224470
3694 61551
3695 61552
3696 62005
3697 71165
3698 62052
3699 84077
3700 62131
3701 62476
3702 129743
3703 62159
3704 62162
3705 62166
3706 62300
3707 191736
3708 62210
3709 62219
3710 62220
3711 62225
3712 62502
3713 62725
3714 62596
3715 62759
3716 62601
3717 62616
3718 62663
3719 62728
3720 131437
3721 105933
3722 144876
3723 62903
3724 81699
3725 63295
3726 159525
3727 185030
3728 63154
3729 63160
3730 63141
3731 64097
3732 64099
3733 63260
3734 84039
3735 103326
3736 63554
3737 63587
3738 64010
3739 63643
3740 122125
3741 83782
3742 159899
3743 165813
3744 63677
3745 63679
3746 63828
3747 63841
3748 63853
3749 64015
3750 64016
3751 64086
3752 112434
3753 64257
3754 64343
3755 64735
3756 64739
3757 64872
3758 69214
3759 84263
3760 65259
3761 65260
3762 65264
3763 65265
3764 65354
3765 108756
3766 65614
3767 66670
3768 67832
3769 65924
3770 65927
3771 66018
3772 66022
3773 66128
3774 66136
3775 66251
3776 66261
3777 66394
3778 66402
3779 66506
3780 84104
3781 66561
3782 66562
3783 66565
3784 66629
3785 66617
3786 66651
3787 66753
3788 66755
3789 66761
3790 67833
3791 159499
3792 67853
3793 84740
3794 67878
3795 68114
3796 67987
3797 67988
3798 67992
3799 108760
3800 68085
3801 68087
3802 68092
3803 132709
3804 68151
3805 68193
3806 68265
3807 68281
3808 68267
3809 74313
3810 165923
3811 68642
3812 68655
3813 68658
3814 68701
3815 68703
3816 68732
3817 68832
3818 149561
3819 68995
3820 135661
3821 69047
3822 69049
3823 69083
3824 69090
3825 69359
3826 69378
3827 69364
3828 69389
3829 69397
3830 69403
3831 69544
3832 69468
3833 69470
3834 69658
3835 146086
3836 200240
3837 69664
3838 87587
3839 71407
3840 71440
3841 155686
3842 71614
3843 71785
3844 71612
3845 71633
3846 71634
3847 71701
3848 71703
3849 71728
3850 71854
3851 71860
3852 71984
3853 72526
3854 72084
3855 72101
3856 95924
3857 191033
3858 72380
3859 72381
3860 72494
3861 72556
3862 72642
3863 72656
3864 72763
3865 72766
3866 72775
3867 72919
3868 120693
3869 226944
3870 72819
3871 72837
3872 126049
3873 72866
3874 72873
3875 72865
3876 72871
3877 72975
3878 73297
3879 73228
3880 73236
3881 73637
3882 73698
3883 73682
3884 73689
3885 73717
3886 73721
3887 73862
3888 166808
3889 73923
3890 73924
3891 74285
3892 74296
3893 74298
3894 74344
3895 74348
3896 74467
3897 74539
3898 74576
3899 194850
3900 74634
3901 74635
3902 100681
3903 74682
3904 74685
3905 74763
3906 74766
3907 74775
3908 74811
3909 74887
3910 74892
3911 75150
3912 75241
3913 75147
3914 136258
3915 75221
3916 114599
3917 161963
3918 171580
3919 209337
3920 75336
3921 75337
3922 75419
3923 75438
3924 75493
3925 108259
3926 75557
3927 75558
3928 75823
3929 75829
3930 76080
3931 75886
3932 75905
3933 75898
3934 75939
3935 75993
3936 75997
3937 76022
3938 76049
3939 76039
3940 76072
3941 76436
3942 76451
3943 76132
3944 76545
3945 76213
3946 76214
3947 76274
3948 151144
3949 76304
3950 76309
3951 76379
3952 126104
3953 76761
3954 124046
3955 76789
3956 152383
3957 76910
3958 123468
3959 76838
3960 76897
3961 77414
3962 125737
3963 127517
3964 136815
3965 77377
3966 77387
3967 77407
3968 77420
3969 77490
3970 77492
3971 77585
3972 77570
3973 77587
3974 77669
3975 77671
3976 77895
3977 77908
3978 77939
3979 77940
3980 77944
3981 78077
3982 78089
3983 78203
3984 78348
3985 78247
3986 78252
3987 78275
3988 78303
3989 78345
3990 78622
3991 78574
3992 167064
3993 133123
3994 150071
3995 80605
3996 80722
3997 108070
3998 108245
3999 80377
4000 80383
4001 80515
4002 80516
4003 80628
4004 80634
4005 80642
4006 80697
4007 80699
4008 80704
4009 80826
4010 143433
4011 81130
4012 81155
4013 81038
4014 81161
4015 137967
4016 81036
4017 81053
4018 81067
4019 81079
4020 81124
4021 81180
4022 81264
4023 81246
4024 81253
4025 82059
4026 81288
4027 81290
4028 90936
4029 81713
4030 81718
4031 81312
4032 81329
4033 168625
4034 81371
4035 81373
4036 81389
4037 81390
4038 81391
4039 81461
4040 81513
4041 81553
4042 81555
4043 81596
4044 81597
4045 81599
4046 81601
4047 81611
4048 81618
4049 81638
4050 81632
4051 81658
4052 82002
4053 82015
4054 82097
4055 122032
4056 82163
4057 157663
4058 82305
4059 82306
4060 82675
4061 172784
4062 82575
4063 82590
4064 82645
4065 82637
4066 82677
4067 82825
4068 82830
4069 83187
4070 83385
4071 143041
4072 83233
4073 126176
4074 83841
4075 83928
4076 84106
4077 84002
4078 122317
4079 175399
4080 192478
4081 84208
4082 84209
4083 84302
4084 84304
4085 84422
4086 84423
4087 84341
4088 84352
4089 84435
4090 84436
4091 84609
4092 84619
4093 84858
4094 114858
4095 84843
4096 84847
4097 86265
4098 86278
4099 86275
4100 86378
4101 86314
4102 86348
4103 86319
4104 86324
4105 86365
4106 86384
4107 86530
4108 86416
4109 86418
4110 86421
4111 86765
4112 86781
4113 86992
4114 86434
4115 86440
4116 86527
4117 86532
4118 86597
4119 86598
4120 86726
4121 86727
4122 173933
4123 86795
4124 87178
4125 86807
4126 121881
4127 86857
4128 86862
4129 87125
4130 87128
4131 87184
4132 87219
4133 87335
4134 87340
4135 87319
4136 87322
4137 87332
4138 87433
4139 87362
4140 87365
4141 87441
4142 87437
4143 87439
4144 87475
4145 87476
4146 87477
4147 87498
4148 87693
4149 87698
4150 88803
4151 88807
4152 88945
4153 142492
4154 89032
4155 89040
4156 89041
4157 151853
4158 89675
4159 89872
4160 89677
4161 89722
4162 89813
4163 89830
4164 89817
4165 89819
4166 90034
4167 159995
4168 90153
4169 90182
4170 90319
4171 239286
4172 90359
4173 90504
4174 90495
4175 106090
4176 147827
4177 160311
4178 90862
4179 90871
4180 91224
4181 91227
4182 91235
4183 91254
4184 91539
4185 91351
4186 91371
4187 91390
4188 91393
4189 91396
4190 91416
4191 91444
4192 91510
4193 91599
4194 91636
4195 93662
4196 93874
4197 93514
4198 93522
4199 101177
4200 123168
4201 94602
4202 94741
4203 94554
4204 147373
4205 122945
4206 123006
4207 94972
4208 131714
4209 95522
4210 95787
4211 95596
4212 95597
4213 95613
4214 95616
4215 95648
4216 95691
4217 95836
4218 112834
4219 96010
4220 96062
4221 96041
4222 204623
4223 96247
4224 96249
4225 96252
4226 96332
4227 96335
4228 96365
4229 141399
4230 96563
4231 153949
4232 96848
4233 97032
4234 96920
4235 107689
4236 97175
4237 97185
4238 97476
4239 97477
4240 97750
4241 97751
4242 97786
4243 97810
4244 97784
4245 97788
4246 97913
4247 97915
4248 98560
4249 98564
4250 98588
4251 99049
4252 98750
4253 98751
4254 98951
4255 98965
4256 98969
4257 99080
4258 99343
4259 99344
4260 99332
4261 99336
4262 99340
4263 99342
4264 100646
4265 100754
4266 100669
4267 100674
4268 100752
4269 100782
4270 100905
4271 100907
4272 101214
4273 101217
4274 101924
4275 101936
4276 102100
4277 136747
4278 102209
4279 134123
4280 102295
4281 103194
4282 102373
4283 102377
4284 150575
4285 102480
4286 102498
4287 102494
4288 102501
4289 107164
4290 150441
4291 102624
4292 158300
4293 102747
4294 102750
4295 103285
4296 103286
4297 103424
4298 103661
4299 103626
4300 187244
4301 103693
4302 103696
4303 103816
4304 103827
4305 103829
4306 104176
4307 104195
4308 104193
4309 104194
4310 104395
4311 104708
4312 104422
4313 104423
4314 104462
4315 104464
4316 104484
4317 104577
4318 104586
4319 104600
4320 104609
4321 104900
4322 104901
4323 104902
4324 104992
4325 105092
4326 105029
4327 132883
4328 105224
4329 105380
4330 105432
4331 105452
4332 105444
4333 105445
4334 105465
4335 105466
4336 105527
4337 105528
4338 108863
4339 105546
4340 105727
4341 105966
4342 106174
4343 106007
4344 106045
4345 106125
4346 106193
4347 138144
4348 106051
4349 106055
4350 106180
4351 106218
4352 106267
4353 106268
4354 106640
4355 106669
4356 106767
4357 106770
4358 106772
4359 108902
4360 106809
4361 106811
4362 106914
4363 106901
4364 106905
4365 107084
4366 107085
4367 107111
4368 107195
4369 107243
4370 107244
4371 148568
4372 107476
4373 107481
4374 107590
4375 107646
4376 107559
4377 146412
4378 127871
4379 128385
4380 111212
4381 168618
4382 107751
4383 107779
4384 107821
4385 111167
4386 127784
4387 107952
4388 107953
4389 108130
4390 108926
4391 108269
4392 108273
4393 112947
4394 112956
4395 112962
4396 112986
4397 108330
4398 108349
4399 108895
4400 155093
4401 243139
4402 108977
4403 156607
4404 109226
4405 109237
4406 109385
4407 140758
4408 109395
4409 109396
4410 110777
4411 110861
4412 110783
4413 110802
4414 110882
4415 110909
4416 110935
4417 110944
4418 110922
4419 110925
4420 110952
4421 110953
4422 111032
4423 111033
4424 111102
4425 111104
4426 111200
4427 134427
4428 111274
4429 111293
4430 133334
4431 155687
4432 156351
4433 111337
4434 111349
4435 111352
4436 111353
4437 111425
4438 111427
4439 111478
4440 111481
4441 111494
4442 111497
4443 111899
4444 111911
4445 112029
4446 116258
4447 112103
4448 112105
4449 112169
4450 112170
4451 112194
4452 232299
4453 112301
4454 216386
4455 112420
4456 112497
4457 112868
4458 112873
4459 112632
4460 112733
4461 112812
4462 112897
4463 112884
4464 112899
4465 112999
4466 113000
4467 113011
4468 113160
4469 114281
4470 114385
4471 210157
4472 114361
4473 114940
4474 114369
4475 114371
4476 114382
4477 114384
4478 114424
4479 114481
4480 114702
4481 114941
4482 115069
4483 159592
4484 114505
4485 114506
4486 114507
4487 114558
4488 114559
4489 114586
4490 114738
4491 114669
4492 114670
4493 114676
4494 114825
4495 114868
4496 114917
4497 114855
4498 114878
4499 114913
4500 114926
4501 114905
4502 114906
4503 115855
4504 115881
4505 115202
4506 115204
4507 115277
4508 115319
4509 115839
4510 128183
4511 115341
4512 115345
4513 115399
4514 115407
4515 115469
4516 115619
4517 115638
4518 115651
4519 115776
4520 115792
4521 115925
4522 115929
4523 115945
4524 115947
4525 116091
4526 167524
4527 116144
4528 116159
4529 116241
4530 116251
4531 116318
4532 134598
4533 116331
4534 116583
4535 116383
4536 116392
4537 116370
4538 116556
4539 117320
4540 117331
4541 116523
4542 116524
4543 116725
4544 116876
4545 116633
4546 116635
4547 116645
4548 116650
4549 116734
4550 116742
4551 116751
4552 116757
4553 116967
4554 117051
4555 117037
4556 117044
4557 117152
4558 117153
4559 117162
4560 117207
4561 117200
4562 117201
4563 117395
4564 117397
4565 117450
4566 117487
4567 117490
4568 117572
4569 117573
4570 117737
4571 117743
4572 117744
4573 117801
4574 118062
4575 118083
4576 118183
4577 118214
4578 120211
4579 141433
4580 118496
4581 118497
4582 118731
4583 118839
4584 118741
4585 118848
4586 122424
4587 118824
4588 118828
4589 118884
4590 118886
4591 119656
4592 124733
4593 119869
4594 119876
4595 120074
4596 120090
4597 120092
4598 120068
4599 120075
4600 120491
4601 120496
4602 120497
4603 120645
4604 120636
4605 120637
4606 120775
4607 127340
4608 120946
4609 234752
4610 121035
4611 121061
4612 121062
4613 181998
4614 121170
4615 130608
4616 150893
4617 121235
4618 122196
4619 127805
4620 155122
4621 121377
4622 121378
4623 121814
4624 121876
4625 121880
4626 121883
4627 121985
4628 121986
4629 122584
4630 122586
4631 122587
4632 122588
4633 122624
4634 223124
4635 122672
4636 122674
4637 122709
4638 122711
4639 122762
4640 122766
4641 122830
4642 153198
4643 122929
4644 230987
4645 123334
4646 123364
4647 123667
4648 123668
4649 123864
4650 201582
4651 123973
4652 123982
4653 124007
4654 124053
4655 124083
4656 124124
4657 124205
4658 124206
4659 124786
4660 124788
4661 124857
4662 124863
4663 124897
4664 124898
4665 124952
4666 124972
4667 125072
4668 125075
4669 125173
4670 125174
4671 125181
4672 125212
4673 125192
4674 125441
4675 125201
4676 125211
4677 125259
4678 125267
4679 125277
4680 125280
4681 125284
4682 125285
4683 125304
4684 125305
4685 125316
4686 125344
4687 125400
4688 125403
4689 125423
4690 125426
4691 125548
4692 125556
4693 125512
4694 125513
4695 125618
4696 125619
4697 125780
4698 125798
4699 125851
4700 125980
4701 125909
4702 125913
4703 125887
4704 125902
4705 173884
4706 125920
4707 125942
4708 126624
4709 126656
4710 126047
4711 201564
4712 126040
4713 126043
4714 126196
4715 175130
4716 126136
4717 126144
4718 126200
4719 164449
4720 126239
4721 126314
4722 126255
4723 126310
4724 126496
4725 126516
4726 126611
4727 126669
4728 126652
4729 126678
4730 126849
4731 126850
4732 127320
4733 126875
4734 127283
4735 126972
4736 126973
4737 126998
4738 126999
4739 127087
4740 127089
4741 127159
4742 159288
4743 127225
4744 127227
4745 127310
4746 127311
4747 127317
4748 127335
4749 127406
4750 127411
4751 127542
4752 135413
4753 181867
4754 127614
4755 127616
4756 127618
4757 127621
4758 127642
4759 127644
4760 127675
4761 127810
4762 127747
4763 127748
4764 128353
4765 128361
4766 128460
4767 128480
4768 128434
4769 128446
4770 128469
4771 128475
4772 128477
4773 128538
4774 128541
4775 128558
4776 128923
4777 129088
4778 129431
4779 129102
4780 129137
4781 129152
4782 129370
4783 129377
4784 129512
4785 129515
4786 129591
4787 129657
4788 129683
4789 129721
4790 129709
4791 155649
4792 129752
4793 129759
4794 129755
4795 129780
4796 129786
4797 129787
4798 129881
4799 135024
4800 129857
4801 129858
4802 130022
4803 130232
4804 130162
4805 130163
4806 130176
4807 130355
4808 130703
4809 130408
4810 131278
4811 130406
4812 130407
4813 130444
4814 130461
4815 130477
4816 130639
4817 130642
4818 130661
4819 130669
4820 131213
4821 131214
4822 131323
4823 131924
4824 131353
4825 131371
4826 165663
4827 166322
4828 132117
4829 144559
4830 131804
4831 131806
4832 132158
4833 132159
4834 132298
4835 132436
4836 132445
4837 132461
4838 132612
4839 132674
4840 132678
4841 132679
4842 132695
4843 132764
4844 132773
4845 132868
4846 133047
4847 132954
4848 132957
4849 133210
4850 133211
4851 133385
4852 133389
4853 133566
4854 133601
4855 133620
4856 133636
4857 133652
4858 153556
4859 133714
4860 133715
4861 133724
4862 134017
4863 134064
4864 134041
4865 134042
4866 134130
4867 134133
4868 134299
4869 134304
4870 134560
4871 134562
4872 134565
4873 134577
4874 153172
4875 162386
4876 136388
4877 136480
4878 134748
4879 134749
4880 134846
4881 134873
4882 135033
4883 135034
4884 135146
4885 182337
4886 135388
4887 135433
4888 135422
4889 135425
4890 135456
4891 135463
4892 135492
4893 187008
4894 135646
4895 135647
4896 135654
4897 135658
4898 135722
4899 136052
4900 135725
4901 135731
4902 135723
4903 156850
4904 135832
4905 177383
4906 135818
4907 135819
4908 136249
4909 141744
4910 136571
4911 136701
4912 136772
4913 136240
4914 136241
4915 136289
4916 136307
4917 136895
4918 160920
4919 137048
4920 137095
4921 137102
4922 137109
4923 137203
4924 137204
4925 137386
4926 137396
4927 137602
4928 137478
4929 137480
4930 137492
4931 137706
4932 137708
4933 137800
4934 137825
4935 152196
4936 137914
4937 137918
4938 138031
4939 202479
4940 138081
4941 138092
4942 138290
4943 138296
4944 138309
4945 138314
4946 138316
4947 138583
4948 138588
4949 138538
4950 138543
4951 139049
4952 139101
4953 138725
4954 138743
4955 138765
4956 138801
4957 138813
4958 138943
4959 139044
4960 139046
4961 140273
4962 139127
4963 139132
4964 140259
4965 193824
4966 139216
4967 139218
4968 139294
4969 139302
4970 139304
4971 139359
4972 139378
4973 139389
4974 139515
4975 139744
4976 141183
4977 142435
4978 139517
4979 139531
4980 139706
4981 139719
4982 139748
4983 139753
4984 139768
4985 140243
4986 139778
4987 139779
4988 139914
4989 139916
4990 139971
4991 139976
4992 139989
4993 139993
4994 140250
4995 140276
4996 140364
4997 140372
4998 140370
4999 140371
5000 140497
5001 152741
5002 140559
5003 140564
5004 140569
5005 140582
5006 140577
5007 140594
5008 140610
5009 140667
5010 140674
5011 140634
5012 140636
5013 140659
5014 140660
5015 140757
5016 140766
5017 140897
5018 140920
5019 140946
5020 140981
5021 141108
5022 141191
5023 183670
5024 141132
5025 141137
5026 141993
5027 141180
5028 141315
5029 141243
5030 158491
5031 141465
5032 141495
5033 141536
5034 141547
5035 141598
5036 141600
5037 142049
5038 142074
5039 142372
5040 145191
5041 196796
5042 142140
5043 142141
5044 142283
5045 142520
5046 142306
5047 142307
5048 142317
5049 142338
5050 142340
5051 142342
5052 142403
5053 142523
5054 142718
5055 142720
5056 142970
5057 143097
5058 143009
5059 143014
5060 143038
5061 143140
5062 143169
5063 143178
5064 143295
5065 143350
5066 143409
5067 143602
5068 143604
5069 143864
5070 143866
5071 143946
5072 144056
5073 144098
5074 144233
5075 144115
5076 144342
5077 144216
5078 144237
5079 144595
5080 144596
5081 145174
5082 145188
5083 145673
5084 145674
5085 145678
5086 145988
5087 145991
5088 146012
5089 146023
5090 146545
5091 146552
5092 146611
5093 146612
5094 146682
5095 146751
5096 146753
5097 146994
5098 146997
5099 147001
5100 147496
5101 147603
5102 147786
5103 148153
5104 147978
5105 148005
5106 148391
5107 148403
5108 148396
5109 148397
5110 192309
5111 148446
5112 149132
5113 159621
5114 169384
5115 148746
5116 149014
5117 148671
5118 148672
5119 148813
5120 148814
5121 148861
5122 148867
5123 148877
5124 148970
5125 149460
5126 149463
5127 149798
5128 149799
5129 149888
5130 149896
5131 149933
5132 150087
5133 150161
5134 150162
5135 150319
5136 151220
5137 151279
5138 214632
5139 151828
5140 185006
5141 189752
5142 151214
5143 151217
5144 151432
5145 151438
5146 151459
5147 151466
5148 151693
5149 151694
5150 151702
5151 151815
5152 152033
5153 152055
5154 152649
5155 152733
5156 152714
5157 154153
5158 152503
5159 152506
5160 153277
5161 153280
5162 153549
5163 153618
5164 153395
5165 153397
5166 153423
5167 153424
5168 153461
5169 153561
5170 153523
5171 153550
5172 153587
5173 153588
5174 153741
5175 153743
5176 153756
5177 154282
5178 154042
5179 154044
5180 154068
5181 154075
5182 154248
5183 154366
5184 154253
5185 154261
5186 154263
5187 154265
5188 154294
5189 154297
5190 154348
5191 154356
5192 154357
5193 154549
5194 154667
5195 154668
5196 154762
5197 154266
5198 154267
5199 154478
5200 154484
5201 154645
5202 154655
5203 154843
5204 180434
5205 155220
5206 155221
5207 155356
5208 155365
5209 155585
5210 155586
5211 155699
5212 155768
5213 156222
5214 155971
5215 156009
5216 155999
5217 156000
5218 156002
5219 156011
5220 156034
5221 156032
5222 156178
5223 156083
5224 156196
5225 165616
5226 194285
5227 156368
5228 156369
5229 156547
5230 156596
5231 156573
5232 157012
5233 156828
5234 156851
5235 157046
5236 157151
5237 157335
5238 157337
5239 157514
5240 158549
5241 157516
5242 157517
5243 157711
5244 157793
5245 157800
5246 157812
5247 157894
5248 157965
5249 157917
5250 157934
5251 157936
5252 168777
5253 172865
5254 158227
5255 158606
5256 158301
5257 158578
5258 158649
5259 158657
5260 158627
5261 158631
5262 158703
5263 158704
5264 158958
5265 158963
5266 159043
5267 160211
5268 158991
5269 169347
5270 159070
5271 159080
5272 159236
5273 159243
5274 159255
5275 159246
5276 159251
5277 159416
5278 159442
5279 159494
5280 159520
5281 168052
5282 159485
5283 159500
5284 159717
5285 220643
5286 160223
5287 160224
5288 160285
5289 160308
5290 160293
5291 160296
5292 160344
5293 160346
5294 160537
5295 160542
5296 160881
5297 190834
5298 160874
5299 160878
5300 160930
5301 160931
5302 161222
5303 161284
5304 161587
5305 161590
5306 161827
5307 161830
5308 161825
5309 161833
5310 161859
5311 161860
5312 162050
5313 162052
5314 162235
5315 162238
5316 162237
5317 162241
5318 162456
5319 162458
5320 162909
5321 162934
5322 163155
5323 163182
5324 163194
5325 163231
5326 163450
5327 163482
5328 163529
5329 163531
5330 163532
5331 163689
5332 163783
5333 163877
5334 163879
5335 164045
5336 164056
5337 164068
5338 164047
5339 164049
5340 164169
5341 164181
5342 164262
5343 164277
5344 164333
5345 164340
5346 164390
5347 164431
5348 164548
5349 165555
5350 164718
5351 164794
5352 164934
5353 164936
5354 165233
5355 165252
5356 165446
5357 165552
5358 165801
5359 165820
5360 165913
5361 165926
5362 166050
5363 214036
5364 166028
5365 166037
5366 166123
5367 166154
5368 167315
5369 166206
5370 166209
5371 166389
5372 166390
5373 166395
5374 166397
5375 166426
5376 166459
5377 166625
5378 166498
5379 168686
5380 166753
5381 166758
5382 166794
5383 183265
5384 243046
5385 166848
5386 166869
5387 166943
5388 167459
5389 167033
5390 186989
5391 167085
5392 167095
5393 167038
5394 167048
5395 167088
5396 167090
5397 167113
5398 167164
5399 167167
5400 167202
5401 167217
5402 167498
5403 168098
5404 167493
5405 167500
5406 167507
5407 167710
5408 167711
5409 167733
5410 167734
5411 168031
5412 168032
5413 168309
5414 168118
5415 168126
5416 168234
5417 168236
5418 168305
5419 222134
5420 168803
5421 168901
5422 168592
5423 168602
5424 168751
5425 168771
5426 168834
5427 168836
5428 169135
5429 204912
5430 169373
5431 169376
5432 169478
5433 199688
5434 233027
5435 170809
5436 170819
5437 170850
5438 170880
5439 171032
5440 171033
5441 171035
5442 171041
5443 171069
5444 171201
5445 171272
5446 183047
5447 171339
5448 171340
5449 171345
5450 171370
5451 171468
5452 171428
5453 171431
5454 171513
5455 171515
5456 171655
5457 171767
5458 171864
5459 171964
5460 172277
5461 172280
5462 172356
5463 172571
5464 172528
5465 172559
5466 172904
5467 188182
5468 173203
5469 173251
5470 173310
5471 173464
5472 173338
5473 173339
5474 173379
5475 173388
5476 173368
5477 173428
5478 173467
5479 173606
5480 173902
5481 173903
5482 174045
5483 174047
5484 174074
5485 174077
5486 174092
5487 174119
5488 174155
5489 174158
5490 174222
5491 174226
5492 174265
5493 174302
5494 174354
5495 174362
5496 174695
5497 174696
5498 174697
5499 174750
5500 183690
5501 175075
5502 175173
5503 175675
5504 175677
5505 175679
5506 175943
5507 175953
5508 176417
5509 176024
5510 176025
5511 176247
5512 176250
5513 176674
5514 197386
5515 176938
5516 177040
5517 177010
5518 177013
5519 177027
5520 177038
5521 177033
5522 177035
5523 177088
5524 177993
5525 177163
5526 177174
5527 177465
5528 177468
5529 177530
5530 177551
5531 177635
5532 178268
5533 181908
5534 196039
5535 177805
5536 177806
5537 178057
5538 178058
5539 179508
5540 179515
5541 180009
5542 180033
5543 180203
5544 180207
5545 180477
5546 181747
5547 181595
5548 181604
5549 181596
5550 181597
5551 181601
5552 181622
5553 181742
5554 181751
5555 182193
5556 182254
5557 182243
5558 193317
5559 182246
5560 184326
5561 182279
5562 182290
5563 182338
5564 182343
5565 182419
5566 182427
5567 182446
5568 182426
5569 182487
5570 182489
5571 188370
5572 214727
5573 182739
5574 182743
5575 182734
5576 182770
5577 182862
5578 182863
5579 183048
5580 183073
5581 183116
5582 183142
5583 183986
5584 183988
5585 184152
5586 184153
5587 184167
5588 184292
5589 184325
5590 184527
5591 184531
5592 184620
5593 184622
5594 184623
5595 184775
5596 184880
5597 185282
5598 185051
5599 185060
5600 185141
5601 185145
5602 185624
5603 185688
5604 187499
5605 185665
5606 185698
5607 186262
5608 186350
5609 186342
5610 186363
5611 186602
5612 187130
5613 186639
5614 186641
5615 186640
5616 186642
5617 186780
5618 186782
5619 187095
5620 187098
5621 187209
5622 187213
5623 187317
5624 187370
5625 188875
5626 187374
5627 187381
5628 187808
5629 187810
5630 188018
5631 188034
5632 188045
5633 188062
5634 188081
5635 188204
5636 188206
5637 188232
5638 188236
5639 188339
5640 188376
5641 188668
5642 188674
5643 188681
5644 188728
5645 188801
5646 188795
5647 188823
5648 189504
5649 189592
5650 189623
5651 189625
5652 189683
5653 189687
5654 189694
5655 189938
5656 231323
5657 190074
5658 190080
5659 190175
5660 191278
5661 190783
5662 190784
5663 191149
5664 191257
5665 191748
5666 198715
5667 199651
5668 191444
5669 191458
5670 191459
5671 191566
5672 191608
5673 191597
5674 191619
5675 191804
5676 202333
5677 191829
5678 191833
5679 230338
5680 192390
5681 192393
5682 192530
5683 210416
5684 192941
5685 192942
5686 193142
5687 193143
5688 193145
5689 193155
5690 193162
5691 193166
5692 193290
5693 193320
5694 193395
5695 193401
5696 193778
5697 193779
5698 193878
5699 193908
5700 194133
5701 194139
5702 194228
5703 194229
5704 194316
5705 194413
5706 194686
5707 194811
5708 194976
5709 194983
5710 195087
5711 195090
5712 195130
5713 195341
5714 222720
5715 195766
5716 195767
5717 195776
5718 195787
5719 195940
5720 195958
5721 196003
5722 195944
5723 195952
5724 196040
5725 196043
5726 196160
5727 196161
5728 196233
5729 196246
5730 196222
5731 196236
5732 196455
5733 250507
5734 196608
5735 196609
5736 196616
5737 196667
5738 196935
5739 205823
5740 196949
5741 196954
5742 197145
5743 197172
5744 197367
5745 197392
5746 197365
5747 197566
5748 197790
5749 197797
5750 197962
5751 197968
5752 197939
5753 197940
5754 198171
5755 198173
5756 198630
5757 198632
5758 198479
5759 198480
5760 198514
5761 198537
5762 198539
5763 198634
5764 198642
5765 198811
5766 198817
5767 199148
5768 199212
5769 199251
5770 219587
5771 199227
5772 199231
5773 199500
5774 199538
5775 199844
5776 199896
5777 199865
5778 199933
5779 199995
5780 200469
5781 200162
5782 200164
5783 200304
5784 200306
5785 200291
5786 200293
5787 200381
5788 200386
5789 201600
5790 201615
5791 201720
5792 201723
5793 208689
5794 230428
5795 202128
5796 202178
5797 202214
5798 202217
5799 202219
5800 202421
5801 202422
5802 202426
5803 202728
5804 202780
5805 203134
5806 203135
5807 203199
5808 203404
5809 203419
5810 203616
5811 203647
5812 203880
5813 203881
5814 204140
5815 212026
5816 204014
5817 204015
5818 204099
5819 204211
5820 204311
5821 204315
5822 204341
5823 204356
5824 204539
5825 204541
5826 204566
5827 204582
5828 204596
5829 208785
5830 204598
5831 204612
5832 204759
5833 204761
5834 204921
5835 204979
5836 205016
5837 205024
5838 205031
5839 205032
5840 205066
5841 205143
5842 205080
5843 205087
5844 205193
5845 205197
5846 205635
5847 205658
5848 205343
5849 205344
5850 205591
5851 205697
5852 206683
5853 207303
5854 205739
5855 205741
5856 205791
5857 205842
5858 206058
5859 206064
5860 206171
5861 206172
5862 206181
5863 206242
5864 206243
5865 206247
5866 206427
5867 206428
5868 206482
5869 206486
5870 206488
5871 206493
5872 206689
5873 206697
5874 206817
5875 206824
5876 206874
5877 206878
5878 206883
5879 206945
5880 206954
5881 207004
5882 207083
5883 207264
5884 207265
5885 207380
5886 207384
5887 207482
5888 207585
5889 207500
5890 207502
5891 207682
5892 209039
5893 207759
5894 207772
5895 207992
5896 234047
5897 208171
5898 208172
5899 208373
5900 208439
5901 208494
5902 208496
5903 208521
5904 208711
5905 208739
5906 208803
5907 209107
5908 209117
5909 209170
5910 209389
5911 209406
5912 209548
5913 209557
5914 209559
5915 209584
5916 209586
5917 209603
5918 209697
5919 209701
5920 209998
5921 210003
5922 210075
5923 210081
5924 210250
5925 210255
5926 210866
5927 210868
5928 211353
5929 211361
5930 211442
5931 211773
5932 211702
5933 211748
5934 212007
5935 212021
5936 212442
5937 212444
5938 212467
5939 212536
5940 212544
5941 212708
5942 212719
5943 212750
5944 212780
5945 212790
5946 212795
5947 212783
5948 213190
5949 212799
5950 212800
5951 213048
5952 213200
5953 213337
5954 213381
5955 213792
5956 213799
5957 213925
5958 213938
5959 214758
5960 214840
5961 214877
5962 243625
5963 215055
5964 215066
5965 215099
5966 215128
5967 215215
5968 215218
5969 215493
5970 215494
5971 215660
5972 215600
5973 226541
5974 215701
5975 215702
5976 215986
5977 218823
5978 216423
5979 216424
5980 216819
5981 216821
5982 216920
5983 216930
5984 217020
5985 217028
5986 217501
5987 218066
5988 217656
5989 217657
5990 217790
5991 217791
5992 218319
5993 218321
5994 218695
5995 219114
5996 218875
5997 218876
5998 219527
5999 219530
6000 219940
6001 219941
6002 220269
6003 220271
6004 220272
6005 220325
6006 220339
6007 220348
6008 220514
6009 240334
6010 220561
6011 220562
6012 221192
6013 221201
6014 221202
6015 221350
6016 241881
6017 221532
6018 221534
6019 223022
6020 223031
6021 224207
6022 223395
6023 223398
6024 223400
6025 223500
6026 223517
6027 223909
6028 223910
6029 224872
6030 224883
6031 224917
6032 224920
6033 225241
6034 225242
6035 225284
6036 225300
6037 226385
6038 226401
6039 226616
6040 226864
6041 226797
6042 226807
6043 226820
6044 226840
6045 226841
6046 226842
6047 226870
6048 226949
6049 226961
6050 226975
6051 227274
6052 227276
6053 227290
6054 227293
6055 228565
6056 228566
6057 228697
6058 228982
6059 228792
6060 228854
6061 228966
6062 229282
6063 228871
6064 228872
6065 228873
6066 229019
6067 229020
6068 229071
6069 229073
6070 229075
6071 229076
6072 229145
6073 229163
6074 229786
6075 229788
6076 230079
6077 230088
6078 230304
6079 230305
6080 230329
6081 230332
6082 230503
6083 230504
6084 230729
6085 230826
6086 230995
6087 231002
6088 231580
6089 231632
6090 231487
6091 231498
6092 231633
6093 231634
6094 231652
6095 231660
6096 231692
6097 231714
6098 232050
6099 232051
6100 232123
6101 232131
6102 232950
6103 232951
6104 233383
6105 233436
6106 233611
6107 233623
6108 233628
6109 233645
6110 233650
6111 233675
6112 233677
6113 233839
6114 233897
6115 233788
6116 233790
6117 233856
6118 233859
6119 233862
6120 233864
6121 233888
6122 233889
6123 234089
6124 234090
6125 234093
6126 234099
6127 234146
6128 234147
6129 234222
6130 234223
6131 234305
6132 234308
6133 234309
6134 234372
6135 234393
6136 235086
6137 235087
6138 235157
6139 235178
6140 235199
6141 235230
6142 235229
6143 235233
6144 235277
6145 235420
6146 235422
6147 235467
6148 235475
6149 235500
6150 235470
6151 235476
6152 236680
6153 236681
6154 236796
6155 236797
6156 237132
6157 237133
6158 237318
6159 237329
6160 237420
6161 237442
6162 237477
6163 237481
6164 237495
6165 237496
6166 237687
6167 237730
6168 237838
6169 237698
6170 237725
6171 237756
6172 237921
6173 238268
6174 238282
6175 238717
6176 238718
6177 238787
6178 238876
6179 238875
6180 238877
6181 239316
6182 239319
6183 239402
6184 239795
6185 239810
6186 239840
6187 240485
6188 240548
6189 240597
6190 240523
6191 240543
6192 240989
6193 243701
6194 240747
6195 240758
6196 241307
6197 241318
6198 241608
6199 241610
6200 242210
6201 242215
6202 242650
6203 242651
6204 242817
6205 242818
6206 242909
6207 242926
6208 243124
6209 243128
6210 243141
6211 243485
6212 243487
6213 244001
6214 244046
6215 244348
6216 244352
6217 244758
6218 244759
6219 244780
6220 245152
6221 249438
6222 245700
6223 245702
6224 245793
6225 245804
6226 245985
6227 245986
6228 246020
6229 246025
6230 246455
6231 246488
6232 246532
6233 246538
6234 246659
6235 246661
6236 246748
6237 246814
6238 246805
6239 246806
6240 246871
6241 246936
6242 246957
6243 246963
6244 247091
6245 247149
6246 247413
6247 247415
6248 248504
6249 248506
6250 248588
6251 248589
6252 248615
6253 248619
6254 249521
6255 249527
6256 249613
6257 249629
6258 249636
6259 249676
6260 249720
6261 249725
6262 249842
6263 249846
6264 250170
6265 250182
6266 250398
6267 250399
6268 250574
6269 250576
6270 251036
6271 251037
6272 251043
6273 251809
6274 251818
6275 252192
6276 252242
6277 252667
6278 252761
6279 253170
6280 253171
6281 253876
6282 253886
6283 253917
6284 253946
6285 253926
6286 253931
6287 254253
6288 254266
6289 122296
6290 122374
6291 13887
6292 13888
6293 34082
6294 59091
6295 251989
6296 251997
6297 7677
6298 7685
6299 250506
6300 250552
6301 18401
6302 18406
6303 18412
6304 114264
6305 114266
6306 8130
6307 14326
6308 819
6309 823
6310 34537
6311 34645
6312 51217
6313 51218
6314 61637
6315 61640
6316 150210
6317 150214
6318 150217
6319 12582
6320 12587
6321 12625
6322 15439
6323 11007
6324 11008
6325 13168
6326 13184
6327 4341
6328 31811
6329 135891
6330 135892
6331 19257
6332 19286
6333 111471
6334 111639
6335 140793
6336 140794
6337 77642
6338 77653
6339 77682
6340 23054
6341 23055
6342 118160
6343 118162
6344 118163
6345 118198
6346 133037
6347 133044
6348 46010
6349 46012
6350 3161
6351 3164
6352 11929
6353 11930
6354 168817
6355 168858
6356 6398
6357 6399
6358 25426
6359 25427
6360 25428
6361 25462
6362 22513
6363 22571
6364 14420
6365 14421
6366 245198
6367 245201
6368 41068
6369 41082
6370 213201
6371 213233
6372 168277
6373 168308
6374 168342
6375 2627
6376 2632
6377 2644
6378 162527
6379 162548
6380 47862
6381 47863
6382 3819
6383 3830
6384 193786
6385 193787
6386 193799
6387 20568
6388 20578
6389 99290
6390 132936
6391 217429
6392 217439
6393 217454
6394 217461
6395 6915
6396 6916
6397 128316
6398 128317
6399 74307
6400 74347
6401 7240
6402 7241
6403 118460
6404 118463
6405 55569
6406 55575
6407 55579
6408 55602
6409 1032
6410 1036
6411 105387
6412 105451
6413 75453
6414 75461
6415 46107
6416 46119
6417 142556
6418 142572
6419 208183
6420 208228
6421 44797
6422 44798
6423 110463
6424 110470
6425 228604
6426 228607
6427 117524
6428 117598
6429 117620
6430 72338
6431 197530
6432 214517
6433 233249
6434 654
6435 655
6436 658
6437 145205
6438 145206
6439 149632
6440 149637
6441 16886
6442 17637
6443 148785
6444 148787
6445 151524
6446 151526
6447 5015
6448 5016
6449 5019
6450 89193
6451 169212
6452 23043
6453 23044
6454 53087
6455 53089
6456 37175
6457 37432
6458 177386
6459 177408
6460 27733
6461 27745
6462 72139
6463 150670
6464 1571
6465 1573
6466 1574
6467 1579
6468 33353
6469 238352
6470 238359
6471 21751
6472 21801
6473 6298
6474 6299
6475 6421
6476 239647
6477 239650
6478 98530
6479 98558
6480 1524
6481 1525
6482 11667
6483 11668
6484 11669
6485 46959
6486 46961
6487 46993
6488 183892
6489 183902
6490 34383
6491 34384
6492 51341
6493 51419
6494 86649
6495 86653
6496 130102
6497 30639
6498 58449
6499 136735
6500 136740
6501 106002
6502 106003
6503 58910
6504 63259
6505 11895
6506 11916
6507 163668
6508 215392
6509 215395
6510 237937
6511 237954
6512 173872
6513 173891
6514 155655
6515 155665
6516 155670
6517 187569
6518 187573
6519 57446
6520 57453
6521 6702
6522 6706
6523 246373
6524 246375
6525 246376
6526 246377
6527 164467
6528 164505
6529 15865
6530 15867
6531 229577
6532 229600
6533 231226
6534 35895
6535 35904
6536 73835
6537 73919
6538 240
6539 241
6540 256
6541 21486
6542 21489
6543 19497
6544 19522
6545 12811
6546 12868
6547 12956
6548 12957
6549 160356
6550 160358
6551 160361
6552 237510
6553 237514
6554 24850
6555 169379
6556 134529
6557 134530
6558 134536
6559 35813
6560 35823
6561 46981
6562 46982
6563 50709
6564 50710
6565 184640
6566 249469
6567 249474
6568 116348
6569 116349
6570 116351
6571 34986
6572 34987
6573 21900
6574 21921
6575 64718
6576 203503
6577 203517
6578 118337
6579 118338
6580 2692
6581 2693
6582 2702
6583 204303
6584 205223
6585 21619
6586 24904
6587 140477
6588 18944
6589 18945
6590 4784
6591 4786
6592 173835
6593 173879
6594 80711
6595 80713
6596 84094
6597 84101
6598 4005
6599 4012
6600 138317
6601 138318
6602 2738
6603 2741
6604 15584
6605 15585
6606 20960
6607 20961
6608 17922
6609 18087
6610 11406
6611 11408
6612 20146
6613 211439
6614 1638
6615 31095
6616 135154
6617 135171
6618 16494
6619 50543
6620 126855
6621 126856
6622 27726
6623 27791
6624 28300
6625 110789
6626 196575
6627 196595
6628 196652
6629 140914
6630 140917
6631 140919
6632 8114
6633 8131
6634 89524
6635 74464
6636 74466
6637 29417
6638 29418
6639 3226
6640 3227
6641 1502
6642 1540
6643 159117
6644 159129
6645 38811
6646 39108
6647 56143
6648 56159
6649 56199
6650 50653
6651 50657
6652 50668
6653 126447
6654 126455
6655 177117
6656 177121
6657 28513
6658 28527
6659 108212
6660 108336
6661 108350
6662 17763
6663 17764
6664 138118
6665 138119
6666 241657
6667 241658
6668 846
6669 848
6670 12978
6671 13036
6672 65143
6673 65151
6674 65184
6675 48068
6676 48069
6677 59842
6678 59885
6679 39599
6680 40288
6681 58456
6682 58466
6683 50829
6684 131306
6685 117468
6686 117899
6687 185362
6688 100976
6689 101010
6690 108960
6691 109153
6692 170581
6693 170603
6694 158335
6695 158405
6696 50673
6697 51014
6698 52700
6699 52701
6700 1186
6701 1188
6702 1197
6703 23558
6704 131766
6705 131769
6706 93844
6707 93858
6708 4155
6709 4158
6710 151552
6711 151636
6712 187689
6713 187690
6714 134961
6715 135228
6716 147113
6717 147114
6718 147119
6719 115184
6720 115330
6721 3973
6722 3974
6723 3976
6724 3979
6725 3997
6726 5439
6727 5442
6728 221291
6729 221493
6730 221513
6731 102701
6732 102702
6733 102705
6734 102743
6735 4658
6736 4659
6737 4663
6738 3850
6739 3851
6740 3853
6741 1943
6742 1944
6743 131282
6744 45152
6745 66068
6746 138148
6747 29964
6748 68349
6749 39
6750 133
6751 6469
6752 6516
6753 132171
6754 132200
6755 24419
6756 24501
6757 215173
6758 215175
6759 5489
6760 5491
6761 60136
6762 138769
6763 118650
6764 118651
6765 7089
6766 7090
6767 7099
6768 7138
6769 36501
6770 43741
6771 35178
6772 35180
6773 80266
6774 80272
6775 16728
6776 16734
6777 22915
6778 22948
6779 124948
6780 124950
6781 34317
6782 34327
6783 483
6784 490
6785 960
6786 965
6787 77302
6788 77856
6789 63514
6790 63535
6791 29118
6792 29122
6793 29125
6794 12591
6795 12604
6796 192239
6797 192401
6798 117073
6799 149487
6800 202255
6801 202540
6802 62035
6803 149844
6804 50744
6805 50745
6806 155154
6807 155389
6808 16434
6809 19063
6810 10993
6811 11003
6812 132035
6813 202564
6814 180148
6815 180150
6816 54326
6817 142879
6818 17854
6819 17855
6820 17895
6821 24115
6822 265
6823 266
6824 96990
6825 152660
6826 152661
6827 28432
6828 28436
6829 141795
6830 141821
6831 106543
6832 106549
6833 106573
6834 112109
6835 23471
6836 23598
6837 23605
6838 56931
6839 56948
6840 133614
6841 135116
6842 135138
6843 104566
6844 104567
6845 104571
6846 231238
6847 231243
6848 231272
6849 231372
6850 39065
6851 39080
6852 111336
6853 111338
6854 111344
6855 137869
6856 137954
6857 63685
6858 172734
6859 213127
6860 4117
6861 4122
6862 4127
6863 1658
6864 1659
6865 54905
6866 54907
6867 71405
6868 71408
6869 17658
6870 17659
6871 551
6872 603
6873 38799
6874 38804
6875 38810
6876 60348
6877 60357
6878 60378
6879 239401
6880 239406
6881 36613
6882 89893
6883 109086
6884 109142
6885 2064
6886 2065
6887 25104
6888 25131
6889 59364
6890 179626
6891 179645
6892 64271
6893 64336
6894 49775
6895 49781
6896 78332
6897 135701
6898 7896
6899 7954
6900 7971
6901 7991
6902 231863
6903 231865
6904 16487
6905 16488
6906 49985
6907 50010
6908 5904
6909 5905
6910 11033
6911 28151
6912 52859
6913 52883
6914 479
6915 484
6916 27105
6917 27107
6918 27132
6919 31369
6920 31372
6921 8753
6922 10878
6923 684
6924 685
6925 130031
6926 130032
6927 737
6928 738
6929 741
6930 746
6931 754
6932 4714
6933 6177
6934 4963
6935 104442
6936 104449
6937 7692
6938 7693
6939 1468
6940 1469
6941 193382
6942 193694
6943 142841
6944 142866
6945 217001
6946 217002
6947 30122
6948 30123
6949 30125
6950 7774
6951 7778
6952 7783
6953 102909
6954 102977
6955 31716
6956 35190
6957 10874
6958 10887
6959 6036
6960 6043
6961 82932
6962 119177
6963 16766
6964 16768
6965 16769
6966 59464
6967 59484
6968 14808
6969 14812
6970 204546
6971 204548
6972 204553
6973 3470
6974 3471
6975 3543
