answerID answererID
4 18
24 26
26 25
261 174
1108 832
9 34
10 30
13 31
25 60
73 106
17 7
404 186
4676 4939
23 22
28 14
34 61
2227 877
2853 1876
3664 2326
27 63
121 46
687 386
37 77
44 79
142 130
391 107
805 386
1387 970
6422 44
128086 34007
35 14
553 351
605 102
39 50
133 139
206 151
219 61
5771 3417
57347 33203
50 61
61 50
55 60
60 61
116 130
179 157
54 61
57 60
259 174
58 60
70 92
492 244
7937 708
41912 22411
69 92
72 43
74 112
75 107
138 136
333 78
67 11
68 43
65 61
115 82
87 116
284 29
109 120
343 109
2404 1603
112 120
113 14
163 154
164 154
165 154
212 63
247 172
3714 953
5998 3459
92 109
170 139
103 125
244 97
97 119
101 125
105 51
114 82
141 97
145 139
374 68
559 321
638 321
12392 2092
160 151
173 51
621 418
1994 1336
24837 12885
139 130
140 97
1155 860
17570 630
23258 11122
137 97
198 165
147 61
17376 8545
55139 21137
141788 42414
154 119
192 11
210 63
155 154
156 64
158 139
159 136
161 24
306 13
7349 3847
9251 5138
455 97
508 290
640 63
1185 877
203 61
499 157
205 110
230 116
308 13
242 97
260 81
240 51
241 97
256 81
258 174
294 92
257 174
628 418
98366 63780
268 82
272 60
265 174
266 130
96990 62705
271 130
276 61
315 34
356 53
285 177
392 154
393 154
2121 154
7894 4325
292 92
293 154
347 97
948 63
957 555
966 51
311 34
314 14
345 97
363 50
328 97
348 61
350 51
1551 1097
323 171
1906 877
344 97
17212 8484
341 130
680 533
7548 4229
340 97
560 379
3503 953
352 39
2209 1469
360 92
377 130
34756 20179
56181 9434
376 76
460 130
382 64
383 182
419 41
1029 50
403 81
458 130
399 81
406 82
423 190
498 274
5297 2833
6178 2660
7024 2660
7035 630
408 88
557 154
10186 5501
410 82
414 34
416 51
420 61
679 533
432 97
752 515
436 97
463 63
437 97
439 191
491 261
507 193
751 515
3894 2455
69777 2047
441 61
443 51
451 180
604 102
479 34
484 208
446 18
457 77
462 63
472 154
489 247
465 162
466 61
595 415
471 60
487 253
469 130
470 61
5876 3466
483 34
490 260
960 508
965 686
497 39
514 82
1090 86
14101 7074
509 11
510 171
16336 3847
513 130
517 76
45164 24246
533 244
558 260
564 81
546 63
552 61
551 373
603 102
562 274
572 392
4780 877
568 39
574 63
780 192
3651 953
3673 1710
582 61
585 171
589 51
596 82
599 361
617 331
609 171
613 61
626 16
614 63
615 61
632 171
633 418
1159 809
1163 171
6968 2660
6969 630
12389 4839
666 171
853 278
652 51
664 154
80498 23721
654 154
655 515
658 473
662 11
663 136
110785 72633
670 515
671 154
672 63
1434 877
684 290
685 115
690 418
699 533
694 418
695 533
697 515
702 154
5835 3455
8400 4704
8476 154
8478 1396
123146 79735
713 63
721 515
722 193
717 533
731 630
729 247
744 81
737 63
738 51
741 247
746 586
754 365
4714 2882
6177 3528
743 247
745 94938
758 418
759 63
2912 192
761 61
762 81
765 39
768 16
770 599
772 418
777 34
791 115
843 630
793 418
813 34
809 630
810 63
819 63
823 116
821 81
828 630
852 34
846 39
848 63
857 260
899 686
863 418
869 82
880 193
883 674
862 630
867 426
873 180
2808 877
890 630
897 686
908 630
963 81
925 247
936 136
57609 33413
138345 6965
922 203
927 630
941 710
944 691
958 691
974 61
50887 7823
964 278
7745 4386
980 193
999 171
1124 29
984 710
990 630
3241 1876
1017 710
1022 154
1019 418
1020 63
1369 877
1023 247
1024 260
5597 3354
1032 247
1036 63
1039 34
1041 630
1042 418
1053 157
1203 136
1047 51
1048 81
1055 50
1045 51
1051 18
1058 805
1690 877
1114 508
1140 76
1085 630
1093 247
1101 826
1105 82
29832 15880
39075 22049
1122 63
1123 29
1129 171
1127 61
1128 171
1132 630
1142 171
1143 34
1147 418
1145 18
1149 154
1167 247
1175 76
37260 21575
77764 48235
93785 60146
1171 555
1172 247
1180 154
1186 34
1188 736
1197 76
23558 11240
1204 63
1205 154
1207 247
1254 82
1216 247
1219 630
1235 180
1250 50
1234 76
1241 533
1248 247
1255 508
1265 877
4103 1876
44745 18155
1287 322
119633 79433
1291 61
1307 877
1284 82
1289 322
1727 1196
21211 10271
46619 26131
1288 322
1294 940
1304 877
27034 14506
29528 15754
34419 1997
76612 45509
1299 136
1300 630
1303 154
1308 555
1309 555
1325 51
1328 953
1332 63
1418 877
1347 247
1399 51
1362 260
1363 34
12074 6355
1384 877
12602 993
1412 180
1429 154
1424 247
1435 61
1663 1160
11424 5868
118154 8278
1432 34
1433 630
1444 10
1445 51
1458 953
1459 51
1461 630
1488 26
1468 247
1469 940
1486 630
1499 941
1495 630
1498 34
1502 877
1540 418
1524 193
1525 154
1533 1089
1550 24
1549 630
1553 247
1556 247
1560 61
1571 630
1573 154
1574 29
1579 63
33353 1111
1578 247
1580 426
1585 244
1586 630
1593 34
5918 3480
1597 877
1598 1120
1633 34
1674 630
1675 10298
1638 34
31095 3690
1639 34
1640 630
1641 136
1655 630
1680 192
1658 34
1659 630
1678 630
1679 973
1691 418
1696 953
1704 154
1698 287
1702 911
1725 1167
1729 1196
1701 911
1801 418
1710 63
1827 1268
1715 418
1717 260
1752 154
1754 120
1759 558
1736 940
69556 35444
1738 154
1744 81
2030 1376
2962 1396
95456 61514
1751 630
1753 260
1757 418
1804 192
1756 630
1758 136
1760 154
1766 260
1810 192
1769 260
1773 192
1778 630
1782 154
1803 192
1779 1219
1780 180
1784 911
1788 877
1793 63
1794 993
1829 1268
2860 1876
1807 630
1833 1201
1812 61
1831 1268
1815 1096
1819 260
1849 63
1863 863
1872 247
1873 244
1874 34
1877 260
1878 192
1879 630
1884 973
15884 6776
1911 130
1916 1160
1922 63
1928 180
1941 877
1943 630
1944 260
131282 88806
1999 418
2000 63
2010 630
2011 63
2044 973
2055 61
116536 3684
2051 208
2052 1369
2056 260
10547 5754
2064 260
2065 1369
2073 1290
2075 1174
2079 192
2083 1406
2088 260
2130 61
2110 260
2114 1428
2128 63
2129 686
2138 1369
2144 260
2146 1321
2175 260
2176 630
2179 1469
2186 686
2196 555
2199 1469
10856 3684
2302 1533
2307 630
2362 1064
2373 1357
2360 1064
2365 1561
2374 1396
2380 60
2381 82
2363 154
2364 136
2389 63
2391 1186
2392 686
44406 8783
47659 26790
2472 154
2475 1561
2477 630
2479 953
2480 63
2485 877
2523 1625
3108 1978
3198 2050
34781 3640
50402 1050
2512 630
2513 1396
5850 3459
2517 630
2518 1186
2528 418
2571 1625
2534 973
2536 1396
2546 260
2547 630
2564 180
2575 1396
2615 1607
2680 283
2576 1096
2578 630
2577 1396
2596 154
2600 1096
2601 630
2628 1396
2645 1369
2627 1396
2632 1469
2644 1369
2633 180
2635 877
2637 877
17378 8546
2658 154
2659 283
2664 1201
2698 1756
2686 154
2691 1369
2694 1396
2709 1580
2682 290
2683 180
2692 630
2693 1369
2702 418
2695 1369
2699 244
2705 418
128820 85642
2704 1396
2715 1710
2712 1396
2722 154
2732 136
2717 1607
2718 1369
2738 1396
2741 555
2744 1369
4868 1186
2759 973
2762 1396
2764 877
2765 180
2773 63
2776 973
54577 31358
2785 877
2793 1396
2791 374
2792 1607
2798 1396
80114 50252
2805 1396
15946 7832
15947 993
2832 877
7190 4084
2876 877
2878 1721
2896 171
2902 630
2904 61
2906 1396
2907 180
2911 171
2913 877
2914 71
2924 154
2939 1875
38943 1050
39015 18861
53471 11240
60440 35341
60459 34999
63967 33354
2920 1908
2948 877
2955 1469
2961 1396
3009 1860
2968 1396
2987 154
2974 1396
194124 141401
2980 1822
2981 136
2982 1396
2983 63
47006 23721
3007 1047
3008 1860
52143 22230
186457 16892
3043 1396
3046 136
3057 1842
3064 630
3095 462
50066 5092
3105 1663
3118 847
3111 1369
3127 418
3122 462
3123 2004
3136 171
3137 1357
3141 1842
3151 877
3152 116
3145 1710
3146 136
3147 847
15378 154
3149 462
3172 1396
191115 69835
3157 877
3196 2023
3161 1781
3164 630
3205 973
3228 1860
3222 877
15616 7680
3224 877
3422 2043
3226 1860
3227 1396
3230 508
3232 630
3267 2069
3316 1396
3260 877
3270 1469
3277 418
6190 3594
3282 1396
3284 1822
78228 7490
3290 630
3318 1842
3319 508
3324 630
3328 1469
4422 708
3344 1469
3377 418
3347 180
3348 877
3376 877
6182 3551
3447 82
3607 2293
141037 90846
3470 555
3471 877
3543 2252
3481 630
3483 877
3510 1663
3518 154
3513 3106
3516 1357
3521 2201
3541 1842
3549 193
3656 953
3571 877
5106 3086
82183 51816
3606 418
3609 260
3619 1186
3629 1777
3631 4648
3633 1817
3650 847
3661 154
3660 911
3679 63
3677 50
3697 418
3684 2346
3686 630
13808 3640
3690 1710
3691 1064
3695 260
3702 630
3713 1469
3698 1186
3699 1357
3700 34
3703 630
3705 50
3709 877
3711 34
3712 1469
3739 630
3741 610
3747 2374
3753 2382
3762 1396
3858 2430
3759 1396
16180 3769
3763 1396
3767 877
3769 555
3770 630
3772 34
19221 1111
3796 3640
3797 2397
3819 2131
3830 630
3829 630
3833 34
3834 1186
3835 630
3846 2423
3860 2431
5573 154
36142 11240
3850 1607
3851 418
3853 630
3857 2420
3859 418
4963 180
104442 32138
104449 25836
3919 1096
3927 507
3930 1469
3915 1822
3937 86
3961 2492
3973 2511
3974 2503
3976 877
3979 1396
3997 1876
3981 2417
3985 630
4001 1186
4004 630
4005 630
4012 507
4022 1096
4023 418
4035 2129
77727 18059
4041 283
4042 51
4046 610
4048 507
4956 2374
44154 24246
4198 1710
4199 507
4117 1396
4122 180
4127 877
4139 877
4201 4224
4120 180
4133 877
4148 180
4541 976
4130 180
4131 877
4140 193
4144 1822
4150 154
4142 809
4143 630
4155 2374
4158 180
4156 2374
4157 630
4166 630
4167 2374
7677 2660
7685 3690
4181 2573
4975 2251
4213 1396
4217 426
4556 2626
23907 11440
4216 418
4225 1439
4221 630
4223 426
4253 877
4273 2129
4258 2626
4259 2374
4275 2374
4276 1186
4277 630
4284 34
4287 244
4299 2660
95812 61796
193173 140614
4300 973
4323 1396
124102 82947
152566 108321
184339 30035
203229 37492
4292 2663
4293 2660
4341 1396
31811 5555
4348 34
4349 2682
4395 1396
5001 2691
4374 1186
4375 630
4376 1262
4377 34
4442 1561
4443 507
4446 630
4451 81
4459 426
4476 2682
4478 2453
4482 630
4480 1396
4481 193
4490 154
4500 555
4501 877
4502 1396
4507 1290
4510 630
4536 1186
4514 1828
50960 28984
4522 2382
21648 3684
4543 418
4544 2415
4545 2374
4562 2374
4567 809
4591 2453
4596 154
4587 2626
4589 877
4606 1910
4608 154
4613 2131
4617 630
4625 2131
4626 1357
4689 2660
15784 3046
4631 2718
4632 507
4635 418
4658 2626
4659 877
4663 50
4690 1419
49767 1186
4695 1396
4701 418
4697 2626
4698 1396
4699 418
4707 34
4716 2374
4723 820
4724 2626
4726 180
4722 1396
7681 3684
4752 2682
4753 1396
4758 2453
4764 2626
4775 1186
4781 2626
4790 1396
4784 630
4786 34
4796 2660
4800 877
4804 630
4816 630
4819 2626
4817 630
4818 508
4826 418
4831 51
4841 2626
4842 630
4854 2374
4864 2626
4997 2974
4886 1357
4887 1096
4888 1469
4895 2374
4907 2626
4908 630
4909 260
64804 34637
4937 630
4939 34
4966 34
4977 630
4969 2374
4970 877
4979 630
20073 2663
23052 4967
4985 1396
4988 877
5015 630
5016 1396
5019 2374
89193 21728
169212 121237
5024 630
5126 1186
5039 2374
5040 630
5063 154
5067 1396
5141 2028
5144 2374
5108 3064
5117 1469
5118 2374
5137 1857
5150 976
5147 630
5151 877
5161 630
5164 877
5170 1828
5171 630
5214 2397
5215 2573
5223 2374
5224 180
5227 1186
6049 1767
35312 11240
84742 53729
134302 9434
5234 1396
5235 2374
5248 1469
5249 1186
60156 11240
5237 1396
30988 7788
5279 2374
5280 34
208919 152889
5314 2374
5412 3173
5335 1822
5339 1396
6270 3635
5337 2397
5342 1396
5347 1357
5348 630
5349 2756
5358 2573
5371 3211
5366 2374
5370 1186
5399 418
5386 1186
5387 630
5388 154
5389 3106
5392 3236
5391 3234
5433 3267
5418 630
5419 1186
5429 2241
5423 877
5451 2660
5439 558
5442 154
5456 1186
5464 630
5506 2374
5461 555
5463 154
5472 630
5518 2767
5489 1186
5491 2660
60136 35142
138769 65939
5532 2660
5545 34
5589 1186
5591 2453
5598 2131
5604 1396
5616 1064
5605 1186
5606 1396
5635 630
5643 154
5667 180
5670 877
18124 1876
100934 33466
147632 47448
5745 1822
6185 3594
5790 260
5800 34
5810 630
5775 2660
5779 1186
5782 877
5804 3417
5829 2293
9077 1822
5837 1064
5844 2374
5861 180
5870 877
5888 2660
5889 2660
5890 2660
5904 630
5905 34
5968 877
55777 1268
5990 180
5991 2660
5992 2756
5997 3459
5999 555
6032 3409
6041 1186
6036 877
6043 1639
6053 2660
6061 877
6062 3548
6064 3551
6109 1396
6110 3106
6113 630
6116 1822
6426 3684
7484 3684
7500 1396
7541 3684
6118 2142
6127 507
6144 34
6126 6393
6184 3594
6147 3583
16055 7882
116842 77365
125402 83982
156899 111872
6221 3417
6753 877
6163 1396
6166 3594
6219 3528
6233 877
6355 180
6202 1186
6216 876
6260 3585
6263 418
6264 1268
6273 51
6254 2241
6282 507
6298 2241
6299 34
6421 2374
6313 876
6334 877
7683 2407
6328 11587
6346 34
6369 2131
6380 154
6388 1396
52518 30006
6384 3659
6396 34
6397 1469
6389 34
7881 630
6398 180
6399 1396
6418 3690
6425 34
6469 630
6516 1064
6475 508
6478 630
6506 630
6533 1561
6509 1396
6511 2660
6515 630
6517 2374
6528 180
6542 877
6541 3459
6545 1396
6578 2660
6579 630
6610 877
6646 2092
6651 708
6652 8215
6680 3815
6699 4939
6719 1268
6692 2374
19143 9365
6702 2374
6706 426
6703 630
6704 418
6705 2374
6714 1290
6715 877
6716 2374
6717 630
6721 1357
6722 2663
6791 51
13717 4839
15130 6236
6732 3640
6733 708
6738 1290
6739 630
6794 116
6819 1469
6835 2374
6849 630
24669 12800
6841 2241
6842 2682
6870 180
6873 877
6884 555
6935 51
6886 2374
6888 1268
6890 630
6902 3690
6941 2660
6915 2131
6916 82
6973 1573
6978 2374
6965 180
6966 877
7097 911
6982 2374
6990 136
6997 2241
66383 34069
9992 426
15901 708
7037 2399
7041 877
7071 2399
7043 3106
7054 976
7040 2374
7046 2682
7048 260
7049 630
7045 4008
9209 2689
7062 2374
7063 418
7079 3106
7082 2399
7081 555
7085 1396
7089 1396
7090 2374
7099 4008
7138 63
7094 2374
7098 4008
7115 426
7150 1822
7161 877
65123 38400
7157 4065
7158 1357
7206 4008
7231 1357
7467 3859
20766 1192
7269 3690
7272 2374
7844 1192
7240 4105
7241 630
7250 630
18271 2294
7304 2374
7306 630
7340 630
7371 4154
7353 2374
7356 4134
7372 3690
7362 708
7366 2682
7392 1822
7394 1396
7434 418
7436 2374
7469 1561
7532 34
7505 4008
7510 2374
7518 630
7554 1192
7555 4103
7576 2660
7587 4259
7612 2374
7623 3748
7630 63
7607 2399
7627 4293
40296 22707
7624 3106
7628 2453
7649 34
144671 100801
7653 2399
7731 4315
7661 4314
7664 2374
7670 1561
7671 4331
7676 34
7692 630
7693 3690
7743 3351
7744 708
29473 15715
135879 68606
7896 4325
7954 63
7971 154
7991 1396
7769 4396
7776 2374
7842 426
8066 4395
7755 1863
7756 7061
7774 1396
7778 630
7783 1326
8203 4180
8223 4403
7908 2374
7910 4008
7934 4103
7925 4468
7929 976
7930 877
7932 4103
7933 2374
7965 630
51789 25995
7984 1945
7986 4008
8014 4517
7989 180
8085 4512
7996 81
7997 2374
8026 877
8142 4512
8114 1561
8131 4468
89524 56811
9460 5219
33925 3609
8149 1396
30134 16057
8120 2399
8122 877
8121 1396
8189 3684
8352 3594
55326 1111
8130 4468
14326 4571
8188 1396
8192 1767
8199 154
8200 569
8356 630
8366 2374
8375 2374
8377 34
8394 34
30400 16189
8457 1396
8458 174
8591 630
8652 2092
8494 630
109434 56431
115779 76537
8497 2703
8498 2241
8500 708
8506 993
8508 2374
8512 3761
8518 2241
8523 630
8515 3761
8566 976
8536 630
8552 34
8583 6393
8622 82
8600 2880
8607 34
8619 2241
8620 4806
8626 2374
8628 708
8643 3690
8681 4659
24946 3511
8704 34
44050 24700
8710 630
8711 507
8722 34
8725 4864
8735 664
8737 3761
8748 3106
8751 1561
8769 3847
8753 2374
10878 1514
8772 1396
8773 4325
8775 4103
8788 630
8796 247
8868 3594
8836 3461
8875 4438
8892 877
69621 42104
8886 3690
8888 1945
8919 247
8920 4116
8922 507
8925 1754
8942 2374
8944 3690
8979 877
9217 5121
8996 3847
9001 1064
9014 2453
9025 630
9065 1064
9016 322
9023 507
9056 63
9060 3941
9115 1945
9146 1192
9125 4103
9129 1192
9144 1822
9157 154
9203 630
9204 3168
9200 1822
9431 5208
9253 4846
17673 7274
29079 15533
63045 37007
9266 1357
9269 3847
9292 1192
14998 708
9295 557
9296 1822
9303 1945
9304 708
9309 877
24468 9540
30480 2479
49800 28198
9354 1822
9432 5208
9359 5185
9360 4843
9361 4957
33569 4839
9407 5203
9408 5199
9442 120
9446 1396
9497 3690
9499 5072
9525 180
9537 877
10015 3243
20519 322
9639 3690
9651 1192
9663 630
9668 877
22019 993
9691 877
9705 1348
9770 877
49410 27924
9760 3684
9794 993
18110 3403
9764 630
9774 5355
9796 1192
9773 2092
10027 4839
9799 3475
9800 3684
9830 807
9831 4792
15048 3690
9856 464
9868 1514
9881 877
24670 7183
9954 630
9955 5435
9965 877
9977 34
10006 31066
10009 1192
10035 69133
10037 78
10038 5469
10040 5475
10042 1584
10058 5486
10060 4613
10114 4839
10134 1192
10147 630
10162 708
10170 4456
10180 4839
10202 1561
10206 3690
10221 1514
10231 877
10210 1396
10243 3594
78826 49019
10219 3690
10220 1192
10280 1945
10281 2452
10283 2092
10284 5558
10287 1514
10289 630
10294 418
10297 2584
10300 736
10302 2660
10303 2445
10314 5562
10319 5573
10333 5621
23413 11238
23424 11240
77549 48095
10387 2374
10389 630
10398 1945
10420 192
10416 154
10422 555
10475 5726
10476 1822
10477 3735
10488 3594
10495 5735
10503 3710
10498 5737
10549 877
10538 3690
10539 1945
10541 2374
10583 4134
10588 5778
10589 5717
10591 1186
10656 3690
10661 708
10669 4839
14936 6671
10660 2232
10663 877
10891 3098
10695 3690
10696 3684
10706 3847
10717 630
10718 3690
10764 708
10730 630
10731 1064
10754 5845
10796 630
10834 1561
10819 8221
10820 630
132381 41302
10890 3423
10897 877
10874 22447
10887 3690
10902 5378
11030 5951
10967 877
10969 180
10955 507
10957 2374
10958 630
18454 3690
10978 2660
10979 507
10992 1945
11494 5754
10993 5189
11003 5951
11007 5868
11008 5951
11042 3858
124376 3993
11033 1822
28151 15035
11052 877
11054 180
11055 877
17337 8527
11105 630
11188 1186
11125 630
12194 2092
11234 2028
16837 8337
29758 10776
11293 807
11294 5986
11346 5189
133453 30859
11460 3858
25345 13119
154362 109813
11406 2660
11408 3461
11434 708
11435 1945
11445 5189
11449 630
11476 3769
11477 5555
93648 32815
11528 5189
11529 708
11987 5754
35363 10776
11532 5555
11949 3769
11632 630
11640 3847
11639 630
11751 6206
11659 630
11663 321
11667 1945
11668 1186
11669 630
11671 630
11673 2145
11675 1357
11698 33992
11699 630
11700 3735
11702 630
11703 5512
11729 1945
11732 5145
11761 3847
11764 3106
12175 6235
37646 21809
11895 3710
11916 3684
163668 53304
11914 1514
12013 2092
11915 180
11917 877
11929 1945
11930 361
11958 5189
11959 3654
11963 6334
11964 6235
12026 1990
12027 4195
12062 101095
119770 79544
12088 6037
13091 4224
12083 630
12085 3761
12151 5031
12159 3684
12186 630
12188 200
12254 3423
12265 877
12305 3347
12312 2092
12275 3423
12278 6435
12405 2663
12461 630
12380 5116
12382 5555
12398 6515
12423 569
13610 6481
12443 3690
76464 47366
133939 90973
133943 89503
12454 26863
12456 2241
12493 1514
12495 1186
12513 1945
12514 1186
12566 6173
12568 1186
12570 877
31743 16938
192218 139739
12582 5935
12587 4839
12625 3690
15439 6236
12591 4408
12604 3684
12603 1186
62041 36366
12612 877
12613 4846
56673 32791
12620 2092
12670 6612
12653 1945
12680 3931
12656 1186
12658 3651
12659 1514
12701 4839
12714 2374
12718 3690
12719 3690
12744 630
12745 3690
12805 1186
12770 2241
12771 6909
12772 1064
12773 6597
12780 3690
12781 630
12782 708
12813 1186
12815 6597
12973 708
12811 6597
12868 708
12956 2374
12957 1186
12914 552
12915 708
12943 1945
12945 1186
12946 1192
12947 6236
20536 3690
50443 3690
12978 1186
13036 877
12993 630
23831 1111
13076 515
13077 847
13081 5555
13090 4846
13119 877
13101 3858
13108 3423
13114 171
13115 2092
13116 5189
13117 1945
13286 5622
51169 16029
61644 34746
13120 1186
13121 1514
13168 5189
13184 6597
13191 1945
183156 1192
13247 708
13249 2374
13351 6393
13360 154
13456 630
13459 2374
13477 154
44412 14706
13472 630
13517 1357
13519 7788
13520 680
13775 426
129019 11635
13524 708
23709 11151
13601 418
13608 847
13652 6897
13653 3798
13655 630
13669 3690
13670 1945
13671 260
13700 708
159923 114104
13705 2232
13706 180
13711 3347
41483 877
180382 130034
13737 630
13961 3046
34345 18927
107407 1111
13751 322
13829 5208
106441 35479
14107 5531
14140 3640
13758 630
13763 6597
13764 3690
13814 1469
13841 3761
13843 3847
13853 5868
13864 2193
13868 1698
13862 1945
13863 630
13887 877
13888 6687
13892 3996
13915 136
13912 5189
13914 2374
13938 7005
14062 7042
14250 7131
14049 3996
14050 708
14051 4097
14159 877
14165 180
14175 1423
14211 6393
15161 6564
14287 877
15934 3396
125893 1268
16328 8015
17582 8641
14375 7005
14380 7157
14399 4839
14400 2232
14408 993
14885 4364
14412 154
14419 877
14420 610
14421 7005
14492 1945
14509 3640
14512 1945
14513 154
14537 630
14546 3106
14548 2092
14558 1396
14581 877
14586 3858
14571 2660
14574 1396
14601 1470
14609 2092
14671 1830
14672 361
129926 10312
14731 1186
14734 3640
14837 2092
14860 4839
14741 1822
188809 132220
14759 1822
14763 2682
14765 876
14853 1186
14854 708
14776 3858
14850 877
14808 6597
14812 3690
14792 2241
14798 4325
14870 3690
14871 1514
14873 1186
14876 877
174858 48375
14994 3690
14995 2241
14999 2241
15022 708
15064 1186
15065 2241
15111 708
15159 6597
15187 2241
15192 1469
15196 3106
15202 6236
15211 3106
15233 2092
15239 34
15248 6597
15252 3690
15251 7541
15254 4203
15279 3690
73354 45139
15313 2573
15314 2621
15327 555
15328 4826
25839 13292
15365 877
133946 81333
15343 67685
15344 2241
15368 426
90484 57559
15375 877
15406 4203
15390 2241
15391 7269
15392 2092
15442 3858
15405 3106
15416 7024
15465 5555
15466 3858
15508 2092
15554 630
15534 3423
107119 70693
15532 3423
15533 993
15542 877
15574 630
15575 993
15578 3423
15584 2573
15585 2092
15601 877
15629 630
15633 1822
15634 630
15688 1469
15691 426
15722 7788
84653 53657
15731 5555
15733 1396
15739 3690
55313 30859
15848 2682
15872 1469
15861 2092
15866 3640
15865 1561
15867 1469
15880 2241
15881 1186
15907 877
15971 7846
15990 6435
15997 5555
15998 1396
16010 3106
16841 8335
16128 5645
61474 25998
16394 6037
16415 6361
16210 993
16217 50
30038 1120
111681 73196
16242 4826
16765 8304
16373 7902
16376 180
16403 630
16410 8070
16441 877
16434 5555
19063 154
16443 6823
16445 708
16466 2047
36948 21435
16487 555
16488 2092
16494 2241
50543 22893
16555 2092
16559 630
16678 1357
83005 51444
16593 1096
16600 1469
16613 1822
16836 7343
16618 1945
16621 4826
16623 4839
16629 1754
16630 7279
16634 8213
16638 1514
16644 8224
16707 6173
16728 877
16734 4826
16766 1561
16768 6823
16769 1186
16815 2092
16822 877
16853 2092
16881 630
16911 877
42932 24122
127813 85955
16886 2092
17637 8493
16897 1561
16906 2374
16957 2897
16958 2241
16972 1186
16973 877
16981 8397
16996 1822
17478 3684
17017 1186
17019 1192
17032 8418
17036 708
17146 4659
118001 34652
17070 993
17071 2374
17094 630
17098 877
17118 8044
17105 2241
17108 8449
17115 1186
17205 2718
17199 3106
17268 4203
45381 25441
17219 4103
17282 2645
17308 8519
17424 8502
17269 993
27096 10361
17278 1186
17298 61
17562 4102
17697 4839
17340 2241
17343 1186
17369 877
28646 15321
53172 30417
86536 55293
123847 24553
157671 112485
17399 5555
17400 2047
17434 877
18134 8852
18335 1876
103814 68346
17441 8578
17447 736
17451 154
17532 877
17557 3858
17534 555
72807 44705
17617 953
17620 847
17658 8044
17659 3640
17699 8044
248930 68127
17714 2718
17715 1945
17763 180
17764 993
17791 7119
17792 322
17798 8044
17810 3761
55893 2703
17854 1186
17855 555
17895 4839
24115 8332
17894 630
31262 16642
17903 3640
17915 1186
17922 1186
18087 2718
17927 708
17992 877
18027 3761
18028 2718
18047 630
18049 1186
18062 1186
54334 31215
188123 45616
18210 2374
46082 25837
49150 8283
18216 2103
18218 2718
75198 23886
18242 993
18245 1186
22295 1396
22500 3684
18441 2374
24102 11526
36308 11240
46094 23721
18373 2241
18375 1945
18401 1186
18406 8278
18412 321
18438 877
18544 9088
18464 708
18467 8771
18537 9088
18553 877
18594 6823
18598 1186
18611 392
18616 708
18730 3690
18738 708
18746 1192
18694 3684
18695 7119
44472 10271
18673 1186
18674 8278
18676 1945
18683 6563
18684 993
18702 2241
18703 321
18704 1186
18734 8278
18896 7119
18972 3684
18878 708
18893 1186
18889 2103
18892 1186
18935 9261
18941 1186
18944 2241
18945 1186
19079 2374
19080 2241
19112 3423
19113 4846
19132 2241
19249 8771
19137 3396
19139 877
19161 1064
19162 630
19163 3690
19170 4659
19181 877
19168 1822
19302 371
65162 1564
19256 993
19263 708
19257 8771
19286 2092
19301 6219
19374 3684
172684 124084
19346 9434
19349 993
19353 1285
19359 805
19365 1186
19366 4839
19458 2241
100683 56173
19497 9345
19522 6441
19526 1186
60861 25998
19545 2241
19563 2718
19565 2241
19566 2718
19567 321
19641 6219
24279 6675
19673 50
19676 877
19720 2241
19722 1945
44562 24985
19750 9377
19775 9598
189348 100315
19871 1186
84730 33568
116498 77103
19898 820
19957 1342
19925 630
19931 2374
20051 3106
20094 7203
19941 2241
36342 21086
63375 25998
19961 2718
19963 2241
20069 9712
101813 66695
20071 820
20072 7005
20234 9558
20280 8215
20318 8215
20118 6687
20334 154
20146 6219
211439 154752
21619 6037
24904 180
140477 97224
21829 1174
21842 6503
20290 1186
20294 2374
20336 9823
20337 9824
20338 9846
20340 9932
20344 9825
20346 9908
20348 321
20354 9842
20357 9843
20367 9866
20368 9865
20373 5371
20379 9914
54467 1268
20358 321
98005 22676
20412 5555
20415 953
20417 2241
20418 2374
20492 708
20494 2374
20456 2718
20457 5645
20459 708
20500 9261
20501 2374
20502 1945
20568 5555
20578 180
99290 64489
132936 90197
20584 361
20585 321
20621 708
20632 1186
20633 244
20707 2833
21599 2718
29534 10059
122318 81550
132867 42017
20735 2445
20741 2241
203639 143235
20761 1111
20763 3761
28596 3684
31022 9003
31518 16798
20845 4659
20851 877
20869 6318
20889 2718
37533 21728
20960 7119
20961 7788
20975 1186
97423 6548
20981 1822
21496 3684
21027 3735
21029 6393
21507 3684
21032 2718
21033 10197
21066 6219
21131 3684
21069 4839
21139 322
21140 9356
35264 154
21090 877
21351 1876
21095 877
29694 15819
68944 41581
21153 321
21154 4843
31416 16732
36664 21272
21188 180
28495 13212
21187 1186
21417 2663
21192 2241
21193 1186
21194 2131
21265 3690
102812 67515
21228 993
21231 1186
21303 1285
243782 39384
21320 10330
21321 10082
21324 1186
21345 1186
21508 10414
21415 2241
72285 44336
21442 3684
176612 36066
21437 1186
21438 9824
121087 3690
121091 39384
21444 50
21581 877
21484 50
21493 993
21486 180
21489 1396
21557 2103
21560 2718
21561 6173
21573 154
21584 3640
21592 7119
21596 10442
119859 79632
21651 5555
21652 9003
21726 708
21743 6965
21751 5555
21801 993
21783 1186
207878 152144
21859 1186
103459 68051
128128 85642
21900 6318
21921 2718
64718 38099
21901 8044
21907 5555
21934 34
21989 9415
21927 5555
22024 2047
21963 2718
21964 1186
21966 1186
21982 6236
22003 807
22011 34
22033 2131
22034 34
22078 5555
22083 10650
22154 993
22156 3690
22157 630
22190 10650
22198 2232
22252 4490
22275 34
22368 695
22420 3684
22428 1064
211578 2639
22386 10829
22395 61
22396 2193
22468 34
22473 820
22477 10650
22484 2718
22513 1396
22571 7788
22639 10650
22640 1186
22698 10927
22699 877
22732 2264
22792 2718
22776 2193
22777 4103
22780 4490
22784 2718
22786 1698
22800 1822
22801 7788
22805 2241
22810 10650
22812 10650
22830 2718
22834 546
22848 8823
22915 1396
22948 3684
22965 555
22968 2357
23002 993
23007 5246
22993 9617
22994 993
23037 1822
23046 5365
23043 10768
23044 1186
23054 8412
23055 4490
23061 6318
23063 708
23074 10251
23118 10090
23125 4103
23175 911
23500 11240
23130 10650
23131 4103
23132 322
23136 3858
23139 993
23153 555
23209 2047
23166 4103
23167 911
23193 4103
23198 11151
23204 10927
23205 993
23263 11151
197412 10522
23268 10090
23269 6037
49533 28009
62638 20333
127529 85706
190852 138509
23282 1764
23284 555
23288 7203
23294 2131
23306 1186
29204 15587
23337 26604
25752 11360
23356 10064
23357 3684
23373 4490
23374 1186
23421 1186
109271 72290
23460 10832
62599 30859
23466 8215
23470 11151
23510 6823
23471 8215
23598 1192
23605 4839
23522 3684
23531 4839
23511 11151
23716 1192
23546 2232
23550 322
23548 630
23549 807
23573 2193
23597 418
57281 33226
57317 24327
77014 47722
23641 3684
23702 993
23706 2241
23707 1514
135852 92554
23719 555
23725 154
23748 10650
23760 877
129350 84013
23774 10832
23811 6318
23791 2193
23792 9803
23790 10650
23812 9164
23816 1561
23804 8044
23875 7788
23884 11240
23893 7119
23933 3684
99292 64493
23909 3296
23910 7482
23989 11178
24043 10414
98233 63684
24022 8332
156230 111311
24094 630
24131 2718
24171 10144
24176 1186
24286 558
24389 2264
24343 154
24835 5501
24392 8044
24396 7788
24419 993
24501 1192
24497 1186
134183 30859
24508 10650
24513 2718
24850 6219
169379 2639
24541 877
62997 36983
24584 10650
24585 11651
24618 1186
24655 1192
24668 11537
24713 1607
24726 4103
24719 1192
24720 1186
24755 11651
24763 1064
24759 1186
24760 200
24775 13032
79974 49126
24841 4103
24848 1192
24884 3690
24889 12878
144814 72776
24895 6687
24899 2131
24939 558
24940 12938
24993 247
24995 708
25060 12878
25115 10414
25104 1288
25131 507
59364 10562
25125 426
25504 5645
25186 11240
25247 2453
25189 5555
25598 13241
25241 7342
25396 3690
47411 26618
25294 13097
25316 3684
25308 3690
25375 13131
25306 5555
25307 11525
25386 11255
25393 1186
25426 11063
25427 8834
25428 10414
25462 3640
25453 6219
27048 13096
27050 14504
27126 321
25480 13185
29823 15876
25520 6219
27065 5208
25532 12792
168999 121096
25631 8514
25633 13268
25711 200
25644 2241
28799 15375
25668 807
77472 45849
25687 6219
25689 2718
25732 2241
25740 426
25813 1186
25818 9003
27047 555
27187 154
27105 1186
27107 4839
27132 14562
27156 7788
27159 4839
27172 877
27257 1186
54164 25998
27269 1396
27270 361
27331 13101
27393 2718
27341 877
27427 1876
60920 35657
91354 1876
27389 555
27390 10361
27391 154
27451 708
27452 244
27629 34
27470 708
27491 1186
27479 1822
27505 7788
27565 13073
27572 3684
27859 14867
28918 1379
27660 2808
27669 9003
27680 9332
27726 2808
27791 1396
28300 15091
110789 72635
27733 6219
27745 7788
72139 44223
150670 106724
27769 11588
27779 4839
27880 11588
93699 60187
33616 11240
33622 3684
27951 7788
27952 14907
27953 630
27960 1186
42936 877
43057 24164
28189 14907
29379 6173
64417 37889
83138 52543
229407 6171
28215 14907
28217 1561
51255 29178
28327 12707
28328 4826
28361 15163
28399 3651
28470 4008
28372 630
98709 1896
98840 64142
28407 10064
28408 877
28432 6219
28436 14907
28461 12818
132848 90146
28513 2374
28527 3106
28550 14907
28940 13073
28586 13073
28587 11383
28733 1186
28734 14907
28764 15375
28760 7788
30376 15718
28805 630
78532 48785
28927 1822
137806 94025
29057 14907
29058 708
29065 708
29069 5645
29118 11588
29122 993
29125 1186
29210 11651
29275 3548
29296 14907
29299 4008
29295 14907
29331 10832
29313 15427
29314 14907
29329 12818
29330 4008
29356 8360
29357 11588
29368 2131
29374 1830
29404 1186
29458 14988
29417 1192
29418 5103
29472 507
30006 10832
29492 6219
29564 3684
29526 1186
29600 3690
51522 29401
29538 2131
29547 13073
29545 1186
29549 664
29556 7611
142377 93384
29553 14907
29555 8514
29598 14907
29604 4008
29614 15781
160390 4790
29638 877
31589 1876
29669 1822
29670 14857
29713 2142
29719 1192
29725 10414
29726 507
29728 8360
29773 6219
165867 118736
29858 1192
29861 1192
29802 8514
29803 15698
29830 4008
48296 1186
72800 26006
179587 128145
29904 2374
29938 14533
29929 180
29942 877
29964 6219
68349 41145
29974 877
29983 180
29987 2241
29991 993
30048 2808
30052 7005
30063 1822
108959 72070
30093 3690
30097 708
30122 2232
30123 2131
30125 9003
30214 2374
30215 1192
30320 1192
30324 1186
30377 4844
30412 708
30384 1186
30598 16181
30679 6819
30919 3698
30607 877
30641 11651
30636 7788
65913 38839
135902 92585
30627 708
30791 16386
30639 7788
58449 33955
30640 5555
45260 63
30693 1186
30694 12818
30698 1186
30699 1192
30700 16341
30737 2241
30740 4844
30793 1064
31096 3684
30790 3690
30801 1192
30837 2374
30840 1186
30874 931
30947 1192
30934 1186
30955 15011
31019 16497
31024 16496
31047 2232
31052 993
31092 6977
31098 2131
31105 2131
31109 3481
226051 169074
31359 3460
72801 26006
31369 171
31372 2092
31371 7611
31373 2718
31379 1514
31386 1561
31384 16721
196133 143145
31461 7611
31464 3690
31512 3640
31513 911
31517 1064
31524 3684
31565 16115
31580 993
31595 418
31601 876
31716 877
35190 10721
31721 1514
31722 1186
31766 16950
31791 877
36868 13362
31778 2808
31779 5555
31806 321
31807 171
31810 9210
31850 1186
31851 5555
31856 15518
33060 4839
135692 92406
31824 877
91221 58071
32907 12818
32908 1186
32921 6294
32941 5125
32984 7119
32988 3684
33022 3690
33023 993
33076 3690
33078 426
33089 807
33090 3690
33198 993
33220 3684
33291 7119
33292 18266
33303 4490
33305 1186
33322 3684
33339 6219
33336 993
33341 877
33358 7611
33366 154
33451 2241
33452 2374
33558 18429
33584 3684
33562 4490
33591 3684
33565 2241
33567 7611
33568 6173
33597 708
33604 1192
33627 3684
33707 1064
33694 6441
34696 19152
33727 3690
33731 1192
33702 22162
177586 127725
33704 4903
33705 807
78858 24862
89957 57177
33739 7024
33740 11240
33743 1514
33744 4839
33747 5555
33767 993
33791 3568
33900 11240
34002 3684
33958 3020
33963 3710
108784 3690
33959 18695
33960 6219
74578 46027
187898 92616
34052 3690
217503 32281
34082 1186
59091 34430
34134 418
80680 50676
34142 82
34218 18810
34154 993
34155 1186
34178 15427
34192 1186
34317 3690
34327 1514
34357 15011
34361 18936
34409 18767
34359 2814
34372 18943
34404 18767
34383 993
34384 9003
34485 418
34486 5645
34537 877
34645 11651
34840 1542
34861 2264
34634 1186
34635 13101
34731 3690
34733 708
34755 5555
34761 8332
34771 418
34786 34
34774 877
61743 34681
34948 3651
34950 6974
34953 6173
176486 157
34958 2374
34960 708
34978 2374
146953 103630
34986 15011
34987 1192
35016 708
35028 2241
35083 20364
35104 877
81004 27049
35178 1514
35180 2241
35185 1186
35187 7611
35242 10650
35319 2092
35359 2718
35227 418
188318 136496
35272 630
35273 3912
35281 1561
35286 12818
35295 11240
35313 1186
189205 59981
35317 7119
84144 7788
147264 15287
35326 2808
35337 3684
35328 18625
35331 19117
35336 3684
35389 3684
35398 1396
35466 2718
41101 34
35460 6219
35464 9003
35470 6965
35482 2241
35486 1186
35510 6393
35518 3684
35503 1096
35504 783
37604 6816
37607 8783
35531 12671
35615 1186
35571 11240
35624 3684
35580 708
35586 20565
35597 1186
35598 20225
35636 1192
35626 3684
97380 53681
35795 321
35797 11240
35813 12818
35823 8332
35826 877
122340 81574
35849 11651
35854 877
35895 1186
35904 708
35912 5555
35914 2232
35933 2814
35934 1186
36059 20877
36060 3020
36079 1945
36080 61
36089 1186
36116 1514
88806 46305
36174 3690
61685 6783
36247 1186
36253 2103
36307 1192
36347 877
130435 12926
36501 5125
43741 24549
36525 1514
36538 34
36578 8783
68112 40924
78629 10832
209688 153447
36542 6393
36614 3684
36606 1186
36624 2374
36725 10832
36773 21338
36807 4839
36613 4826
89893 138561
36816 552
36817 2241
36829 81161
118105 3687
36872 21390
36874 3684
36877 1064
36878 21358
36882 21137
74579 46021
36918 1822
36922 1064
36947 1945
36952 6965
36957 3684
36960 993
37068 3684
156684 44271
218969 154216
37017 2241
37021 1186
37095 11240
138270 94401
185285 134138
226481 29183
37040 2374
37049 708
37059 7611
37062 1186
37152 34
37183 21137
37175 13101
37432 2374
37254 708
37257 1469
37267 6974
37285 877
37300 11651
37356 2718
37357 1186
37365 1186
137283 93658
37380 2241
37382 8783
37431 3684
37455 11240
36996 708
37493 21452
37558 2598
37569 21083
37601 20877
37661 10776
37610 10832
37615 1186
37616 1945
37657 4653
37628 708
37630 3996
38712 321
38715 1186
38725 1096
38726 8783
38764 1064
38766 9003
38799 10832
38804 9865
38810 7933
38805 877
38822 10079
38811 418
39108 2131
38995 708
38997 1782
39065 1064
39080 3640
39513 15833
68777 2103
39139 10832
39145 1186
39243 3690
39320 7863
208069 27899
39346 21777
39347 22206
190338 39278
39423 12818
39439 2718
64418 37889
114628 23221
39573 8783
98288 63738
39599 3684
40288 22703
39597 10832
39607 931
39624 18861
39632 21390
39696 6219
39710 7788
39998 267
39691 8783
39698 34
39699 1186
159886 75736
39705 15077
39708 1186
39819 10361
39821 61
39836 10361
39837 6687
39838 22403
39839 18697
39842 6393
39858 3640
39860 21083
40234 15583
40261 154
42652 1186
42653 21137
39848 8783
39849 1186
39937 1064
39951 22530
39953 5740
39969 2374
39972 34
40051 1822
40054 15778
57114 33090
127668 45509
40147 1186
40194 2718
40223 22681
40224 22680
40275 8783
40278 1186
40281 8791
40283 22701
40374 24764
40375 22778
40614 6219
63935 3684
40482 1186
150546 9119
162271 115924
40491 1064
40517 3684
40494 11240
40495 15011
40577 418
68079 4490
40574 11240
40598 18861
40607 1759
40693 1186
40585 630
40858 15410
40672 2808
146234 103070
219988 109576
40674 13073
40678 20877
40704 1186
40706 21777
40753 12818
40763 15077
195601 105863
40831 8215
41867 23076
40836 2241
40837 7611
40986 23051
65807 38125
40991 3481
50029 1192
41068 1822
41082 21083
41220 708
41222 23076
41227 21372
41225 5200
41259 8215
41247 21777
41286 21083
41345 9950
41346 8215
41536 22673
41562 877
41478 22673
41522 708
41611 14774
41682 9616
41584 1342
41654 21731
41609 8783
41635 2131
41715 247
41719 6974
41762 630
41758 630
41776 1514
42650 10776
41767 630
41769 20877
41856 34
41860 8783
41956 5555
41977 7788
41976 15427
41997 1186
42187 993
42189 1186
42220 410
42221 22673
43128 6219
43142 3684
42542 11651
42551 23159
42543 1186
42548 15410
42554 1295
42555 18861
42567 15143
42568 61
42566 1295
42576 1186
42724 1186
42737 1192
42838 1186
42850 1192
58746 34177
42890 1295
42898 2241
43018 2718
43020 154
43101 171
43103 2142
43256 8783
43261 820
43353 21924
43356 154
43364 20225
43455 708
43486 2374
43460 1262
43463 24404
43464 2718
43491 119
43492 260
43581 15077
43582 8783
43635 11530
43636 2374
43773 2241
43774 3174
43806 18400
44002 3690
44117 8270
43804 8783
43808 1514
43817 877
93551 9405
43824 8791
43831 993
43833 4839
43867 1186
44152 24246
43911 8783
43918 1186
43947 7788
151093 107033
44085 2542
44098 7788
152011 81559
44190 6219
44273 7788
44519 2092
44532 1514
44510 1295
44591 3071
44537 24969
44538 1186
44590 2718
44605 34
44663 6219
145245 36438
44766 1186
112353 30859
44788 1186
44789 9003
44791 993
44822 6965
44786 1842
44800 1342
44797 1193
44798 20225
44912 1186
44913 10832
44958 1064
44962 993
44993 1186
44994 2241
45106 21684
113099 74250
45096 708
45097 8783
45152 2241
66068 4124
138148 72529
45180 8834
45189 6974
45218 2660
45298 6974
45299 361
45300 61
45307 993
45319 3690
45462 15077
45468 3690
45581 1945
45582 20535
45590 27041
45591 6393
45656 25608
45669 1111
45667 877
53239 25615
45709 4846
45710 630
45713 630
45715 9486
45849 2374
45850 708
45853 7157
45945 7119
46306 7788
45879 708
81140 34999
121438 78230
45927 1186
45928 25098
45955 2718
55037 1192
46010 2241
46012 20225
46013 877
46040 11651
46099 7157
46110 34
46107 8783
46119 1295
46139 6219
78027 19046
210599 154112
46147 25871
46148 16074
46155 877
46277 2374
46284 25674
46292 4490
46302 8783
46376 21137
46378 20225
46409 3684
46457 82
46413 2142
46415 993
46477 3684
46516 10769
46555 3690
46590 6974
46612 2718
46678 1186
46679 6974
46872 9003
185888 133160
46944 8783
46946 7157
46959 8783
46961 1192
46993 25917
46981 2241
46982 418
47026 8783
47036 3690
57358 25995
151151 107078
47048 4846
74498 45954
47052 6974
47079 8783
47061 272
47066 20225
196773 65964
47106 24131
47107 6219
47133 993
47151 1192
47187 2241
47188 20225
47192 2718
47238 708
47242 8783
47270 61
47271 8783
47273 20225
47284 26533
47324 2561
47333 1192
47339 6819
47365 1192
49227 27816
78745 7118
86077 52054
47352 26131
47362 3098
47358 4490
47366 8783
47364 1186
47382 11537
47494 2663
47725 1514
47415 1186
47437 34
47434 2241
47435 34
81935 51618
47446 12818
47455 2718
47546 2291
47577 8783
47846 11651
72894 44779
80205 9622
47862 22471
47863 9003
48012 8783
48015 6974
48068 1186
48069 2103
48085 877
48104 11651
48112 3690
48117 61
48189 877
73760 45437
48367 8783
48572 1192
48416 8783
123551 30859
48412 1186
48414 26626
48417 2092
48431 3640
91809 41022
133356 90504
48469 708
48472 1192
48487 20225
48489 61
48527 26626
48532 1186
48540 1186
48548 24131
107730 71119
108790 47327
157503 112344
48584 26764
48639 1192
48632 6219
48633 3684
48647 2131
48648 1186
48657 3690
48706 3690
48780 507
48734 26626
48736 1186
48765 8783
195530 2639
48875 993
48936 3690
48901 23076
59508 34637
48950 11240
52346 1111
48929 11240
48938 7119
48996 2397
217635 160746
49141 1186
49147 708
49386 3690
49453 26481
49401 26626
49404 1186
49775 154
49781 5555
49765 1186
49770 2718
49875 61
49876 10090
49949 708
49970 761
49985 2142
50010 8044
50032 18944
50044 61
50079 426
50081 8783
50130 2241
50131 8783
50239 25478
50242 11386
50367 8783
155819 4008
50445 27070
50448 18944
50653 23721
50657 1186
50668 28773
50673 28775
51014 23159
50709 6974
50710 28533
184640 1357
50728 877
50765 27070
50744 4511
50745 22315
50798 708
105605 6586
50829 13101
131306 10832
50839 8783
50854 1192
50868 10832
50869 28938
61989 36333
108563 71751
50952 6974
50954 1896
51156 2131
51157 7611
51217 8783
51218 7611
51221 7611
51222 2241
51341 1186
51419 3690
81489 20225
139186 1192
51443 993
171619 102781
212272 36809
51534 1186
51607 16399
51946 28620
51948 3690
51973 21919
51975 5555
52011 7157
52161 29692
52297 1192
52326 11537
52247 24393
52252 115
52255 1822
52316 4659
52386 1192
52328 10832
52539 3690
52362 1186
52370 3690
52497 29453
52499 877
52531 3684
71201 43529
52650 2837
53095 30371
53705 30790
166629 119302
52642 27058
54979 30273
52700 25995
52701 6974
52906 29459
118681 3684
52889 20299
52904 3684
52831 2241
52833 4008
52859 2374
52883 2718
52930 30255
77098 47784
52985 3684
52991 7119
53087 6974
53089 1186
53107 4008
124931 8783
53152 1186
53155 10832
53395 877
58207 30431
53463 4008
53487 2718
53668 21137
53733 18851
54002 1192
55254 8783
53816 2241
53817 4008
53827 10832
53941 21137
53996 21137
54003 4008
54060 1258
54063 2241
54154 28019
64620 2047
54262 9003
54264 993
54289 3684
57121 33099
117094 77539
54326 29808
142879 99275
54381 5717
55595 3690
54404 16469
54405 2142
54624 877
83230 52618
54905 1514
54907 1192
54944 2374
55039 1192
54956 2142
54957 28367
54966 22315
54991 653
55044 31714
89302 56613
133243 52107
55202 31844
55203 3690
55328 1186
55330 29098
55364 4946
55401 3684
55374 31950
55378 507
55385 361
55408 8783
55499 993
55501 29808
55551 28019
55563 28854
55569 31426
55575 21011
55579 2135
55602 31714
56034 7119
56035 3684
56067 2374
56082 2241
56098 3684
56104 7788
107834 7119
56143 32394
56159 3336
56199 1396
101904 8607
193213 140644
56443 1967
56727 3594
56492 3119
56796 1268
56497 877
56506 11651
137128 1876
56547 1186
56556 20225
56625 8783
121113 10562
174255 157
56806 7867
56828 32915
56846 7611
56912 11151
56877 8332
56878 32949
56962 993
56963 31401
56901 31426
190979 1030
56931 1186
56948 708
57059 1111
109230 72261
57422 16403
171575 123241
57446 33064
57453 10361
57724 7788
114310 75427
57788 33518
57809 3879
58246 7788
168752 107865
58292 877
58293 30647
58310 33863
58311 993
58332 7788
78670 48896
94242 60581
170921 122773
58363 61
58375 877
58456 7788
58466 3684
58910 33970
63259 3020
58889 8791
58890 1192
59016 18625
59712 34451
59021 20299
158003 19079
215563 159017
59064 29098
59065 2295
59132 507
59136 10832
59176 7788
59231 3684
59196 1186
59814 10414
59464 2006
59484 2718
59479 16768
59489 8783
59515 34681
59542 2232
59773 630
59793 30522
59787 30522
59792 33638
59808 1782
59842 4103
59885 34306
59947 7788
59973 7119
60121 8783
60127 35136
60130 8783
60142 6974
60300 35249
139189 1192
188538 73805
60180 8791
60181 708
60348 6965
60357 7119
60378 3684
60450 16399
62737 13162
60541 20299
116128 76811
60481 33041
60483 35264
60592 1192
60594 708
60655 26833
60661 22155
60795 3684
60796 34857
60875 993
60792 34
60800 9031
60866 1186
60867 877
61164 24131
61230 4408
61225 708
61229 1186
61249 33638
61254 26006
61295 35884
224470 27215
61551 7788
61552 3684
62005 36089
71165 42379
61637 877
61640 2703
62035 877
149844 105913
62052 34681
84077 53266
62131 34007
62476 6037
129743 8019
62159 2241
62162 1186
62166 36448
62300 36529
191736 139243
62210 22315
62219 36483
62220 708
62225 993
62502 993
62725 3684
62596 36675
62759 28646
62601 1822
62616 3684
62663 708
62728 36809
131437 74288
105933 69223
144876 29294
62903 34662
81699 51428
63295 37160
159525 113919
185030 71655
63154 6819
63160 1192
63141 37082
64097 26006
64099 4490
63260 7611
84039 53241
103326 67946
63514 36809
63535 3761
63554 2103
63587 8783
64010 26006
63643 1186
122125 6236
83782 53021
159899 2639
165813 118692
63677 8783
63679 1186
63685 2703
172734 81265
213127 157018
63828 5555
63841 877
63853 2703
64015 16768
64016 16403
64086 1186
112434 57444
64257 4782
64343 3336
64271 7788
64336 13023
64735 2103
64739 38111
64872 1192
69214 41787
84263 53385
65143 3659
65151 38111
65184 1192
65259 10832
65260 8783
65264 10832
65265 708
65354 290
108756 71896
65614 3353
66670 34007
67832 7119
65924 38371
65927 26626
66018 1186
66022 26409
66128 38111
66136 1192
66251 38857
66261 9031
66394 1822
66402 3684
66506 39476
84104 48178
66561 37954
66562 38772
66565 7788
66629 3684
66617 38371
66651 8783
66753 33638
66755 6965
66761 2103
67833 7788
159499 113903
67853 34007
84740 53736
67878 38456
68114 40889
67987 38857
67988 2241
67992 40838
108760 30859
68085 34857
68087 3684
68092 1186
132709 76787
68151 34007
68193 38309
68265 34007
68281 171
68267 10361
74313 1504
165923 2639
68642 39550
68655 38111
68658 61
68701 23721
68703 2703
68732 1050
68832 30044
149561 105702
68995 37765
135661 92382
69047 14504
69049 38371
69083 2103
69090 4103
69359 1186
69378 2275
69364 26626
69389 2334
69397 8215
69403 21137
69544 1896
69468 25146
69470 8783
69658 3684
146086 102955
200240 1822
69664 877
87587 56052
71405 34007
71408 39278
71407 33354
71440 43719
155686 28611
71614 22673
71785 43823
71612 507
71633 42379
71634 686
71701 34
71703 426
71728 7157
71854 877
71860 43504
71984 877
72526 11651
72084 41723
72101 6819
95924 44216
191033 44216
72338 1192
197530 113908
72380 11397
72381 993
72494 36809
72556 44522
72642 993
72656 6393
72763 30545
72766 877
72775 30545
72919 6037
120693 80290
226944 81130
72819 40918
72837 11537
126049 50697
72866 10832
72873 44760
72865 25146
72871 44760
72975 10832
73297 39138
73228 44838
73236 6687
73637 61
73698 44838
73682 8783
73689 1186
73717 1186
73721 36809
73835 2241
73919 1186
73862 708
166808 119425
73923 1186
73924 2241
74285 1822
74296 45788
74298 3684
74307 7788
74347 3684
74344 2241
74348 1186
74467 34007
74539 61
74464 2241
74466 2131
74576 1111
194850 141925
74634 34007
74635 30545
100681 65784
74682 20225
74685 8783
74763 11251
74766 2047
74775 44216
74811 3684
74887 1822
74892 31936
75150 877
75241 46345
75147 1111
136258 92852
75221 46422
114599 75647
161963 115676
171580 123247
209337 153222
75336 1186
75337 1111
75419 36809
75438 1186
75493 1268
108259 71506
75453 877
75461 39132
75557 34007
75558 30545
75823 42379
75829 8783
76080 708
75886 7119
75905 3684
75898 3684
75939 46964
75993 8783
75997 1186
76022 1186
76049 47075
76039 10832
76072 426
76436 37398
76451 877
76132 877
76545 38841
76213 8783
76214 33638
76274 7788
151144 107075
76304 10832
76309 42379
76379 37971
126104 74202
76761 1192
124046 5092
76789 47540
152383 86983
76910 10832
123468 63896
76838 1192
76897 47620
77414 2131
125737 84225
127517 85691
136815 93315
77302 10832
77856 35136
77377 42379
77387 8783
77407 9434
77420 6341
77490 2241
77492 42379
77585 33354
77570 3684
77587 34857
77642 1186
77653 993
77682 1192
77669 27120
77671 1186
77895 42379
77908 1186
77939 26626
77940 1186
77944 61
78077 2374
78089 48443
78203 8783
78348 10832
78247 48551
78252 7788
78275 34857
78303 993
78332 708
135701 30859
78345 2131
78622 27540
78574 25146
167064 119630
133123 11537
150071 86223
80605 3684
80722 1822
108070 877
108245 2047
80266 2241
80272 507
80377 2131
80383 50446
80515 20225
80516 1186
80628 36809
80634 1050
80642 44434
80697 30545
80699 34361
80704 877
80711 46242
80713 10181
80826 106
143433 99775
81130 30859
81155 1050
81038 6219
81161 51033
137967 15645
81036 1822
81053 3684
81067 993
81079 1186
81124 3690
81180 51033
81264 7788
81246 10181
81253 41928
82059 33638
81288 2241
81290 30859
90936 15864
81713 51444
81718 1357
81312 20225
81329 21137
168625 120822
81371 51033
81373 51174
81389 1186
81390 10832
81391 20225
81461 1822
81513 3684
81553 37765
81555 46242
81596 11639
81597 20225
81599 48093
81601 1186
81611 200
81618 1186
81638 48699
81632 6819
81658 708
82002 27936
82015 42379
82097 10832
122032 30859
82163 4425
157663 112475
82305 10181
82306 708
82675 4826
172784 75405
82575 1945
82590 1186
82645 30859
82637 44838
82677 11537
82825 2241
82830 10181
82932 1192
119177 79058
83187 52587
83385 877
143041 99415
83233 7788
126176 84574
83841 1192
83928 993
84106 2103
84002 53202
122317 10677
175399 126118
192478 46685
84094 1945
84101 11537
84208 10181
84209 3020
84302 9003
84304 53400
84422 1192
84423 993
84341 33638
84352 30859
84435 25146
84436 26626
84609 37398
84619 34361
84858 7788
114858 3684
84843 2103
84847 11537
86265 993
86278 48361
86275 1822
86378 6978
86314 43889
86348 53400
86319 43889
86324 1186
86365 1192
86384 1192
86530 11537
86416 1186
86418 25146
86421 993
86765 4103
86781 2103
86992 30859
86434 1186
86440 2131
86527 25146
86532 1186
86597 6819
86598 1192
86649 877
86653 34007
130102 16210
86726 1997
86727 1822
173933 993
86795 3684
87178 19079
86807 877
121881 81208
86857 993
86862 55554
87125 34
87128 39278
87184 30859
87219 1192
87335 35181
87340 2241
87319 1186
87322 6819
87332 45616
87433 1192
87362 35181
87365 1396
87441 37187
87437 1192
87439 26626
87475 200
87476 4490
87477 9434
87498 30859
87693 34361
87698 877
88803 2241
88807 507
88945 55491
142492 80560
89032 4103
89040 2103
89041 3690
151853 107700
89675 708
89872 52238
89677 34
89722 2092
89813 48511
89830 31950
89817 2241
89819 1186
90034 1186
159995 114248
90153 4473
90182 3106
90319 7119
239286 181828
90359 1186
90504 32281
90495 34007
106090 25138
147827 104304
160311 2639
90862 932
90871 3684
91224 26626
91227 10414
91235 58081
91254 7788
91539 3684
91351 31936
91371 7788
91390 877
91393 1876
91396 26930
91416 7279
91444 8146
91510 1186
91599 32281
91636 4490
93662 45616
93874 35705
93514 5555
93522 3684
101177 63289
123168 82180
93844 48915
93858 30545
94602 993
94741 60959
94554 877
147373 58678
122945 38619
123006 3684
94972 7119
131714 89188
95522 1876
95787 48915
95596 820
95597 993
95613 58689
95616 993
95648 61088
95691 25098
95836 51499
112834 74057
96010 10832
96062 61935
96041 61957
204623 32281
96247 37398
96249 45616
96252 1876
96332 1186
96335 45616
96365 25146
141399 28611
96563 3684
153949 109473
96848 7788
97032 3684
96920 877
107689 71080
97175 49056
97185 62869
97476 877
97477 1876
97750 63289
97751 3690
97786 993
97810 877
97784 63289
97788 39384
97913 1186
97915 8783
98530 28065
98558 877
98560 63406
98564 53420
98588 1186
99049 1192
98750 39384
98751 3020
98951 60318
98965 29289
98969 7921
99080 11651
99343 24327
99344 8783
99332 44801
99336 33638
99340 1186
99342 64523
100646 33638
100754 44434
100669 6219
100674 1396
100752 36809
100782 63584
100905 9003
100907 24157
100976 6219
101010 3684
101214 12818
101217 8783
101924 8270
101936 8783
102100 33232
136747 93257
102209 8783
134123 63613
102295 3020
103194 67820
102373 20682
102377 34007
150575 106610
102480 57348
102498 3684
102494 35181
102501 1186
107164 70730
150441 106482
102624 66299
158300 107913
102701 1396
102702 6965
102705 993
102743 3684
102747 44801
102750 60131
102909 20682
102977 10832
103285 1192
103286 44434
103424 16020
103661 3684
103626 877
187244 135618
103693 39384
103696 7568
103816 46482
103827 26409
103829 53400
104176 7788
104195 3684
104193 2103
104194 1192
104395 68592
104708 28611
104422 68536
104423 68798
104462 6819
104464 8783
104484 42379
104566 7568
104567 68536
104571 61957
104577 26626
104586 33638
104600 993
104609 68765
104900 993
104901 6965
104902 39278
104992 7788
105092 3684
105029 69223
132883 20225
105224 1050
105380 63644
105387 69186
105451 69223
105432 27711
105452 28019
105444 20225
105445 1186
105465 1186
105466 11635
105527 3690
105528 39384
108863 63436
105546 993
105727 3684
105966 68536
106174 44324
106002 4103
106003 6965
106007 24084
106045 1050
106125 1876
106193 64280
138144 94296
106051 993
106055 6965
106180 39278
106218 3684
106267 3684
106268 68765
106543 34007
106549 1357
106573 70268
112109 68606
106640 11635
106669 30859
106767 41558
106770 1186
106772 8783
108902 34084
106809 68765
106811 993
106914 3684
106901 14734
106905 1186
107084 20225
107085 8783
107111 555
107195 271
107243 4103
107244 1186
148568 14835
107476 66829
107481 3684
107590 68599
107646 6441
107559 47355
146412 103237
127871 86028
128385 86450
111212 39384
168618 120814
107751 69223
107779 877
107821 1186
111167 35264
127784 63343
107952 69307
107953 8783
108130 34007
108926 71419
108212 8332
108336 3684
108350 63467
108269 26626
108273 8783
112947 14476
112956 72048
112962 72091
112986 8783
108330 5735
108349 1396
108895 62506
155093 91147
243139 10106
108960 4103
109153 72091
108977 1822
156607 105913
109086 993
109142 1876
109226 4659
109237 877
109385 8783
140758 48285
109395 555
109396 8783
110463 993
110470 72070
110777 4103
110861 2131
110783 72629
110802 877
110882 7788
110909 72736
110935 1192
110944 30859
110922 61957
110925 993
110952 69223
110953 993
111032 36809
111033 1192
111102 1514
111104 30859
111200 3684
134427 91365
111274 57105
111293 6965
133334 15642
155687 28611
156351 12971
111337 69223
111349 993
111336 1186
111338 8783
111344 72091
111352 72992
111353 8783
111425 26626
111427 20225
111471 8783
111639 15369
111478 71869
111481 7788
111494 72091
111497 8278
111899 39384
111911 34007
112029 1186
116258 76645
112103 1192
112105 993
112169 53731
112170 37015
112194 30859
232299 28164
112301 40835
216386 159727
112420 1186
112497 2103
112868 30859
112873 1561
112632 8278
112733 3106
112812 69621
112897 3684
112884 4103
112899 1192
112999 11635
113000 1186
113011 8783
113160 8278
114281 63467
114264 30859
114266 1192
114385 30859
210157 153791
114361 3684
114940 54928
114369 30859
114371 426
114382 1192
114384 42379
114424 57105
114481 11635
114702 20225
114941 1192
115069 2103
159592 104717
114505 426
114506 1186
114507 34118
114558 1192
114559 69051
114586 69390
114738 63467
114669 21276
114670 61
114676 36809
114825 68765
114868 3684
114917 34857
114855 69223
114878 1876
114913 67733
114926 3684
114905 3690
114906 30859
115855 72091
115881 42379
115184 57105
115330 30859
115202 44801
115204 1186
115277 1192
115319 42379
115839 41868
128183 86287
115341 42379
115345 75598
115399 34857
115407 3684
115469 61
115619 63467
115638 1186
115651 1192
115776 1186
115792 11635
115925 37825
115929 993
115945 1186
115947 42379
116091 3684
167524 2639
116144 993
116159 3684
116241 1186
116251 28954
116318 69210
134598 91499
116331 75651
116583 5555
116348 33638
116349 72048
116351 10832
117073 77451
149487 105640
116383 72091
116392 63644
116370 10832
116556 1192
117320 26626
117331 77451
116523 10832
116524 26626
116725 72014
116876 38962
116633 70109
116635 10414
116645 6965
116650 77196
116734 72048
116742 993
116751 10832
116757 6965
116967 10832
117051 1192
117037 5555
117044 28019
117152 63289
117153 77561
117162 11635
117207 72965
117200 1186
117201 10832
117468 3690
117899 11635
185362 1192
117395 20225
117397 63289
117450 8783
117524 2103
117598 30859
117620 57105
117487 10832
117490 30859
117572 1186
117573 70109
117737 39384
117743 8783
117744 3684
117801 34857
118062 30859
118083 11537
118160 20225
118162 1186
118163 30859
118198 1192
118183 16418
118214 3684
118337 11635
118338 44434
120211 63011
141433 94881
118460 69621
118463 10832
118496 11635
118497 1186
118650 10832
118651 14734
118731 30859
118839 26409
118741 77582
118848 2131
122424 81624
118824 8783
118828 10832
118884 1186
118886 72048
119656 4659
124733 877
119869 26626
119876 10832
120074 2103
120090 11537
120092 30859
120068 10414
120075 30859
120491 5555
120496 3020
120497 993
120645 63896
120636 6219
120637 45616
120775 30859
127340 1192
120946 2639
234752 177211
121035 10832
121061 4103
121062 9415
181998 124624
121170 38841
130608 84804
150893 106901
121235 72992
122196 37971
127805 85946
155122 110427
121377 1186
121378 993
121814 34857
121876 7119
121880 78208
121883 56050
121985 1186
121986 10832
122296 426
122374 507
122584 64235
122586 8783
122587 30859
122588 1186
122624 19079
223124 165460
122672 708
122674 26626
122709 8783
122711 1186
122762 28620
122766 39278
122830 1186
153198 108844
122929 26426
230987 173605
123334 1186
123364 993
123667 42489
123668 20225
123864 1186
201582 1192
123973 10832
123982 8783
124007 30859
124053 12971
124083 8783
124124 30199
124205 96
124206 5469
124786 10832
124788 42489
124857 1514
124863 1186
124897 10832
124898 1186
124948 25146
124950 507
124952 10832
124972 1192
125072 1186
125075 1192
125173 20225
125174 5555
125181 154
125212 6965
125192 70109
125441 30859
125201 1186
125211 30859
125259 10832
125267 39278
125277 82939
125280 43755
125284 10832
125285 4490
125304 10832
125305 26626
125316 11635
125344 1192
125400 33638
125403 8783
125423 3690
125426 23721
125548 154
125556 28019
125512 20225
125513 507
125618 33638
125619 37765
125780 20225
125798 3690
125851 37765
125980 83792
125909 83631
125913 30859
125887 1342
125902 3020
173884 33155
125920 708
125942 8783
126624 3710
126656 3684
126047 1822
201564 2639
126040 20225
126043 30859
126196 708
175130 45014
126136 20225
126144 30859
126200 3020
164449 157
126239 4103
126314 1192
126255 20225
126310 4103
126447 4103
126455 30859
126496 1822
126516 993
126611 34007
126669 154
126652 1186
126678 2103
126849 72048
126850 44838
127320 6381
126855 21763
126856 39278
126875 72048
127283 26409
126972 708
126973 1192
126998 72048
126999 1186
127087 44838
127089 66829
127159 3690
159288 113767
127225 993
127227 3684
127310 30859
127311 1192
127317 44838
127335 82278
127406 30859
127411 14476
127542 39611
135413 92192
181867 131405
127614 1186
127616 46773
127618 44838
127621 46773
127642 14476
127644 44838
127675 4103
127810 3690
127747 20225
127748 8783
128316 20225
128317 30859
128353 66520
128361 1186
128460 42379
128480 33970
128434 39384
128446 44838
128469 72048
128475 1186
128477 42379
128538 10832
128541 30859
128558 708
128923 57105
129088 426
129431 11537
129102 1186
129137 30859
129152 3690
129370 57105
129377 6965
129512 993
129515 1822
129591 993
129657 6965
129683 44434
129721 30859
129709 26654
155649 27509
129752 1186
129759 22823
129755 87103
129780 993
129786 87463
129787 37655
129881 1876
135024 36809
129857 14734
129858 87535
130022 72048
130232 8783
130031 1192
130032 4103
130162 57105
130163 72048
130176 993
130355 38841
130703 88357
130408 66829
131278 1192
130406 3020
130407 20225
130444 39345
130461 3020
130477 1336
130639 28019
130642 2047
130661 39278
130669 68931
131213 1192
131214 44838
131323 993
131924 3684
131353 72048
131371 3690
165663 110455
166322 3106
132117 89503
144559 87062
131766 30859
131769 26409
131804 14476
131806 7568
132035 34007
202564 2639
132158 88620
132159 28019
132171 1192
132200 89600
132298 1186
132436 11635
132445 44838
132461 1186
132612 1192
132674 72091
132678 30859
132679 61
132695 10832
132764 44838
132773 1192
132868 61
133047 34857
132954 5555
132957 30545
133037 10832
133044 30859
133210 10832
133211 1192
133385 72048
133389 6965
133566 5845
133601 90710
133620 90721
133636 36809
133614 33354
135116 1192
135138 91967
133652 90750
153556 109169
133714 630
133715 30859
133724 10832
134017 91036
134064 52344
134041 44838
134042 993
134130 10832
134133 30859
134299 10832
134304 20225
134529 46185
134530 66829
134536 10832
134560 10832
134562 20225
134565 52344
134577 30859
153172 22336
162386 101705
136388 57247
136480 93035
134748 55596
134749 993
134846 1186
134873 1192
134961 38841
135228 63644
135033 91525
135034 630
135146 877
182337 51275
135154 4103
135171 8783
135388 807
135433 41723
135422 61957
135425 10832
135456 92033
135463 8783
135492 38841
187008 77017
135646 911
135647 36809
135654 9950
135658 92378
135722 653
136052 1192
135725 30859
135731 1192
135723 3684
156850 111825
135832 92443
177383 125653
135818 91176
135819 3690
135891 91176
135892 33170
136249 92808
141744 98279
136571 2103
136701 55596
136772 11635
136240 3690
136241 1186
136289 30859
136307 39384
137869 30859
137954 2103
136735 86623
136740 1186
136895 10832
160920 114900
137048 1186
137095 1192
137102 11537
137109 44434
137203 3690
137204 39384
137386 1764
137396 11537
137602 1192
137478 1186
137480 42379
137492 44434
137706 10832
137708 3690
137800 12818
137825 993
152196 108002
137914 33170
137918 44434
138031 1186
202479 32943
138081 36809
138092 92819
138290 36809
138296 1192
138309 6965
138118 8783
138119 26626
138314 39384
138316 89077
138317 94431
138318 993
138583 30859
138588 20225
138538 36809
138543 42350
139049 93925
139101 708
138725 93035
138743 80530
138765 8783
138801 57257
138813 30859
138943 37243
139044 1192
139046 67974
140273 30859
139127 46185
139132 30859
140259 8846
193824 141122
139216 79823
139218 95190
139294 24327
139302 20225
139304 66829
139359 46185
139378 30859
139389 2103
139515 11537
139744 37243
141183 97829
142435 30859
139517 5555
139531 6965
139706 3690
139719 30859
139748 10832
139753 1186
139768 8783
140243 92056
139778 10832
139779 20225
139914 1192
139916 4103
139971 81761
139976 42379
139989 22315
139993 1192
140250 10832
140276 1192
140364 20225
140372 3690
140370 10832
140371 2232
140497 4659
152741 108470
140559 1186
140564 30859
140569 92376
140582 37203
140577 1186
140594 993
140610 708
140667 30859
140674 63644
140634 10832
140636 34007
140659 87591
140660 69328
140757 93035
140766 8783
140793 48511
140794 1192
140897 10832
140920 6819
140914 56307
140917 3690
140919 993
140946 8783
140981 94938
141108 94938
141191 1192
183670 107045
141132 3690
141137 1822
141993 3684
141180 2142
141315 4490
141243 97877
158491 113129
141465 93384
141495 97774
141536 3020
141547 8783
141598 39384
141600 39278
141795 993
141821 6965
142049 708
142074 30859
142372 70109
145191 101248
196796 143761
142140 993
142141 92819
142283 14476
142520 34007
142306 507
142307 72992
142317 36809
142338 67405
142340 993
142342 92819
142403 29289
142523 34007
142556 67405
142572 72048
142718 8783
142720 34007
142841 34007
142866 36809
142970 67405
143097 41928
143009 14476
143014 26654
143038 85921
143140 2103
143169 11537
143178 44434
143295 99156
143350 2092
143409 6819
143602 72048
143604 91542
143864 11537
143866 98602
143946 72992
144056 63896
144098 69275
144233 20225
144115 3690
144342 32281
144216 72048
144237 52567
144595 1514
144596 93838
145174 426
145188 101243
145205 61
145206 70761
145673 60085
145674 708
145678 101627
145988 42379
145991 39384
146012 507
146023 98571
146545 103345
146552 71869
146611 60085
146612 39384
146682 3690
146751 86732
146753 30859
146994 60085
146997 8783
147001 98571
147496 75565
147603 30859
147113 99943
147114 20225
147119 3690
147786 50765
148153 88650
147978 60085
148005 30859
148391 98571
148403 36809
148396 104754
148397 104137
192309 69828
148446 104102
149132 69240
159621 10438
169384 1192
148746 11537
149014 1192
148671 42379
148672 61
148785 993
148787 3690
148813 6965
148814 39278
148861 993
148867 3684
148877 7788
148970 3684
149460 20225
149463 30859
149632 6219
149637 993
149798 993
149799 28019
149888 2103
149896 10832
149933 1192
150087 87965
150161 10832
150162 38996
150319 32929
150210 99943
150214 14476
150217 36809
151220 1822
151279 3684
214632 158236
151828 71869
185006 133905
189752 137660
151214 993
151217 3684
151432 993
151438 3684
151459 3020
151466 60085
151524 5555
151526 6965
151552 39384
151636 1192
151693 30859
151694 95007
151702 1192
151815 877
152033 6219
152055 1822
152649 2131
152733 39384
152714 63467
154153 63644
152503 11639
152506 1186
152660 10832
152661 426
153277 28019
153280 5555
153549 104717
153618 1192
153395 26426
153397 993
153423 73833
153424 993
153461 993
153561 3684
153523 93035
153550 109166
153587 1822
153588 993
153741 101326
153743 30859
153756 507
154282 1192
154042 2103
154044 50765
154068 26426
154075 1822
154248 426
154366 3690
154253 53731
154261 1186
154263 5555
154265 2131
154294 64311
154297 41415
154348 3322
154356 426
154357 109809
154549 46598
154667 72091
154668 36809
154762 6236
154266 28019
154267 5555
154478 63289
154484 426
154645 30859
154655 36809
155154 8783
155389 104717
154843 76763
180434 130084
155220 92499
155221 42379
155356 3684
155365 72070
155585 39384
155586 60085
155655 2232
155665 33354
155670 1192
155699 1186
155768 3690
156222 111307
155971 507
156009 38968
155999 3690
156000 95007
156002 110855
156011 111064
156034 110893
156032 4008
156178 2131
156083 993
156196 97841
165616 1192
194285 30859
156368 110855
156369 111414
156547 11639
156596 1186
156573 6219
157012 111303
156828 2639
156851 3684
157046 26626
157151 993
157335 44434
157337 993
157514 993
158549 1192
157516 4008
157517 993
157711 63896
157793 1192
157800 3690
157812 30859
157894 426
157965 63896
157917 14734
157934 157
157936 86614
158335 30859
158405 43889
168777 10832
172865 1192
158227 6965
158606 66196
158301 993
158578 1192
158649 993
158657 6965
158627 2639
158631 993
158703 2103
158704 30859
158958 2639
158963 111890
159043 113569
160211 1192
158991 993
169347 2639
159070 2639
159080 1876
159117 111811
159129 993
159236 111811
159243 993
159255 3690
159246 95592
159251 1192
159416 993
159442 6965
159494 1876
159520 10832
168052 2639
159485 87836
159500 1822
159717 3684
220643 160808
160223 877
160224 112361
160285 2639
160308 3684
160293 426
160296 1186
160344 2639
160346 112361
160356 993
160358 88191
160361 3684
160537 44434
160542 993
160881 109234
190834 138498
160874 72048
160878 1186
160930 113038
160931 993
161222 426
161284 26409
161587 74024
161590 1822
161827 94051
161830 72992
161825 10832
161833 3690
161859 111811
161860 993
162050 3020
162052 36812
162235 111811
162238 32281
162237 10832
162241 1186
162456 86623
162458 10832
162527 3690
162548 2103
162909 3020
162934 1186
163155 1186
163182 116365
163194 89400
163231 1357
163450 5555
163482 6965
163529 426
163531 1186
163532 993
163689 104717
163783 110455
163877 95007
163879 46773
164045 426
164056 117161
164068 36809
164047 110455
164049 993
164169 14476
164181 10832
164262 35468
164277 426
164333 10832
164340 1186
164390 99331
164431 32281
164467 1514
164505 1192
164548 104717
165555 1192
164718 112361
164794 27070
164934 3690
164936 14476
165233 1186
165252 118250
165446 116219
165552 30859
165801 1822
165820 6965
165913 68931
165926 38968
166050 104717
214036 35450
166028 116653
166037 118844
166123 2639
166154 112361
167315 2639
166206 60898
166209 8783
166389 112361
166390 110455
166395 2639
166397 3684
166426 6965
166459 1396
166625 6236
166498 3690
168686 90906
166753 993
166758 1396
166794 1822
183265 11334
243046 19079
166848 1396
166869 993
166943 109669
167459 28463
167033 877
186989 135448
167085 104717
167095 1192
167038 110455
167048 2639
167088 104717
167090 36809
167113 1192
167164 3684
167167 2639
167202 2639
167217 3684
167498 117388
168098 63644
167493 104717
167500 32281
167507 30859
167710 116462
167711 60085
167733 43889
167734 46773
168031 10832
168032 104717
168309 1822
168118 32281
168126 708
168234 993
168236 15356
168277 32281
168308 37395
168342 104717
168305 110455
222134 112254
168803 110455
168901 112361
168592 2639
168602 36809
168751 39384
168771 104717
168817 1396
168858 1192
168834 110455
168836 993
169135 10832
204912 32281
169373 110455
169376 10832
169478 118907
199688 146320
233027 175455
170581 110455
170603 6965
170809 2103
170819 48093
170850 32281
170880 109144
171032 44838
171033 43889
171035 32281
171041 39083
171069 1192
171201 30859
171272 60085
183047 2103
171339 104717
171340 32281
171345 57632
171370 121211
171468 44434
171428 32281
171431 48093
171513 426
171515 52344
171655 104717
171767 1192
171864 1111
171964 26103
172277 426
172280 30859
172356 1876
172571 117459
172528 2232
172559 104717
172904 708
188182 136372
173203 124448
173251 30859
173310 104717
173464 1192
173338 157
173339 61
173379 124645
173388 124660
173368 98571
173428 44838
173467 116653
173606 30859
173835 2639
173879 3684
173872 95107
173891 1876
173902 426
173903 121101
174045 32281
174047 104717
174074 8278
174077 28330
174092 63644
174119 117038
174155 89400
174158 2047
174222 32281
174226 30859
174265 104717
174302 1192
174354 32281
174362 125411
174695 110455
174696 48093
174697 32281
174750 104717
183690 1192
175075 35641
175173 931
175675 3020
175677 87836
175679 104717
175943 74176
175953 104717
176417 1192
176024 39384
176025 15356
176247 44838
176250 993
176674 39083
197386 144307
176938 39083
177040 63644
177010 32281
177013 61
177027 1186
177038 993
177033 97765
177035 3690
177088 36809
177993 104717
177117 83113
177121 2639
177163 88191
177174 3684
177386 426
177408 127597
177465 7788
177468 2639
177530 116653
177551 32281
177635 112361
178268 1876
181908 131180
196039 143058
177805 30859
177806 125573
178057 3020
178058 110455
179508 77844
179515 87836
179626 39384
179645 128145
180009 73344
180033 36498
180148 125545
180150 10832
180203 112361
180207 39278
180477 104717
181747 1192
181595 42379
181604 15356
181596 56307
181597 110455
181601 9031
181622 30859
181742 98571
181751 31401
182193 7788
182254 7119
182243 426
193317 6621
182246 5555
184326 1822
182279 124448
182290 104717
182338 993
182343 40938
182419 104717
182427 4103
182446 1192
182426 23721
182487 131855
182489 39278
188370 38456
214727 84227
182739 10832
182743 993
182734 41723
182770 7279
182862 48093
182863 116365
183048 33638
183073 41723
183116 124448
183142 104717
183892 1822
183902 3684
183986 39083
183988 10832
184152 61
184153 133188
184167 2512
184292 60085
184325 1192
184527 132645
184531 39083
184620 63284
184622 10832
184623 10414
184775 6311
184880 108816
185282 132644
185051 34857
185060 7788
185141 104717
185145 125573
185624 87836
185688 132501
187499 2103
185665 105012
185698 44434
186262 7119
186350 38456
186342 132645
186363 32281
186602 98571
187130 135138
186639 98967
186641 426
186640 98967
186642 426
186780 48093
186782 32281
187095 32281
187098 126936
187209 32281
187213 125494
187317 74105
187370 1192
188875 30859
187374 4103
187381 3690
187569 426
187573 157
187689 426
187690 10832
187808 993
187810 32281
188018 7005
188034 126936
188045 32281
188062 136264
188081 136284
188204 119929
188206 45616
188232 63011
188236 97765
188339 132645
188376 36809
188668 10650
188674 5754
188681 2639
188728 34007
188801 55719
188795 32281
188823 2103
189504 30859
189592 104717
189623 3690
189625 104717
189683 116653
189687 30859
189694 35503
189938 121114
231323 151260
190074 112253
190080 116653
190175 122555
191278 138864
190783 426
190784 116365
191149 61
191257 44838
191748 30859
198715 3186
199651 146283
191444 23721
191458 8115
191459 653
191566 2103
191608 104717
191597 630
191619 30859
191804 143235
202333 147737
191829 7157
191833 32281
230338 32281
192239 34007
192401 2639
192390 121114
192393 38968
192530 46773
210416 1192
192941 30859
192942 1514
193142 98967
193143 124448
193145 60085
193155 110455
193162 32870
193166 993
193290 3684
193320 2639
193382 3690
193694 1192
193395 3106
193401 1050
193778 32281
193779 110455
193786 30859
193787 44434
193799 993
193878 993
193908 3684
194133 6257
194139 32281
194228 2639
194229 1396
194316 426
194413 141525
194686 34857
194811 3684
194976 1396
194983 3684
195087 1186
195090 30859
195130 23369
195341 1876
222720 38367
195766 2639
195767 108119
195776 108119
195787 39278
195940 126936
195958 1186
196003 1192
195944 126936
195952 1186
196040 2232
196043 116653
196160 30859
196161 63896
196233 48093
196246 30859
196222 108119
196236 6219
196455 142768
250507 192571
196575 124448
196595 44434
196652 30859
196608 2103
196609 45616
196616 3690
196667 143642
196935 25209
205823 150642
196949 110455
196954 6965
197145 127141
197172 3690
197367 630
197392 39384
197365 630
197566 140461
197790 143235
197797 426
197962 104717
197968 1192
197939 22633
197940 41723
198171 126936
198173 1396
198630 1822
198632 2639
198479 993
198480 116653
198514 99943
198537 53595
198539 145297
198634 1192
198642 41723
198811 1396
198817 3684
199148 10832
199212 21924
199251 10832
219587 162476
199227 10832
199231 877
199500 124448
199538 110455
199844 10832
199896 8783
199865 30859
199933 116183
199995 72398
200469 1192
200162 99943
200164 116653
200304 125593
200306 41723
200291 10832
200293 146778
200381 993
200386 6965
201600 1186
201615 30859
201720 39278
201723 993
208689 152712
230428 148784
202128 10832
202178 1192
202214 1192
202217 30859
202219 104717
202255 1822
202540 3684
202421 61
202422 44838
202426 33638
202728 104717
202780 1192
203134 1186
203135 8215
203199 57105
203404 1186
203419 126936
203503 1186
203517 10832
203616 1186
203647 10832
203880 32281
203881 1186
204140 19079
212026 155153
204014 3690
204015 44838
204303 39384
205223 79569
204099 426
204211 37801
204311 112699
204315 1186
204341 112253
204356 60085
204539 126936
204541 32281
204546 126936
204548 32281
204553 1186
204566 32281
204582 149630
204596 147667
208785 111607
204598 99943
204612 993
204759 39278
204761 2639
204921 32281
204979 30859
205016 1822
205024 993
205031 51898
205032 426
205066 10832
205143 15356
205080 10832
205087 2131
205193 149935
205197 45616
205635 104717
205658 30859
205343 39278
205344 39384
205591 2639
205697 993
206683 72070
207303 3684
205739 10832
205741 46290
205791 44945
205842 6965
206058 993
206064 3684
206171 44642
206172 7895
206181 39278
206242 60085
206243 44945
206247 39278
206427 37198
206428 34007
206482 6965
206486 32281
206488 44945
206493 38151
206689 68127
206697 30859
206817 32281
206824 104717
206874 6965
206878 68325
206883 10267
206945 39278
206954 6965
207004 53747
207083 8783
207264 44434
207265 82422
207380 44434
207384 26409
207482 6965
207585 993
207500 6219
207502 2639
207682 104717
209039 151996
207759 10832
207772 39384
207992 2639
234047 176527
208171 110455
208172 361
208183 3690
208228 1192
208373 44945
208439 104717
208494 60085
208496 111607
208521 71701
208711 3684
208739 3690
208803 1192
209107 126936
209117 6141
209170 1192
209389 426
209406 140866
209548 112253
209557 157
209559 39083
209584 32281
209586 39278
209603 153386
209697 32281
209701 30859
209998 993
210003 1192
210075 125593
210081 36809
210250 123690
210255 32281
210866 15787
210868 147776
211353 2639
211361 154141
211442 61
211773 63011
211702 112791
211748 426
212007 1186
212021 10832
212442 41723
212444 426
212467 156492
212536 147776
212544 10832
212708 10832
212719 1876
212750 95991
212780 993
212790 30859
212795 126936
212783 99943
213190 156749
212799 95107
212800 426
213048 42379
213200 131487
213201 426
213233 157096
213337 28019
213381 15356
214517 63896
233249 175260
213792 3020
213799 1186
213925 73344
213938 7895
214758 147776
214840 104717
214877 149341
243625 139178
215055 62605
215066 80530
215099 6141
215128 1192
215173 41723
215175 151544
215215 2639
215218 10361
215392 15356
215395 60085
215493 87836
215494 32281
215660 2103
215600 133992
226541 169548
215701 60085
215702 147776
215986 9616
218823 630
216423 126936
216424 8783
216819 126936
216821 32281
216920 45616
216930 160166
217001 32281
217002 1186
217020 3690
217028 30859
217501 41723
218066 161096
217429 23721
217439 2639
217454 154256
217461 30859
217656 1186
217657 116653
217790 1822
217791 426
218319 993
218321 6965
218695 1192
219114 30859
218875 161523
218876 993
219527 426
219530 61
219940 39384
219941 15356
220269 157
220271 8783
220272 41723
220325 163052
220339 39384
220348 53319
220514 109246
240334 104717
220561 1186
220562 1192
221192 10267
221201 1186
221202 151544
221291 1186
221493 104717
221513 1192
221350 45616
241881 38158
221532 163489
221534 30859
223022 4103
223031 87836
224207 110455
223395 158002
223398 1876
223400 7279
223500 36809
223517 2103
223909 32281
223910 44434
224872 110455
224883 993
224917 151544
224920 10414
225241 60085
225242 993
225284 61
225300 137232
226385 32281
226401 1192
226616 6141
226864 1192
226797 144393
226807 110455
226820 30859
226840 110455
226841 126936
226842 60085
226870 76939
226949 10832
226961 3690
226975 11397
227274 60085
227276 144393
227290 87836
227293 6141
228565 1192
228566 124448
228604 1192
228607 126936
228697 1186
228982 104717
228792 30859
228854 1192
228966 104717
229282 126936
228871 126936
228872 3690
228873 1186
229019 4103
229020 1186
229071 24505
229073 1876
229075 14734
229076 32281
229145 124448
229163 30859
229577 1192
229600 993
231226 36809
229786 144393
229788 60085
230079 6141
230088 3690
230304 41723
230305 21924
230329 136353
230332 149630
230503 6141
230504 124448
230729 1192
230826 104717
230995 30859
231002 99876
231238 147776
231243 124448
231272 48792
231372 30859
231580 66771
231632 1192
231487 87836
231498 104717
231633 61
231634 144393
231652 1822
231660 34857
231692 45616
231714 6141
231863 126936
231865 42379
232050 10832
232051 1186
232123 36809
232131 61
232950 32281
232951 104717
233383 32281
233436 6141
233611 144393
233623 104717
233628 1192
233645 145197
233650 1822
233675 426
233677 60085
233839 6141
233897 104717
233788 1186
233790 32281
233856 42459
233859 6141
233862 6141
233864 1186
233888 1186
233889 144393
234089 993
234090 44434
234093 1186
234099 3690
234146 104102
234147 1186
234222 10414
234223 21924
234305 144393
234308 6141
234309 1186
234372 104717
234393 993
235086 177540
235087 38857
235157 10832
235178 134691
235199 426
235230 126936
235229 87836
235233 32281
235277 3690
235420 170408
235422 91686
235467 145949
235475 144393
235500 37825
235470 44945
235476 42379
236680 126936
236681 46773
236796 3690
236797 126936
237132 10832
237133 1186
237318 126936
237329 30859
237420 44434
237442 12916
237477 2103
237481 39384
237495 112791
237496 1186
237510 6141
237514 104717
237687 104717
237730 41723
237838 39083
237698 104717
237725 2103
237756 87965
237921 1192
237937 104717
237954 1192
238268 44434
238282 30859
238352 2453
238359 32815
238717 6141
238718 175189
238787 87836
238876 3690
238875 68127
238877 42379
239316 179264
239319 145266
239402 181922
239401 993
239406 1186
239647 28019
239650 34007
239795 32281
239810 39278
239840 6965
240485 32281
240548 175189
240597 183265
240523 176905
240543 41851
240989 1192
243701 41723
240747 993
240758 1876
241307 6141
241318 44434
241608 44945
241610 32281
241657 56050
241658 9003
242210 184428
242215 32281
242650 150107
242651 145949
242817 149630
242818 36809
242909 10832
242926 152218
243124 10832
243128 65939
243141 125573
243485 10832
243487 9003
244001 8783
244046 128145
244348 110455
244352 3684
244758 144393
244759 150107
244780 1186
245152 186086
249438 135062
245198 136353
245201 144393
245700 95107
245702 126936
245793 8783
245804 187692
245985 112822
245986 1186
246020 41723
246025 185080
246373 8783
246375 32281
246376 68662
246377 157
246455 104717
246488 39278
246532 2103
246538 68127
246659 6141
246661 2103
246748 144393
246814 1192
246805 30859
246806 6389
246871 39083
246936 144393
246957 144393
246963 1192
247091 32281
247149 1192
247413 110455
247415 68127
248504 112822
248506 121223
248588 63284
248589 8783
248615 144393
248619 60085
249469 112822
249474 144393
249521 32281
249527 184704
249613 110455
249629 1192
249636 3684
249676 34857
249720 23721
249725 30859
249842 151544
249846 32281
250170 144393
250182 124448
250398 126936
250399 36809
250506 72529
250552 39083
250574 10746
250576 144393
251036 46773
251037 95107
251043 21924
251809 60085
251818 126936
251989 6965
251997 23721
252192 46773
252242 186524
252667 144393
252761 15356
253170 46773
253171 42379
253876 95107
253886 126936
253917 195610
253946 195637
253926 178981
253931 126936
254253 176905
254266 68127
