ExpertID   TeamID    QuestionIDwithBestAnswer    Score 
9882 0 0 44.0
9883 0 0 8.0
9884 0 0 23.0
9885 3 2843 18.0
9886 0 0 5.0
9887 704 2755 37.0
9888 6 1 6.0
9889 6 1 5.0
9890 31 11 81.0
9891 6 1 61.0
9892 34 2 15.0
9893 34 2 8.0
9894 34 2 15.0
9895 35 3 18.0
9896 7 40 29.0
9897 43 26 156.0
9898 92 535 547.0
9899 60 134 20.0
9900 35 3 5.0
9901 451 72 27.0
9902 147 4 17.0
9903 147 4 25.0
9904 160 5 17.0
9905 160 5 57.0
9906 3 2843 89.0
9907 191 12 17.0
9908 160 5 11.0
9909 160 5 6.0
9910 178 1554 65.0
9911 36 6 26.0
9912 532 2862 17.0
9915 186 23 38.0
9916 185 7 6.0
9917 185 7 9.0
9913 461 51 18.0
9918 188 2247 27.0
9919 191 12 67.0
9920 31 11 50.0
9921 1347 475 190.0
9922 31 11 28.0
9923 232 13 8.0
9924 191 12 10.0
9925 503 106 30.0
9926 191 12 6.0
9927 233 82 17.0
9928 817 200 43.0
9929 241 15 17.0
9930 149 122 12.0
9931 245 539 33.0
9932 244 16 16.0
9933 244 16 4.0
9934 567 236 141.0
9935 243 17 5.0
9936 257 203 12.0
9937 351 204 9.0
9914 237 21 14.0
9938 270 19 6.0
9939 289 2722 59.0
9940 283 20 7.0
9941 287 75 45.0
9942 291 22 17.0
9943 295 856 73.0
9944 1369 564 152.0
9945 319 259 55.0
9946 2309 1962 16.0
9947 186 23 6.0
9948 163 24 71.0
9949 10 148 120.0
9950 163 24 10.0
9951 275 25 4.0
9952 43 26 7.0
9953 43 26 102.0
9954 43 26 10.0
9955 250 28 32.0
9956 250 28 13.0
9957 250 28 5.0
9958 715 575 11.0
9959 250 28 4.0
9960 414 220 27.0
9961 417 31 10.0
9962 251 170 35.0
9963 5 34 8.0
9965 161 36 6.0
9966 422 37 22.0
9967 422 37 10.0
9968 1696 916 59.0
9969 271 42 5.0
9970 234 67 37.0
9971 278 44 22.0
9972 314 86 13.0
9973 164 45 5.0
9974 279 46 13.0
9975 454 94 40.0
9976 1003 237 31.0
9977 190 48 13.0
9978 457 812 20.0
9979 508 126 36.0
9980 411 50 11.0
9981 461 51 7.0
9982 462 54 13.0
9983 462 54 5.0
9984 462 54 9.0
9985 1369 564 135.0
9986 476 55 43.0
9987 476 55 8.0
9988 479 646 86.0
9989 281 60 18.0
9990 281 60 9.0
9991 482 111 21.0
9992 281 60 8.0
9993 2008 1402 59.0
9994 493 2888 64.0
9996 508 126 60.0
9997 517 63 52.0
9998 517 63 4.0
9999 32 64 10.0
10000 162 65 5.0
10004 1009 293 11.0
10005 452 66 4.0
10006 1065 299 9.0
10001 523 196 41.0
10008 533 794 14.0
10009 526 183 9.0
10010 535 250 16.0
10011 1533 690 21.0
10012 539 76 7.0
10013 441 77 5.0
10014 445 79 5.0
10015 542 853 32.0
10016 546 110 6.0
10017 551 2290 47.0
10019 233 82 15.0
10021 478 87 5.0
10022 478 87 5.0
10023 578 239 304.0
10024 478 87 8.0
10029 593 2051 42.0
10030 454 94 5.0
10020 553 96 25.0
10003 524 100 20.0
10031 313 101 10.0
10032 2253 2124 134.0
10033 503 106 6.0
10034 2037 1507 43.0
10035 631 107 14.0
10036 634 108 18.0
10037 635 109 19.0
10038 635 109 14.0
10039 546 110 7.0
10040 509 115 6.0
10041 285 118 41.0
10002 530 256 10.0
10042 636 121 10.0
10043 636 121 4.0
10044 636 121 6.0
10045 508 126 15.0
10046 508 126 6.0
10047 508 126 7.0
10050 60 134 31.0
10051 647 138 1563.0
10052 646 135 15.0
10053 238 137 6.0
10054 782 796 6.0
10055 650 1323 11.0
10056 647 138 71.0
10057 647 138 110.0
10058 647 138 33.0
10059 652 1648 46.0
10060 647 138 35.0
10061 519 144 9.0
10062 814 1278 142.0
10063 499 147 8.0
10064 692 2631 6.0
10065 851 2622 29.0
10066 697 149 6.0
10067 355 151 6.0
10068 698 153 6.0
10070 193 157 4.0
10071 74 158 13.0
10072 13 159 5.0
10074 751 318 122.0
10075 754 164 27.0
10076 757 1998 42.0
10077 754 164 4.0
10078 99 678 18.0
10079 759 2803 17.0
10080 651 169 28.0
10081 762 171 15.0
10082 762 171 17.0
10083 763 176 5.0
10084 764 218 8.0
10085 771 1141 45.0
10086 157 181 11.0
10087 752 184 19.0
10089 789 2783 169.0
9995 497 190 29.0
10090 803 221 30.0
10091 497 190 8.0
10092 810 191 17.0
10093 810 191 17.0
10094 810 191 6.0
10095 529 193 7.0
10096 805 195 4.0
10097 812 198 12.0
10098 1672 888 85.0
10099 448 248 32.0
10100 828 561 30.0
10101 1077 367 229.0
10102 962 1253 103.0
10103 158 202 18.0
10104 257 203 7.0
10105 257 203 8.0
10106 257 203 27.0
10107 1553 1201 17.0
10108 1055 2344 59.0
10109 994 2807 13.0
10110 259 217 7.0
10111 76 216 5.0
10112 764 218 5.0
10113 256 219 16.0
10114 803 221 10.0
10115 155 228 5.0
10116 999 230 4.0
10117 576 231 21.0
10118 577 232 7.0
10119 77 233 8.0
10120 78 234 7.0
10121 567 236 37.0
10122 567 236 16.0
10123 567 236 7.0
10049 639 996 28.0
10124 567 236 5.0
10125 203 1294 24.0
10126 1432 2712 59.0
10127 1003 237 11.0
10128 1040 241 42.0
10129 578 239 7.0
10130 1033 1205 269.0
10131 1040 241 4.0
10132 1040 241 11.0
10133 1040 241 11.0
10134 1043 1276 19.0
10135 1044 251 326.0
10136 1307 1578 6.0
10137 1047 268 7.0
10138 479 646 37.0
10139 1046 247 6.0
10140 1044 251 13.0
10141 79 252 4.0
10143 80 254 10.0
10144 81 255 4.0
10145 1051 257 6.0
10146 581 562 24.0
10147 579 260 49.0
10148 467 400 11.0
10149 1052 392 7.0
10150 239 266 11.0
10152 582 401 28.0
10153 1062 270 16.0
10154 83 272 12.0
10155 83 272 4.0
10156 1063 274 15.0
10157 1063 274 7.0
10158 1063 274 6.0
10159 1064 278 4.0
10160 1065 299 13.0
10161 1069 355 92.0
10162 1103 284 14.0
10163 1103 284 5.0
10164 1105 598 8.0
10069 1952 1288 39.0
10165 1108 1353 51.0
10167 373 290 7.0
10168 373 290 7.0
10169 1123 291 10.0
10172 1065 299 40.0
10173 1009 293 6.0
10176 1132 294 7.0
10177 84 314 10.0
10178 1133 297 4.0
10179 85 301 5.0
10180 1351 480 13.0
10181 1107 366 52.0
10182 1135 309 4.0
10183 1143 339 28.0
10184 1146 311 4.0
10185 322 312 9.0
10186 8 317 5.0
10187 8 317 7.0
10188 751 318 10.0
10189 751 318 83.0
10190 751 318 15.0
10191 751 318 13.0
10192 1069 355 13.0
10194 22 320 27.0
10195 587 321 4.0
10196 842 322 6.0
10197 865 384 22.0
10198 1180 328 14.0
10199 1180 328 9.0
10200 323 330 6.0
10201 1181 333 11.0
10166 2253 2124 216.0
10202 1113 335 22.0
10203 1808 1193 48.0
10204 1192 337 10.0
10205 962 1253 36.0
10206 1147 350 5.0
10207 1139 352 6.0
10208 1069 355 9.0
10211 1197 592 7.0
10212 1198 361 10.0
10213 1199 362 4.0
10214 1077 367 58.0
10215 1077 367 14.0
10216 1213 1439 140.0
10217 1068 370 5.0
10218 1088 371 5.0
10219 1011 372 4.0
10220 823 374 15.0
10221 823 374 16.0
10222 840 376 15.0
10223 1219 377 4.0
10224 1219 377 5.0
10225 1240 1399 50.0
10226 379 382 17.0
10229 486 387 9.0
10230 486 387 8.0
10231 1265 399 25.0
10233 467 400 27.0
10234 1270 2053 15.0
10235 668 1537 24.0
10236 1276 405 11.0
10237 1276 405 30.0
10238 1276 405 15.0
10239 1276 405 9.0
10240 1276 405 5.0
10028 592 408 6.0
10241 1277 412 36.0
10242 1278 410 11.0
10243 1277 412 6.0
10244 1279 413 4.0
10245 1111 414 39.0
10246 1280 415 6.0
10073 2015 1411 76.0
10247 1932 1229 22.0
10248 1285 427 5.0
10249 1090 428 4.0
10250 2253 2124 23.0
10251 1075 434 4.0
10252 1287 440 5.0
10253 1238 443 6.0
10254 1290 470 9.0
10255 1294 1038 324.0
10256 1299 448 4.0
10257 1005 453 8.0
10258 1300 454 8.0
10259 1301 456 5.0
10260 1432 2712 145.0
10262 381 458 5.0
10263 382 460 4.0
10264 1094 461 8.0
10265 936 1644 71.0
10266 474 468 33.0
10267 1095 469 4.0
10268 1290 470 11.0
10269 1290 470 8.0
10270 24 472 7.0
10271 1291 473 5.0
10272 1346 474 8.0
10273 1346 474 10.0
10274 1347 475 26.0
10275 1347 475 15.0
10276 1347 475 8.0
10277 1348 476 8.0
10278 1348 476 7.0
10279 1349 477 8.0
10280 1349 477 8.0
10282 1350 478 4.0
10283 1350 478 5.0
10284 1351 480 10.0
10285 959 1311 11.0
10286 444 649 201.0
10287 1367 483 6.0
10288 87 486 10.0
10290 1375 487 4.0
10291 1375 487 4.0
10292 591 488 31.0
10294 1496 625 7.0
10295 25 495 4.0
10296 384 498 7.0
10297 384 498 11.0
10298 1376 499 23.0
10299 699 845 92.0
10300 1383 505 5.0
10301 1243 506 4.0
10302 1386 508 19.0
10303 1386 508 7.0
10304 26 509 5.0
10305 375 510 5.0
10306 875 1027 9.0
10308 1397 515 35.0
10309 1397 515 9.0
10310 89 516 5.0
10311 515 518 21.0
10312 515 518 5.0
10313 90 520 9.0
10314 159 524 5.0
10315 387 528 8.0
10316 649 666 12.0
10317 1400 530 33.0
10318 1400 530 17.0
10319 1400 530 35.0
10320 1400 530 6.0
10321 1402 533 15.0
10322 92 535 29.0
10323 92 535 73.0
10324 92 535 11.0
10325 1403 537 13.0
10326 1403 537 4.0
10327 1403 537 5.0
10328 1404 538 21.0
10329 1404 538 12.0
10330 727 540 8.0
10331 1405 542 4.0
10332 93 545 5.0
10333 94 546 12.0
10334 777 547 12.0
10335 388 548 6.0
10336 1406 550 4.0
10337 1845 1102 118.0
10338 1409 551 41.0
10339 1413 552 5.0
10307 877 1154 39.0
10340 1413 552 4.0
10341 390 553 4.0
10342 1414 555 5.0
10343 1415 556 6.0
10344 1415 556 6.0
10345 1415 556 27.0
10346 1415 556 16.0
10347 1416 557 4.0
10348 1416 557 4.0
10349 1417 560 9.0
10350 581 562 5.0
10351 1369 564 8.0
10352 1369 564 19.0
10353 1369 564 14.0
10048 1369 564 8.0
10354 1369 564 11.0
10355 1369 564 7.0
10356 1369 564 16.0
10357 1369 564 9.0
10358 1369 564 8.0
10359 1369 564 5.0
10360 1419 568 19.0
10361 1419 568 7.0
10362 1422 569 13.0
10363 1424 2708 158.0
10364 1425 570 4.0
10365 1426 572 4.0
10366 1427 1405 8.0
10367 707 573 8.0
10368 1429 664 13.0
10369 1428 574 8.0
10370 1436 1980 8.0
10371 1437 579 9.0
10372 1437 579 14.0
10373 1442 719 24.0
10375 1444 581 7.0
10376 692 2631 7.0
10378 1455 587 26.0
10379 1455 587 4.0
10381 96 589 4.0
10382 1197 592 5.0
10383 1445 599 9.0
10384 1410 593 4.0
10377 1450 612 26.0
10385 878 2389 44.0
10386 1456 595 9.0
10387 1456 595 7.0
10193 2253 2124 42.0
10388 1105 598 5.0
10389 393 602 4.0
10390 394 604 4.0
10391 1484 605 17.0
10392 395 606 4.0
10393 1370 607 5.0
10394 1485 609 11.0
10395 1485 609 73.0
10397 1450 612 8.0
10398 1486 613 6.0
10399 1487 614 9.0
10400 1487 614 7.0
10401 1488 615 5.0
10402 1488 615 5.0
10403 171 1471 20.0
10404 1492 618 4.0
10405 1493 1659 10.0
10406 1429 664 31.0
10407 1441 622 6.0
10408 1495 624 11.0
10409 1496 625 4.0
10410 1496 625 7.0
10411 729 626 6.0
10412 729 626 7.0
10413 729 626 6.0
10414 1498 627 9.0
10415 1372 745 27.0
10416 97 631 10.0
10417 97 631 4.0
10420 882 632 4.0
10421 91 633 24.0
10422 306 634 13.0
10423 1371 635 6.0
10424 1502 1122 6.0
10425 1246 640 6.0
10426 1246 640 24.0
10427 1505 643 9.0
10428 444 649 16.0
10429 444 649 8.0
10430 444 649 6.0
10431 262 655 27.0
10432 1202 657 5.0
10433 2245 1811 42.0
10434 1283 923 13.0
10435 1514 661 6.0
10436 1514 661 5.0
10437 214 663 4.0
10438 1429 664 4.0
10439 377 665 8.0
10440 649 666 11.0
10441 1515 667 4.0
10442 1516 928 52.0
10443 1189 896 8.0
10445 1522 672 19.0
10446 1523 674 15.0
10447 1523 674 6.0
10448 1523 674 5.0
10449 1521 675 4.0
10450 1526 677 7.0
10451 1526 677 4.0
10452 99 678 11.0
10453 1528 679 4.0
10454 1528 679 4.0
10455 1530 2337 38.0
10456 545 681 6.0
10457 1532 689 6.0
10458 1533 690 10.0
10459 1533 690 7.0
10460 1024 692 18.0
10461 100 698 4.0
10462 1534 707 13.0
10463 1534 707 22.0
10464 731 708 4.0
10465 1136 709 4.0
10466 1802 1002 15.0
10467 435 710 4.0
10468 103 711 5.0
10469 1538 712 5.0
10470 605 713 7.0
10471 1247 715 6.0
10472 1060 716 4.0
10473 1442 719 7.0
10474 1203 725 17.0
10475 104 731 7.0
10476 1061 733 13.0
10477 325 1115 14.0
10478 1252 825 6.0
10479 1491 735 11.0
10480 655 736 5.0
10481 1535 737 5.0
10482 1541 738 14.0
10483 398 739 5.0
10484 832 2901 17.0
10485 484 741 5.0
10487 1544 1611 9.0
10488 1025 744 21.0
10489 2525 2495 8.0
10490 1372 745 12.0
10491 1372 745 9.0
10492 105 748 20.0
10493 105 748 15.0
10495 1545 750 10.0
10496 837 751 4.0
10497 1546 754 5.0
10498 1387 755 17.0
10499 333 757 29.0
10500 1249 758 4.0
10501 1059 759 6.0
10502 1341 760 7.0
10503 1551 761 4.0
10504 1551 761 7.0
10505 1553 1201 35.0
10506 1555 764 8.0
10507 106 766 271.0
10508 106 766 29.0
10509 106 766 5.0
10510 106 766 6.0
10511 106 766 8.0
10512 107 768 20.0
10513 107 768 14.0
10514 1556 769 5.0
10515 437 771 4.0
10516 1558 2565 15.0
10517 1564 1088 176.0
10519 399 777 16.0
10520 887 782 9.0
10521 1585 2363 38.0
10522 1097 783 4.0
10523 1097 783 5.0
10524 1590 2030 26.0
10525 1579 784 10.0
10526 1098 787 5.0
10527 108 790 8.0
10528 1250 805 25.0
10529 852 797 11.0
10530 1598 802 5.0
10531 1026 809 6.0
10532 1026 809 4.0
10533 1856 1107 177.0
10534 1603 811 5.0
10535 1622 862 11.0
10536 1251 814 30.0
10539 1610 818 16.0
10540 1242 820 6.0
10541 1625 821 65.0
10542 1625 821 10.0
10543 1625 821 5.0
10544 891 822 5.0
10545 891 822 4.0
10546 1626 1912 26.0
10547 372 824 13.0
10548 1252 825 5.0
10549 1628 827 25.0
10550 1628 827 4.0
10551 1629 829 5.0
10444 1553 1201 34.0
10554 811 831 6.0
10555 1630 833 109.0
10556 1630 833 70.0
10557 1630 833 33.0
10558 1630 833 116.0
10559 1630 833 7.0
10560 1630 833 12.0
10561 1630 833 18.0
10562 1630 833 6.0
10563 1630 833 6.0
10564 1719 2863 57.0
10565 1630 833 18.0
10566 1630 833 5.0
10567 296 834 4.0
10570 1631 843 6.0
10571 1631 843 6.0
10572 1631 843 8.0
10573 1633 2336 9.0
10574 893 980 27.0
10575 699 845 11.0
10576 1640 2736 12.0
10209 352 2685 35.0
10577 895 848 6.0
10578 1191 851 5.0
10579 542 853 6.0
10580 110 855 5.0
10581 110 855 8.0
10582 295 856 10.0
10583 295 856 32.0
10584 496 857 7.0
10585 733 860 5.0
10586 735 1747 32.0
10587 1655 863 4.0
10588 1655 863 12.0
10589 1657 1864 20.0
10590 1253 865 4.0
10591 784 866 6.0
10592 1563 872 30.0
10593 1563 872 4.0
10594 897 875 8.0
10595 898 876 4.0
10597 1715 1869 5.0
10598 1661 2322 91.0
10599 326 1215 38.0
10600 1672 888 356.0
10601 1680 2156 59.0
10602 1686 889 4.0
10603 1688 913 13.0
10604 1881 1116 7.0
10605 1690 900 12.0
10606 1690 900 9.0
10607 438 901 4.0
10608 673 902 6.0
10609 1691 903 9.0
10610 1028 904 4.0
10613 1694 906 18.0
10614 1695 915 45.0
10615 1513 914 4.0
10616 1695 915 11.0
10617 1695 915 83.0
10618 1695 915 8.0
10619 1695 915 4.0
10620 1696 916 14.0
10621 899 917 10.0
10622 1697 918 5.0
10623 1697 918 11.0
10624 1699 919 16.0
10625 900 921 5.0
10626 2454 2301 80.0
10627 1516 928 10.0
10628 1752 2028 7.0
10629 1516 928 5.0
10630 1244 930 22.0
10631 1659 932 13.0
10632 1518 934 11.0
10633 1666 935 7.0
10634 643 937 4.0
10635 1753 938 11.0
10636 1753 938 5.0
10637 1754 939 5.0
10638 1754 939 16.0
10518 1569 940 18.0
10639 1569 940 4.0
10640 1755 942 7.0
10641 111 948 38.0
10642 1757 953 24.0
10643 2112 1540 15.0
10644 1765 955 9.0
10645 1765 955 5.0
10646 736 957 10.0
10647 736 957 6.0
10648 761 959 8.0
10651 1168 964 4.0
10652 1768 965 10.0
10653 1768 965 4.0
10654 1769 966 5.0
10655 737 967 5.0
10656 1169 968 5.0
10657 1770 969 4.0
10660 1614 970 6.0
10661 1774 1521 5.0
10662 1775 972 11.0
10663 1775 972 8.0
10664 1776 974 44.0
10665 1776 974 7.0
10666 1778 1037 5.0
10667 1777 975 6.0
10668 1255 976 4.0
10669 1411 977 5.0
10671 1780 985 10.0
10672 61 986 6.0
10673 1782 991 11.0
10674 1785 992 4.0
10675 1785 992 6.0
10676 1791 1218 118.0
10677 1790 993 8.0
10682 1794 995 14.0
10683 1794 995 7.0
10684 1797 1016 21.0
10685 114 999 13.0
10686 1798 1000 15.0
10687 1798 1000 12.0
10688 1798 1000 4.0
10689 1796 1001 7.0
10690 1802 1002 11.0
10691 1803 1003 9.0
10692 1888 1371 11.0
10693 401 1004 5.0
10694 1812 1221 25.0
10695 1811 1006 12.0
10696 1783 1008 4.0
10697 1207 1010 16.0
10698 402 1011 4.0
10699 1029 1012 4.0
10700 1813 1240 8.0
10701 1815 1020 4.0
10702 907 1022 7.0
10704 855 1025 5.0
10705 1256 1373 24.0
10706 875 1027 7.0
10707 1824 1030 25.0
10708 1824 1030 4.0
10709 1030 1032 5.0
10710 1616 1035 6.0
10711 1778 1037 14.0
10712 1294 1038 27.0
10713 1644 2870 6.0
10714 1099 1039 6.0
10716 1031 1044 18.0
10717 1826 1048 11.0
10718 909 1049 7.0
10719 910 1655 19.0
10720 1830 1050 4.0
10721 1208 1052 7.0
10722 1208 1052 4.0
10723 218 1053 5.0
10725 873 1056 4.0
10726 2441 2258 20.0
10727 1833 1113 17.0
10728 1834 1063 4.0
10729 1834 1063 4.0
10730 1835 1065 8.0
10731 1119 1066 7.0
10732 1119 1066 6.0
10733 1837 1067 11.0
10734 1838 1070 13.0
10735 1838 1070 4.0
10736 1839 1074 4.0
10738 1840 1077 5.0
10739 1840 1077 6.0
10740 292 1079 4.0
10741 292 1079 9.0
10742 292 1079 5.0
10743 116 1080 6.0
10744 1841 1082 4.0
10745 1842 2819 8.0
10746 1564 1088 34.0
10747 1843 1094 30.0
10538 1623 2724 18.0
10748 1624 1099 5.0
10749 1844 1101 17.0
10750 1844 1101 11.0
10751 1845 1102 16.0
10752 1845 1102 11.0
10753 1845 1102 4.0
10754 675 1104 17.0
10755 1851 1721 20.0
10756 1856 1107 54.0
10757 1856 1107 18.0
10758 1856 1107 20.0
10759 1875 2406 88.0
10761 327 1109 25.0
10762 240 1110 5.0
10763 1833 1113 7.0
10764 1833 1113 8.0
10765 1880 1114 13.0
10766 1880 1114 4.0
10767 1881 1116 4.0
10768 1883 1470 139.0
10769 1886 1331 53.0
10770 1100 1124 4.0
10771 1890 1126 8.0
10772 1890 1126 15.0
10773 328 1129 4.0
10774 403 1130 7.0
10775 916 1132 4.0
10776 1562 1133 7.0
10777 1892 1442 10.0
10778 1891 1135 12.0
10779 771 1141 7.0
10780 771 1141 7.0
10781 1893 1142 5.0
10782 219 1144 8.0
10783 1955 1314 53.0
10784 787 1146 12.0
10785 118 1148 18.0
10786 1906 1181 14.0
10787 877 1154 17.0
10788 739 1155 7.0
10789 119 1157 5.0
10791 1389 1158 7.0
10792 1389 1158 4.0
10793 862 1160 6.0
10795 1908 1162 9.0
10796 1908 1162 4.0
10797 1909 1163 34.0
10798 821 1164 4.0
10799 821 1164 7.0
10800 788 1167 8.0
10801 788 1167 4.0
10802 645 1169 27.0
10803 645 1169 8.0
10804 645 1169 12.0
10805 919 1176 4.0
10806 220 1179 5.0
10807 1910 1180 5.0
10808 1553 1201 17.0
10809 1710 1182 5.0
10811 120 1187 4.0
10812 2036 1451 7.0
10813 1911 1189 10.0
10814 740 1191 4.0
10815 740 1191 4.0
10816 1913 1192 16.0
10817 1913 1192 21.0
10818 1864 2446 26.0
10819 1808 1193 12.0
10820 977 1194 5.0
10822 1607 1197 5.0
10823 956 1198 12.0
10824 1812 1221 15.0
10825 1553 1201 5.0
10826 1553 1201 9.0
10827 1553 1201 8.0
10828 822 1203 6.0
10829 822 1203 4.0
10830 1033 1205 254.0
10831 1033 1205 38.0
10832 1923 1207 4.0
10833 1923 1207 5.0
10834 1925 1263 34.0
10835 1927 1209 9.0
10836 1928 1210 4.0
10837 1928 1210 5.0
10838 921 1212 7.0
10839 921 1212 4.0
10840 640 1216 7.0
10841 922 1245 6.0
10842 1791 1218 12.0
10843 1791 1218 11.0
10844 1812 1221 4.0
10845 222 1226 10.0
10846 1930 1224 4.0
10847 1930 1224 7.0
10848 222 1226 12.0
10849 1931 1227 4.0
10850 757 1998 25.0
10851 1934 1231 11.0
10852 1936 1232 5.0
10853 1936 1232 7.0
10854 1627 1233 9.0
10855 1938 1242 4.0
10856 1976 2791 29.0
10857 978 2670 8.0
10858 1940 1246 5.0
10859 874 1249 5.0
10860 1943 1254 46.0
10861 1176 1256 5.0
10862 1944 1259 4.0
10863 1261 1260 6.0
10864 1261 1260 13.0
10865 1261 1260 10.0
10866 121 1262 11.0
10867 1210 1266 21.0
10868 1946 1267 27.0
10869 1946 1267 14.0
10870 1942 1270 4.0
10871 1947 1271 7.0
10872 1618 1273 34.0
10874 1949 1280 16.0
10875 1949 1280 4.0
10659 1772 1282 5.0
10878 1374 1286 8.0
10879 1951 1287 5.0
10880 1952 1288 13.0
10881 122 1289 7.0
10882 406 1291 8.0
10883 203 1294 12.0
10884 2178 1689 7.0
10885 1619 1299 4.0
10886 1619 1299 5.0
10887 1953 1300 16.0
10888 1953 1300 6.0
10889 1101 1301 5.0
10890 1954 1306 4.0
10891 1635 1309 4.0
10893 959 1311 4.0
10894 1401 1312 5.0
10895 1955 1314 26.0
10896 1955 1314 13.0
10897 1957 1315 8.0
10898 1958 1320 5.0
10899 1958 1320 4.0
10900 1959 1322 16.0
10901 1959 1322 5.0
10902 1959 1322 40.0
10903 1221 1327 6.0
10904 1960 1329 5.0
10905 1760 1330 8.0
10906 1760 1330 6.0
10908 123 1334 14.0
10909 1970 1524 50.0
10910 304 1338 18.0
10911 304 1338 9.0
10912 924 1342 15.0
10913 924 1342 7.0
10914 924 1342 4.0
10915 1972 1343 7.0
10916 1108 1353 5.0
10917 741 1355 6.0
10918 224 1359 5.0
10919 1975 1365 13.0
10920 1974 1363 4.0
10921 1974 1363 4.0
10922 124 1366 5.0
10928 225 1367 6.0
10929 1732 1369 6.0
10930 1980 1370 6.0
10931 1980 1370 16.0
10932 677 1375 8.0
10933 1987 1536 33.0
10934 1992 1456 9.0
10935 1993 1377 7.0
10936 1995 1378 6.0
10937 1531 1379 4.0
10938 1996 1381 7.0
10939 1997 1385 5.0
10940 790 1386 14.0
10941 1998 1387 18.0
10942 1998 1387 9.0
10943 1998 1387 113.0
10944 1998 1387 4.0
10945 1999 1388 5.0
10946 1999 1388 22.0
10947 2000 1389 8.0
10948 2002 1443 30.0
10949 2004 1392 10.0
10950 2004 1392 4.0
10951 125 1396 13.0
10952 2005 1398 13.0
10953 2006 1401 7.0
10954 2010 1417 16.0
10955 791 1404 8.0
10956 791 1404 16.0
10959 2013 1406 4.0
10960 126 1407 9.0
10961 1271 1409 5.0
10927 1271 1409 45.0
10962 1271 1409 16.0
10963 2014 1410 49.0
10964 2014 1410 8.0
10965 2014 1410 38.0
10966 2015 1411 15.0
10967 928 1412 13.0
10968 2017 1413 8.0
10969 2018 1414 5.0
10957 2012 2841 16.0
10970 2010 1417 8.0
10976 2022 1421 17.0
10977 2022 1421 4.0
10978 2023 1422 6.0
10979 2024 1423 4.0
10650 971 1426 9.0
10980 2025 1427 5.0
10981 2025 1427 4.0
10982 1570 1429 15.0
10983 680 1430 8.0
10971 2019 2666 16.0
10984 2020 1431 9.0
10985 700 1432 5.0
10986 2026 1433 15.0
10987 2026 1433 9.0
10989 1211 1434 4.0
10990 2028 1435 6.0
10991 2028 1435 4.0
10992 1212 1436 17.0
10993 127 1437 11.0
10994 2029 1438 4.0
10995 1213 1439 36.0
10996 1213 1439 30.0
10997 1213 1439 10.0
10999 1892 1442 5.0
11000 2031 1878 94.0
11001 2002 1443 11.0
11002 2016 1444 12.0
11004 2034 1448 15.0
11005 407 1450 4.0
11006 2147 1609 45.0
11008 1733 2827 55.0
11009 976 1454 12.0
11010 976 1454 8.0
11011 1992 1456 5.0
11012 2003 1457 7.0
11013 2045 1458 4.0
11014 929 1768 6.0
11015 2046 1460 6.0
11016 2046 1460 17.0
11017 50 1976 32.0
11018 2081 1502 38.0
10419 1501 2830 7.0
11019 2052 1467 4.0
11020 2052 1467 4.0
11021 2053 1469 5.0
11022 2060 1824 12.0
11024 1883 1470 18.0
11025 171 1471 8.0
11026 2063 1473 9.0
11027 2063 1473 79.0
11028 2063 1473 8.0
11029 1979 1474 6.0
11030 2064 1476 12.0
11031 2064 1476 4.0
11032 226 1478 8.0
11033 2069 1479 10.0
11034 2069 1479 4.0
11035 2070 1480 9.0
11036 2070 1480 16.0
11037 2071 1481 38.0
11038 2071 1481 14.0
11039 2071 1481 7.0
11040 2072 1483 6.0
11041 1822 1484 23.0
11042 1822 1484 9.0
11043 2073 1487 5.0
11044 2073 1487 6.0
11047 932 1491 10.0
11048 2074 1492 5.0
10975 2021 2769 7.0
11050 1591 1493 8.0
11051 2076 1494 7.0
11052 2076 1494 11.0
11053 416 1497 4.0
11054 2077 1498 31.0
11055 2078 1506 16.0
11056 933 1500 106.0
11057 2080 1511 18.0
11058 2082 1504 9.0
11059 2082 1504 9.0
11060 2083 1505 10.0
11061 2083 1505 7.0
11062 1215 1508 6.0
11063 175 1509 10.0
11064 2085 2291 10.0
11065 2084 1510 13.0
11066 2080 1511 23.0
11067 934 1513 6.0
11068 176 1514 5.0
11069 1554 1516 46.0
11070 2086 1517 5.0
11071 2087 1519 9.0
11072 2087 1519 8.0
11073 2088 1520 13.0
11074 2088 1520 5.0
11075 935 1523 5.0
11076 1970 1524 24.0
11077 936 1644 11.0
11078 795 1526 8.0
11079 129 1527 5.0
11080 1002 1528 9.0
11081 1002 1528 10.0
11082 1935 1529 19.0
11083 130 1531 6.0
11084 2104 2488 68.0
11085 2107 1534 10.0
11087 2108 1535 5.0
11088 1987 1536 7.0
11089 2109 1538 8.0
11090 2110 1539 42.0
11091 2110 1539 7.0
11092 2112 1540 7.0
11093 2112 1540 9.0
11094 1735 1541 5.0
11095 1736 1543 5.0
11096 2224 1938 30.0
11097 227 1548 7.0
11098 1036 1550 4.0
11099 701 1553 6.0
11100 178 1554 6.0
11101 2121 1556 4.0
11102 2122 1676 13.0
11103 131 1559 7.0
11104 702 1560 9.0
11105 2123 1561 43.0
11106 2123 1561 12.0
11107 2123 1561 6.0
11108 2123 1561 59.0
11109 2123 1561 15.0
11110 758 1564 6.0
11112 796 1568 4.0
11113 937 1570 4.0
11114 2124 1572 7.0
11115 2128 1870 26.0
11116 1216 1575 4.0
11117 2131 1577 16.0
11118 2131 1577 4.0
11119 2132 1579 238.0
11120 2132 1579 66.0
11121 1469 2359 9.0
11122 1319 1581 9.0
11123 1120 1582 15.0
11124 1120 1582 8.0
11125 1120 1582 7.0
11126 458 1584 7.0
11127 2135 1587 6.0
11128 1102 1590 9.0
11129 2136 1592 22.0
11130 1121 1594 11.0
11131 2097 1595 4.0
11132 1762 1596 9.0
11133 1122 1599 9.0
11134 2043 1713 28.0
11135 2143 1660 6.0
11138 33 1603 10.0
11139 1620 1605 11.0
11140 1620 1605 9.0
11137 2147 1609 33.0
11141 2147 1609 17.0
11142 1245 1610 5.0
11143 1895 1612 6.0
11144 2149 1613 4.0
11136 2089 1616 5.0
11145 2150 2139 7.0
11146 2320 2256 15.0
11147 938 1618 4.0
11148 2155 1620 11.0
11149 2156 1622 19.0
11150 2156 1622 8.0
11151 1537 1624 5.0
11153 2157 1628 5.0
11154 2157 1628 10.0
11155 1217 1629 12.0
11156 2158 1631 226.0
11157 2158 1631 23.0
11158 2158 1631 12.0
11159 2158 1631 5.0
11160 2160 1641 10.0
11161 682 1639 6.0
11162 1038 1640 6.0
11163 2159 1642 8.0
11165 134 1650 5.0
11166 683 1651 11.0
11167 2162 1657 11.0
11168 2162 1657 4.0
11169 2165 1662 4.0
11170 2165 1662 6.0
11171 1342 1663 14.0
11172 228 1664 4.0
11173 2166 2637 8.0
11174 939 1668 6.0
11175 2168 1669 4.0
11176 1566 1670 6.0
11177 179 1672 6.0
11178 179 1672 5.0
11179 2169 1673 4.0
11180 1966 1674 5.0
11181 62 1677 21.0
11182 62 1677 5.0
11183 1572 1679 12.0
11184 2173 1681 9.0
11185 2173 1681 8.0
11187 684 1682 6.0
11188 135 1683 6.0
11189 2176 1684 4.0
11190 1567 1685 10.0
11186 142 1686 4.0
11191 2177 1688 6.0
11192 2178 1689 4.0
11193 2179 1690 22.0
11194 2179 1690 4.0
11195 1739 1691 7.0
11196 2199 2851 7.0
11197 797 1696 4.0
11198 136 1698 61.0
11199 2183 1699 6.0
11200 2183 1699 5.0
11202 2185 1705 4.0
11203 2185 1705 4.0
11204 2186 1708 5.0
11205 2186 1708 8.0
11206 2188 1709 5.0
11207 2191 1727 9.0
11208 940 1712 6.0
11209 1988 1715 13.0
11210 1637 1716 5.0
11211 2192 1719 15.0
11212 2192 1719 7.0
11213 982 1720 9.0
11214 1851 1721 6.0
11215 2193 1722 17.0
11216 2193 1722 5.0
11217 2195 1723 5.0
11218 2196 1725 15.0
11219 2196 1725 5.0
11220 2197 1726 12.0
11221 2197 1726 28.0
11222 2191 1727 11.0
11223 2198 1729 4.0
11224 137 1730 8.0
11225 1648 1731 11.0
11226 2200 1732 14.0
11227 2201 1735 19.0
11228 2203 1749 14.0
11229 2202 1736 6.0
11230 798 1754 9.0
11231 696 2252 33.0
11233 2207 1744 5.0
11234 735 1747 7.0
11235 2203 1749 9.0
11236 2208 1750 9.0
11237 2209 1751 21.0
11238 2209 1751 4.0
11240 2210 1756 14.0
11241 2210 1756 9.0
11242 2211 2149 20.0
11243 439 1760 5.0
11244 1334 1761 10.0
11245 2216 1960 14.0
11246 2217 1763 6.0
11247 2218 1764 7.0
11248 2218 1764 9.0
11249 2219 1765 5.0
11250 2219 1765 5.0
11251 1649 1766 6.0
11252 929 1768 4.0
11253 2220 1769 4.0
11254 180 1770 4.0
11256 2224 1938 28.0
11257 2358 2671 24.0
11258 2226 1772 18.0
11259 2241 1774 10.0
11260 2241 1774 7.0
11261 2241 1774 4.0
11023 128 2834 9.0
11262 983 1777 4.0
11263 2242 1780 7.0
11264 1218 1781 5.0
11265 799 1787 10.0
11266 2245 1811 25.0
11267 2247 1789 4.0
11268 1473 1888 11.0
11269 2249 1871 16.0
11271 2251 1793 10.0
11272 942 1796 10.0
11273 2253 2124 12.0
11274 2254 1798 13.0
11275 2254 1798 4.0
11276 2255 1799 31.0
11277 2255 1799 4.0
11278 2257 2665 9.0
11255 695 1806 17.0
11279 1474 1807 4.0
11280 800 1808 6.0
11281 2259 2239 22.0
11282 600 1812 11.0
11283 1323 1813 5.0
11284 2272 1814 5.0
11285 2273 1815 9.0
11286 2274 1818 5.0
11287 2275 1823 8.0
11288 2275 1823 5.0
11289 2060 1824 9.0
11290 2276 1829 5.0
11291 945 1833 20.0
11292 2277 1834 6.0
11293 2277 1834 6.0
11294 2278 1835 4.0
11295 2279 2832 10.0
11297 2280 1840 5.0
11298 2280 1840 10.0
11299 2283 2059 17.0
11300 2282 1841 4.0
11301 2174 1846 7.0
11302 2174 1846 4.0
11303 2284 1854 4.0
11304 2285 1855 15.0
11305 2285 1855 9.0
11306 2287 1858 8.0
11307 2287 1858 4.0
11308 1679 1868 4.0
11309 1715 1869 6.0
11310 2128 1870 5.0
11311 2128 1870 4.0
11312 2288 1872 10.0
11313 2288 1872 5.0
11314 2289 1875 4.0
11315 2289 1875 7.0
11316 2291 1877 21.0
11317 2031 1878 8.0
11318 947 1882 4.0
11319 2294 1883 8.0
11320 2294 1883 4.0
11321 1742 1891 10.0
11322 986 1889 5.0
11323 2296 1890 6.0
11324 2297 1900 4.0
11325 2297 1900 5.0
11326 2090 1910 4.0
11327 2298 1911 4.0
11328 1626 1912 9.0
11329 229 1917 5.0
11330 2234 1925 5.0
11332 745 1930 6.0
11333 2119 1933 5.0
11334 2300 1935 7.0
11335 2300 1935 6.0
11336 2300 1935 13.0
11337 2389 2186 25.0
11338 2305 1940 4.0
10998 2030 2707 8.0
11339 2227 2067 11.0
11340 2306 1951 6.0
11341 949 1952 4.0
11342 2307 1953 5.0
11343 2308 1954 9.0
11344 2308 1954 20.0
11345 2214 1956 5.0
11346 2129 1959 5.0
11347 2309 1962 5.0
11348 2310 2199 6.0
11349 2314 2581 11.0
11350 1497 1969 8.0
11351 2325 1971 6.0
11353 1436 1980 17.0
11354 1436 1980 5.0
11356 2326 1981 4.0
11357 2326 1981 5.0
11358 2327 1983 4.0
11359 2327 1983 9.0
11361 2330 1988 6.0
11362 2330 1988 4.0
11363 2331 1989 7.0
11364 2333 2022 12.0
11365 1594 2004 6.0
11366 2336 1992 8.0
11367 138 1993 5.0
11368 2337 1996 11.0
11369 2130 1997 5.0
11370 757 1998 19.0
11371 801 2000 9.0
11372 2338 2001 8.0
11373 2338 2001 4.0
11374 2340 2634 5.0
11376 2342 2003 4.0
11377 2342 2003 4.0
11379 1743 2007 5.0
11380 1804 2014 8.0
11375 2341 2015 5.0
11381 950 2016 4.0
11382 2356 2063 8.0
11383 1651 2018 6.0
11385 1991 2020 7.0
11386 2346 2021 4.0
11387 2333 2022 6.0
11388 2347 2023 10.0
11389 1590 2030 5.0
11390 2348 2024 4.0
11360 2329 2729 23.0
11391 2349 2026 5.0
11392 2349 2026 8.0
11393 2350 2027 6.0
11394 2350 2027 6.0
11395 1590 2030 12.0
11396 987 2034 7.0
11397 2351 2037 7.0
11398 1388 2042 4.0
11399 2352 2044 10.0
11400 2352 2044 7.0
11401 1702 2047 7.0
11402 1702 2047 8.0
11404 593 2051 14.0
11405 2355 2054 8.0
11406 2355 2054 4.0
11407 1823 2055 6.0
11408 2283 2059 4.0
11409 2283 2059 10.0
11410 2358 2671 26.0
11411 2227 2067 4.0
11412 2140 2069 6.0
11413 2235 2071 4.0
11414 1764 2072 5.0
11415 2359 2074 6.0
11416 2236 2076 4.0
11417 1396 2077 4.0
11418 612 2078 6.0
11420 613 2535 30.0
11421 2360 2079 4.0
11422 2374 2308 18.0
11423 2375 2082 4.0
11424 2376 2084 9.0
11425 2377 2086 4.0
11427 2384 2087 6.0
11428 2384 2087 4.0
11429 2385 2090 4.0
11430 2385 2090 23.0
11431 2385 2090 4.0
11432 2387 2091 12.0
11433 2387 2091 4.0
11434 2388 2092 4.0
11435 1587 2100 6.0
11436 1744 2101 5.0
11437 1744 2101 11.0
11438 1017 2102 8.0
11439 2252 2103 15.0
11440 2252 2103 22.0
11441 2389 2186 11.0
11442 2390 2115 5.0
11443 2334 2117 5.0
11444 2391 2119 4.0
11445 2253 2124 7.0
11446 2253 2124 21.0
11447 2253 2124 10.0
11448 2253 2124 5.0
11449 2253 2124 11.0
11450 2392 2128 5.0
11451 2392 2128 12.0
11452 2393 2129 5.0
11453 856 2132 6.0
11454 2310 2199 10.0
11455 746 2134 13.0
11456 746 2134 24.0
11457 746 2134 5.0
11458 687 2136 10.0
11459 2394 2138 12.0
11460 1621 2140 4.0
11461 2211 2149 17.0
11462 629 2151 4.0
11463 1680 2156 12.0
11464 1680 2156 8.0
11465 2395 2176 12.0
11466 2398 2160 6.0
11467 2446 2276 16.0
11468 802 2163 5.0
11469 1681 2167 13.0
11471 2411 2169 4.0
11472 2411 2169 4.0
11473 2412 2171 7.0
11474 2413 2173 5.0
11475 2414 2174 4.0
11476 1855 2177 4.0
11378 2343 2705 19.0
11477 614 2330 6.0
11478 951 2182 13.0
11479 615 2187 4.0
11480 2415 2190 7.0
11481 2416 2192 4.0
11482 952 2196 4.0
11483 2417 2197 4.0
11484 2269 2200 9.0
11485 2421 2201 12.0
11486 2421 2201 6.0
11487 2422 2203 7.0
11488 747 2205 4.0
11489 1039 2207 17.0
11490 2423 2209 4.0
11491 2423 2209 4.0
11492 140 2210 9.0
11493 2424 2216 4.0
11494 2425 2218 14.0
11495 1653 2261 22.0
11497 2322 2223 5.0
11498 2427 2230 5.0
11499 2427 2230 6.0
11500 2427 2230 12.0
11501 1870 2232 4.0
11502 2430 2263 21.0
11503 2264 2235 5.0
11504 2432 2236 6.0
11505 703 2240 8.0
11506 143 2242 7.0
11507 230 2244 11.0
11508 2507 2521 17.0
11509 188 2247 5.0
11510 188 2247 6.0
11512 616 2250 7.0
11513 696 2252 16.0
11514 696 2252 7.0
11515 1871 2255 11.0
11516 2441 2258 13.0
11517 2442 2260 8.0
11518 2430 2263 17.0
11519 2443 2267 6.0
11470 2410 2269 6.0
11522 2445 2273 4.0
11523 2445 2273 4.0
11524 2270 2303 6.0
11525 2446 2276 4.0
11526 2447 2277 7.0
11527 2447 2277 4.0
11403 2354 2281 4.0
11529 618 2285 5.0
11530 691 2288 6.0
11531 551 2290 38.0
11532 2085 2291 5.0
11533 55 2298 6.0
11534 55 2298 19.0
11535 2452 2300 8.0
11536 2454 2301 17.0
11537 2454 2301 6.0
11538 2454 2301 7.0
11539 2454 2301 7.0
11540 2404 2304 4.0
11541 2455 2305 5.0
11542 2374 2308 5.0
11543 2456 2310 9.0
11544 2440 2613 28.0
11545 1873 2313 8.0
11546 1873 2313 5.0
11547 1874 2318 33.0
11548 1874 2318 6.0
11549 2470 2319 4.0
11550 1661 2322 4.0
11551 2419 2326 6.0
11552 2472 2327 8.0
11553 2472 2327 6.0
11554 2474 2404 18.0
11555 2476 2329 317.0
11556 2476 2329 9.0
11557 1480 2332 4.0
11558 1480 2332 5.0
11559 552 2333 10.0
11560 1633 2336 4.0
11561 2324 2342 4.0
11562 2477 2347 4.0
11563 620 2349 4.0
11564 880 2352 7.0
11565 144 2353 4.0
11566 2479 2355 8.0
11567 2480 2362 9.0
11568 2480 2362 4.0
11569 1585 2363 4.0
11570 2481 2364 14.0
11571 2481 2364 4.0
11572 2482 2366 4.0
11573 408 2368 10.0
11574 2483 2371 4.0
11426 2381 2385 9.0
11575 2382 2375 4.0
11576 2382 2375 5.0
11577 1746 2379 4.0
11578 1481 2383 13.0
11579 2484 2384 4.0
11580 2486 2386 4.0
11581 1747 2387 6.0
11582 2487 2391 4.0
11583 2487 2391 5.0
11584 2032 2400 30.0
11586 621 2402 8.0
11587 2488 2403 4.0
11588 1875 2406 27.0
11589 1875 2406 9.0
11590 2367 2440 8.0
11591 2490 2411 6.0
11592 2491 2414 5.0
11593 1748 2419 6.0
11594 2495 2439 24.0
11595 2496 2422 5.0
11596 2496 2422 4.0
11597 2497 2424 4.0
11598 627 2425 4.0
11599 630 2428 22.0
11600 2498 2491 17.0
11601 2499 2430 5.0
11602 2141 2431 4.0
11603 2271 2435 8.0
11604 1684 2437 7.0
11605 2500 2441 4.0
11606 2503 2469 19.0
11607 622 2444 5.0
11608 1864 2446 7.0
11609 2509 2450 4.0
11610 2510 2451 5.0
11611 2511 2456 14.0
11612 1685 2452 17.0
11613 2515 2559 11.0
11614 2098 2455 6.0
11615 2516 2458 6.0
11616 2383 2460 4.0
11511 2303 2608 13.0
11617 2062 2462 13.0
11620 2517 2467 31.0
11621 2517 2467 6.0
11622 2518 2468 5.0
11624 2521 2472 13.0
11625 2521 2472 55.0
11626 1574 2477 9.0
11627 2103 2479 6.0
11629 2522 2484 5.0
11630 2104 2488 9.0
11631 2104 2488 7.0
11632 2523 2489 6.0
11623 2102 2815 13.0
11633 1575 2492 9.0
11634 2524 2493 4.0
11635 2525 2495 5.0
11636 56 2501 5.0
11637 2530 2611 32.0
11638 2323 2505 4.0
11639 2534 2514 5.0
11640 2536 2650 5.0
11641 1482 2523 4.0
11643 2537 2524 8.0
11644 2538 2534 6.0
11645 2539 2538 12.0
11646 2540 2546 6.0
11647 1749 2547 4.0
11648 2541 2550 4.0
11649 2541 2550 4.0
11650 2542 2551 7.0
11651 2142 2557 6.0
11652 1877 2568 15.0
11653 2543 2566 12.0
11654 2543 2566 24.0
11655 2543 2566 7.0
11656 1877 2568 8.0
11657 2544 2615 9.0
11658 2545 2569 6.0
11659 2546 2574 4.0
11660 2547 2575 5.0
11661 1750 2577 5.0
10228 1713 2578 4.0
11662 2548 2583 16.0
11663 2548 2583 8.0
11664 988 2585 5.0
11665 2551 2597 9.0
11666 2105 2587 4.0
11668 1483 2592 7.0
11669 2551 2597 8.0
11670 1878 2600 4.0
11671 2552 2607 4.0
11672 2304 2610 12.0
11673 2440 2613 30.0
11674 2440 2613 7.0
11675 2553 2614 4.0
10760 914 2618 6.0
10877 1262 2809 14.0
10293 1352 2624 5.0
10418 1500 2630 22.0
11270 984 2636 18.0
10612 1693 2639 12.0
10142 1050 2643 7.0
10658 1771 2647 9.0
11618 623 2652 4.0
11496 1869 2653 7.0
10907 1961 2656 5.0
10568 1155 2659 21.0
10569 1155 2659 9.0
11628 550 2660 7.0
10261 1327 2664 6.0
10972 2019 2666 14.0
10973 2019 2666 11.0
11232 2206 2668 4.0
11111 132 2669 6.0
10873 1948 2673 7.0
11086 1317 2677 11.0
11619 2134 2678 6.0
10018 254 2679 5.0
11419 54 2680 6.0
10494 307 2682 8.0
10210 352 2685 9.0
10611 1692 2686 7.0
11521 617 2689 4.0
10680 1606 2690 23.0
10681 1606 2690 9.0
11201 2184 2696 14.0
10892 965 2699 4.0
11164 63 2703 4.0
10724 1209 2704 12.0
10396 1424 2708 7.0
10988 2027 2714 4.0
11667 974 2716 9.0
10537 1623 2724 6.0
10925 1889 2732 10.0
10596 1640 2736 7.0
11585 1654 2740 4.0
10553 1489 2741 4.0
11384 2345 2748 8.0
10552 1611 2754 4.0
10486 1248 2757 10.0
11331 2299 2758 4.0
10678 1786 2759 12.0
10679 1786 2759 6.0
10289 831 2762 4.0
10703 1313 2764 4.0
10974 2021 2769 8.0
10923 547 2770 6.0
11520 2444 2772 6.0
11007 1343 2782 4.0
10821 789 2783 5.0
10924 1976 2791 7.0
10174 1131 2802 25.0
10175 1131 2802 15.0
10088 347 2808 4.0
10876 1262 2809 9.0
10715 1617 2810 8.0
11352 1324 2813 4.0
10227 844 2816 7.0
10790 1842 2819 6.0
11296 2279 2832 9.0
10926 1977 2835 4.0
11528 2449 2840 5.0
10958 2012 2841 4.0
9964 3 2843 15.0
11239 170 2847 8.0
11355 1001 2850 7.0
11642 2513 2852 4.0
11045 1377 2856 4.0
11046 1377 2856 4.0
10007 532 2862 15.0
10810 1719 2863 5.0
10794 1536 2866 6.0
10649 1767 2869 5.0
11049 1214 2871 6.0
10380 1023 2879 20.0
10670 847 2882 6.0
10025 151 2887 8.0
10026 151 2887 8.0
10027 151 2887 5.0
10170 493 2888 8.0
10171 493 2888 8.0
10281 560 2895 4.0
10737 115 2897 13.0
10374 1443 2898 6.0
10232 86 2899 5.0
11152 1321 2900 11.0
11003 2033 2902 4.0
10151 425 2905 8.0
