Q_ID Answer_ID Score .....
2 4 44 24 8 26 23 261 12 1108 5
5 9 12 10 6 13 5 25 22 73 61
14 17 15 404 8 4676 15
20 23 18 28 15 34 135 2227 116 2853 16 3664 5
21 27 4 121 17 687 25
29 37 17 44 57 142 22 391 10 805 9 1387 11 6422 6 128086 5
33 35 22 553 26 605 7
43 206 7 219 4 5771 6 57347 9
46 50 9 61 11
47 55 16 60 15 116 7 179 16
48 54 5 57 9 259 14
56 58 81 70 8 492 50 7937 14 41912 28
59 69 67 72 4 74 10 75 17 138 25 333 6
62 67 6 68 8
63 65 25 115 8
64 87 17 284 4
81 109 13 343 16 2404 4
82 112 13 113 7 163 5 164 4 165 4 212 11 247 5 3714 4 5998 4
86 92 6 170 4
93 103 6 244 12
94 97 7 101 4 105 10
111 114 8 141 4 145 14
123 374 17 559 5 638 5 12392 6
126 160 38 173 16 621 23 1994 7 24837 6
127 139 29 140 46 1155 71 17570 12 23258 10
135 137 11 198 4
144 147 156 17376 7 55139 102 141788 10
152 154 4 192 5 210 7
153 155 8 156 32 158 7 159 4 161 13 306 5 7349 6 9251 4
194 455 7 508 4 640 16 1185 19
197 203 27 499 6
201 205 10 230 4 308 5
232 242 22 260 8
252 258 6 294 5
255 257 16 628 8 98366 8
262 268 6 272 6
270 271 9 276 8 315 15 356 6
283 285 22 392 4 393 4 2121 6 7894 10
287 292 6 293 5
299 347 8 948 16 957 4 966 4
309 311 7 314 29
310 345 7 363 10
320 328 13 348 10 350 4 1551 5
321 323 5 1906 8
322 344 29 17212 22
337 341 25 680 6 7548 5
338 340 17 560 13 3503 9
351 352 13 2209 4
358 360 56 377 23 34756 13 56181 15
364 376 7 460 5
381 382 15 383 11
385 419 7 1029 18
390 403 5 458 7
394 399 8 406 5
401 423 13 498 5 5297 9 6178 7 7024 7 7035 8
405 408 43 557 21 10186 8
409 410 10 414 4
411 416 4 420 11 679 4
431 432 15 752 7
434 436 9 463 4
435 437 29 439 18 491 9 507 10 751 14 3894 8 69777 4
440 441 9 443 10 451 15 604 4
445 446 5 457 4 462 5 472 5 489 5
461 465 52 466 9 595 4
467 471 17 487 10
468 469 12 470 12 5876 5
486 497 9 514 7 1090 8 14101 4
505 509 10 510 37 16336 5
511 513 38 517 8 45164 5
530 533 7 558 13 564 7
545 546 7 552 11
561 562 4 572 9 4780 5
567 568 19 574 27
573 780 7 3651 5 3673 6
581 582 16 585 7
586 589 45 596 31
598 599 18 617 7
606 609 10 613 9 626 5
612 614 4 615 10
629 632 9 633 42 1159 5 1163 5 6968 23 6969 21 12389 14
647 666 9 853 4
651 652 11 664 6 80498 11
659 662 17 663 5 110785 15
667 670 7 671 6
668 672 6 1434 5
688 690 4 699 9
692 694 4 695 13
696 697 13 702 7 5835 5 8400 5 8476 8 8478 32 123146 8
710 713 14 721 17 722 4
712 717 12 731 9
728 729 5 744 4
742 743 6 745 15
756 758 7 759 18 2912 5
760 761 7 762 12
763 765 40 768 4 770 5
771 772 15 777 8
788 791 25 843 5
790 793 5 813 4
808 809 5 810 21
818 821 19 828 7 852 21
854 857 12 899 20
858 863 5 869 19 880 5 883 10
861 862 8 867 7
872 873 4 2808 4
888 890 9 897 4
907 908 44 963 9
916 925 55 936 30 57609 6 138345 13
917 922 14 927 5
940 941 18 944 12
955 958 19 974 15 50887 14
956 964 6 7745 7
973 980 21 999 5 1124 9
983 984 12 990 9 3241 4
1014 1017 5 1022 9
1018 1019 4 1020 8 1369 11
1021 1023 10 1024 4 5597 6
1038 1039 14 1041 8 1042 6 1053 9 1203 4
1040 1047 10 1048 4 1055 9
1043 1045 9 1051 14 1058 41 1690 7
1044 1114 5 1140 5
1083 1085 8 1093 6
1099 1101 10 1105 13 29832 4 39075 6
1121 1122 12 1123 12 1129 5
1126 1127 8 1128 5 1132 6
1141 1142 7 1143 6 1147 4
1144 1145 4 1149 11
1166 1167 60 1175 36 37260 15 77764 6 93785 7
1170 1171 12 1172 6 1180 4
1201 1204 16 1205 7
1206 1207 7 1254 4
1215 1216 6 1219 7
1229 1235 27 1250 11
1230 1234 7 1241 4
1245 1248 10 1255 4
1261 1265 84 4103 20 44745 31
1281 1287 16 119633 15
1282 1291 4 1307 5
1283 1284 4 1289 21 1727 6 21211 5 46619 5
1285 1288 1563 1294 71 1304 358 27034 110 29528 33 34419 19 76612 35
1298 1299 6 1300 7
1301 1303 26 1308 25
1305 1309 11 1325 5
1326 1328 6 1332 23 1418 7
1346 1347 8 1399 6
1359 1362 4 1363 12 12074 9
1371 1384 13 12602 7
1410 1412 6 1429 6
1423 1424 11 1435 9 1663 8 11424 4 118154 5
1426 1432 6 1433 120
1437 1444 6 1445 4
1457 1458 6 1459 14 1461 4 1488 5
1485 1486 22 1499 6
1493 1495 4 1498 4
1527 1533 6 1550 12
1547 1549 7 1553 4
1554 1556 9 1560 18
1577 1578 14 1580 32
1584 1585 10 1586 34 1593 23 5918 4
1592 1597 5 1598 13
1632 1633 11 1674 21 1675 5
1637 1639 29 1640 13 1641 5
1654 1655 9 1680 4
1677 1678 15 1679 10 1691 4
1692 1696 7 1704 4
1694 1698 27 1702 6 1725 4 1729 6
1699 1701 18 1801 7
1705 1710 5 1827 6
1714 1715 8 1717 8
1726 1752 10 1754 5 1759 7
1728 1736 9 69556 28
1732 1738 5 1744 35
1742 2030 15 2962 27 95456 17
1750 1751 39 1753 21 1757 5 1804 7
1755 1756 6 1758 5 1760 9
1765 1766 9 1810 7
1767 1769 9 1773 6 1778 4 1782 12 1803 7
1775 1779 5 1780 7 1784 4 1788 8
1792 1793 13 1794 24 1829 10 2860 8
1805 1807 6 1833 4
1811 1812 27 1831 14
1814 1815 6 1819 6
1847 1849 11 1863 11
1866 1872 5 1873 6 1874 4
1876 1877 14 1878 9 1879 29
1883 1884 17 15884 19
1910 1911 7 1916 7 1922 23
1927 1928 4 1941 9
1998 1999 4 2000 5
2009 2010 5 2011 12
2041 2044 25 2055 4 116536 35
2050 2051 29 2052 13 2056 14 10547 8
2072 2073 17 2075 17 2079 5 2083 6
2084 2088 6 2130 5
2109 2110 17 2114 7
2124 2128 4 2129 7
2137 2138 4 2144 7 2146 4
2174 2175 41 2176 5 2179 4 2186 5
2195 2196 19 2199 5 10856 26
2296 2302 12 2307 7
2342 2362 14 2373 8
2357 2360 5 2365 6 2374 14 2380 8 2381 43
2361 2363 7 2364 6
2387 2389 20 2391 81 2392 20 44406 5 47659 18
2471 2472 18 2475 28 2477 8 2479 12 2480 20 2485 63 2523 7 3108 8 3198 27 34781 9 50402 6
2511 2512 72 2513 16 5850 9
2515 2517 4 2518 7
2524 2528 11 2571 6
2531 2534 15 2536 8
2545 2546 10 2547 10
2562 2564 7 2575 4
2569 2615 6 2680 5
2572 2576 4 2578 48
2574 2577 9 2596 7
2599 2600 4 2601 4
2624 2628 4 2645 4
2631 2633 6 2635 4
2634 2637 15 17378 5
2650 2658 5 2659 7
2662 2664 8 2698 5
2677 2686 42 2691 6 2694 28 2709 16
2678 2682 27 2683 14
2687 2695 30 2699 7 2705 22 128820 10
2701 2704 6 2715 4
2710 2712 13 2722 7 2732 4
2716 2717 9 2718 5
2743 2744 6 4868 9
2758 2759 35 2762 5
2763 2764 8 2765 6
2770 2773 8 2776 12 54577 5
2784 2785 5 2793 4
2790 2791 4 2792 4
2796 2798 83 80114 21
2804 2805 42 15946 7 15947 13
2824 2832 10 7190 8
2868 2876 5 2878 7
2895 2896 13 2902 10 2904 8
2905 2906 27 2907 18 2911 18 2913 57 2914 37 2924 141 2939 16 38943 8 39015 7 53471 14 60440 5 60459 4 63967 5
2918 2920 11 2948 49 2955 31 2961 8 3009 5
2967 2968 4 2987 5
2973 2974 304 194124 7
2978 2980 7 2981 10 2982 8 2983 10 47006 4
3005 3007 4 3008 42 52143 11 186457 11
3042 3043 10 3046 4
3056 3057 4 3064 5
3093 3095 8 50066 5
3102 3105 4 3118 5
3110 3111 9 3127 7
3115 3122 4 3123 6
3134 3136 19 3137 32
3139 3141 6 3151 4 3152 4
3140 3145 16 3146 4 3147 14 15378 5
3148 3149 326 3172 72 191115 13
3153 3157 13 3196 4
3204 3205 8 3228 5
3221 3222 33 15616 10
3223 3224 7 3422 4
3229 3230 10 3232 4
3251 3267 6 3316 5
3255 3260 4 3270 4
3276 3277 55 6190 22
3281 3282 14 3284 53 78228 49
3289 3290 6 3318 5 3319 7
3323 3324 15 3328 6 4422 4
3343 3344 10 3377 5
3345 3347 7 3348 6
3375 3376 14 6182 7
3394 3447 35 3607 5 141037 11
3480 3481 19 3483 5
3509 3510 7 3518 11
3512 3513 10 3516 10
3519 3521 16 3541 8
3540 3549 7 3656 9
3552 3571 4 5106 12 82183 4
3605 3606 6 3609 8 3619 5
3628 3629 15 3631 7 3633 6
3647 3650 12 3661 5
3653 3660 6 3679 5
3674 3677 4 3697 4
3682 3684 4 3686 13 13808 6
3688 3690 6 3691 6
3694 3695 15 3702 9 3713 4
3696 3698 24 3699 7 3700 12 3703 4 3705 5 3709 11
3710 3711 4 3712 6
3737 3739 5 3741 4 3747 9
3751 3753 14 3762 6 3858 5
3754 3759 5 16180 7
3760 3763 4 3767 13
3768 3769 50 3770 24 3772 10 19221 9
3794 3796 6 3797 26
3828 3829 8 3833 8 3834 5
3831 3835 24 3846 7 3860 7 5573 4 36142 5
3856 3857 10 3859 21
3913 3919 11 3927 4 3930 4
3914 3915 14 3937 11 3961 6
3980 3981 7 3985 4
3999 4001 6 4004 9
4018 4022 5 4023 5
4021 4035 7 77727 4
4040 4041 6 4042 5
4043 4046 13 4048 40 4956 17 44154 9
4106 4198 5 4199 4
4115 4139 5 4201 5
4118 4120 5 4133 5
4124 4148 4 4541 4
4129 4130 25 4131 13
4137 4140 6 4144 6 4150 4
4141 4142 5 4143 4
4154 4156 19 4157 4
4162 4166 13 4167 5
4177 4181 6 4975 4
4210 4213 8 4217 6
4214 4556 10 23907 4
4215 4216 4 4225 9
4218 4221 6 4223 5
4252 4253 7 4273 10
4255 4258 5 4259 4
4274 4275 26 4276 22 4277 40
4283 4284 11 4287 41 4299 19 95812 5 193173 7
4286 4300 122 4323 112 124102 10 152566 83 184339 15 203229 13
4291 4292 5 4293 13
4347 4348 5 4349 27
4363 4395 5 5001 4
4373 4374 23 4375 23 4376 6 4377 7
4441 4442 6 4443 15 4446 8 4451 5 4459 52
4475 4476 6 4478 5 4482 12
4479 4480 9 4481 12 4490 4
4494 4500 11 4501 5 4502 5
4506 4507 4 4510 27 4536 21
4511 4514 14 50960 9
4521 4522 9 21648 21
4540 4543 4 4544 6 4545 6
4557 4562 8 4567 5 4591 4 4596 4
4576 4587 9 4589 12
4603 4606 11 4608 14
4610 4613 9 4617 6
4622 4625 34 4626 15 4689 4 15784 22
4630 4631 10 4632 4 4635 9
4679 4690 10 49767 9
4693 4695 6 4701 5
4696 4697 28 4698 6 4699 10
4706 4707 31 4716 10 4723 7
4717 4724 7 4726 5
4721 4722 6 7681 7
4750 4752 4 4753 5 4758 6
4760 4764 23 4775 5
4777 4781 8 4790 7
4794 4796 10 4800 4 4804 8
4810 4816 5 4819 4
4814 4817 10 4818 5 4826 5 4831 4
4839 4841 4 4842 5 4854 7
4859 4864 5 4997 5
4884 4886 6 4887 4 4888 10 4895 14
4906 4907 8 4908 19 4909 6 64804 6
4936 4937 5 4939 10
4965 4966 7 4977 4
4968 4969 92 4970 14 4979 29 20073 13 23052 9
4984 4985 4 4988 5
5022 5024 10 5126 5
5038 5039 6 5040 15
5061 5063 6 5067 9
5071 5141 4 5144 7
5107 5108 10 5117 8 5118 4
5131 5137 4 5150 5
5146 5147 11 5151 4
5160 5161 5 5164 4
5166 5170 5 5171 5
5211 5214 18 5215 52
5222 5223 32 5224 10 5227 229 6049 58 35312 10 84742 14 134302 13
5233 5234 13 5235 14 5248 8 5249 9 60156 5
5236 5237 11 30988 14
5278 5279 73 5280 24 208919 5
5302 5314 4 5412 5
5332 5335 6 5339 13 6270 4
5333 5337 25 5342 6
5346 5347 17 5348 37 5349 15 5358 23 5371 16
5365 5366 38 5370 12 5399 19
5385 5386 5 5387 17 5388 6 5389 16 5392 15
5390 5391 4 5433 5
5417 5418 5 5419 7 5429 5
5422 5423 4 5451 4
5455 5456 5 5464 7 5506 11
5460 5461 5 5463 11
5468 5472 7 5518 17
5525 5532 24 5545 8
5588 5589 7 5591 22 5598 4 5604 17 5616 6
5602 5605 5 5606 10
5634 5635 8 5643 8
5666 5667 29 5670 125 18124 15 100934 9 147632 8
5744 5745 19 6185 5
5761 5790 4 5800 5 5810 9
5774 5775 21 5779 12
5780 5782 6 5804 5
5815 5829 7 9077 4
5834 5837 5 5844 5
5859 5861 7 5870 4
5887 5888 9 5889 4 5890 4
5926 5968 30 55777 9
5989 5990 5 5991 39 5992 12
5995 5997 4 5999 6
6031 6032 25 6041 43
6051 6053 78 6061 5 6062 27 6064 11
6108 6109 12 6110 28 6113 12
6115 6116 29 6426 12 7484 79 7500 8 7541 12
6117 6118 8 6127 5 6144 6
6122 6126 14 6184 4
6145 6147 11 16055 30 116842 15 125402 9 156899 5
6150 6221 6 6753 35
6158 6163 7 6166 7
6191 6219 6 6233 6 6355 18
6197 6202 8 6216 7
6246 6260 11 6263 6 6264 6 6273 5
6252 6254 17 6282 5
6310 6313 36 6334 6 7683 6
6327 6328 4 6346 4
6368 6369 62 6380 25 6388 14 52518 39
6383 6384 6 6396 9 6397 9
6387 6389 6 7881 8
6417 6418 12 6425 7
6474 6475 5 6478 5
6504 6506 10 6533 5
6507 6509 10 6511 17
6512 6515 9 6517 14
6526 6528 9 6542 8
6539 6541 6 6545 5
6577 6578 14 6579 11
6607 6610 32 6646 16
6647 6651 14 6652 13
6673 6680 5 6699 6 6719 8
6691 6692 13 19143 4
6698 6703 6 6704 4 6705 8
6713 6714 12 6715 9 6716 27 6717 41 6721 10 6722 8 6791 9 13717 7 15130 11
6731 6732 8 6733 5
6736 6738 11 6739 12
6792 6794 8 6819 4
6834 6835 4 6849 9 24669 4
6840 6841 6 6842 12
6859 6870 4 6873 6
6880 6884 7 6935 4
6883 6886 17 6888 8 6890 4
6900 6902 18 6941 23
6961 6973 5 6978 6
6962 6965 39 6966 71 7097 19
6975 6982 7 6990 5
6996 6997 4 66383 6
7023 9992 5 15901 7
7031 7037 4 7041 10 7071 5
7036 7043 6 7054 5
7038 7040 4 7046 6 7048 4 7049 10
7044 7045 10 9209 4
7060 7062 15 7063 8
7077 7079 7 7082 8
7080 7081 12 7085 5
7093 7094 6 7098 11 7115 5
7147 7150 28 7161 64 65123 8
7156 7157 8 7158 5
7186 7206 8 7231 8
7205 7467 5 20766 12
7233 7269 7 7272 10 7844 12
7249 7250 18 18271 5
7301 7304 12 7306 5
7339 7340 5 7371 4
7350 7353 12 7356 8 7372 18
7359 7362 7 7366 6
7390 7392 11 7394 7
7429 7434 4 7436 5
7468 7469 9 7532 4
7504 7505 5 7510 8
7515 7518 5 7554 6 7555 5
7573 7576 5 7587 33
7600 7612 4 7623 4 7630 4
7603 7607 9 7627 11 40296 8
7622 7624 5 7628 4
7647 7649 10 144671 7
7652 7653 7 7731 5
7660 7661 8 7664 30 7670 8 7671 10 7676 8
7741 7743 26 7744 190 29473 15 135879 8
7753 7769 8 7776 5 7842 6 8066 7
7754 7755 8 7756 8
7785 8203 4 8223 5
7906 7908 10 7910 9 7934 5
7924 7925 10 7929 13 7930 9
7927 7932 7 7933 8
7956 7965 6 51789 4
7983 7984 23 7986 8 8014 6
7985 7989 4 8085 4
7994 7996 5 7997 10
8011 8026 5 8142 10
8033 9460 4 33925 4
8111 8149 10 30134 31
8116 8120 4 8122 5
8119 8121 8 8189 51 8352 7 55326 10
8172 8188 10 8192 4
8182 8199 6 8200 4
8351 8356 7 8366 5
8374 8375 20 8377 16
8379 8394 6 30400 4
8456 8457 4 8458 4
8461 8591 4 8652 4
8492 8494 11 109434 7 115779 11
8496 8497 23 8498 13 8500 34
8504 8506 6 8508 19
8511 8512 4 8518 13 8523 5
8514 8515 8 8566 4
8533 8536 7 8552 4
8580 8583 13 8622 27
8599 8600 5 8607 7
8618 8619 5 8620 4 8626 4
8627 8628 5 8643 13
8680 8681 19 24946 7
8700 8704 5 44050 5
8708 8710 7 8711 4 8722 7 8725 5 8735 4 8737 11
8747 8748 7 8751 8 8769 4
8771 8772 7 8773 7
8774 8775 9 8788 4
8790 8796 5 8868 7
8828 8836 35 8875 9
8869 8892 58 69621 5
8885 8886 14 8888 6
8917 8919 6 8920 21 8922 4 8925 5
8938 8942 9 8944 16
8978 8979 15 9217 9
8994 8996 4 9001 6
9011 9014 5 9025 8 9065 22
9015 9016 8 9023 4
9047 9056 6 9060 5
9109 9115 5 9146 5
9124 9125 7 9129 12
9143 9144 37 9157 16
9196 9203 10 9204 8
9197 9200 5 9431 5
9249 9253 33 17673 17 29079 35 63045 6
9265 9266 7 9269 4
9268 9292 4 14998 4
9293 9295 15 9296 6
9302 9303 10 9304 6
9306 9309 547 24468 29 30480 73 49800 11
9352 9354 4 9432 7
9356 9359 13 9360 4 9361 5 33569 4
9406 9407 21 9408 12
9441 9442 33 9446 5
9494 9497 7 9499 8
9518 9525 4 9537 4
9587 10015 4 20519 8
9638 9639 31 9651 26
9662 9663 19 9668 16 22019 13
9689 9691 7 9705 5
9746 9770 13 49410 12
9759 9760 96 9794 8 18110 12
9762 9764 7 9774 6 9796 4
9765 9773 40 10027 10
9798 9799 4 9800 10
9829 9830 12 9831 41 15048 7
9852 9856 5 9868 4 9881 17 24670 4
9953 9954 9 9955 4
9962 9965 10 9977 5
10005 10006 5 10009 8
10034 10035 6 10037 4 10038 6 10040 27 10042 16
10057 10058 4 10060 4
10113 10114 5 10134 29
10146 10147 5 10162 5
10167 10170 9 10180 6
10199 10202 30 10206 13 10221 7 10231 4
10208 10210 10 10243 24 78826 5
10215 10219 21 10220 32
10277 10280 78 10281 8 10283 152 10284 19 10287 20 10289 33 10294 20 10297 14 10300 8 10302 135 10303 11 10314 7 10319 16 10333 9 23413 8 23424 10 77549 5
10383 10387 7 10389 7
10396 10398 4 10420 4
10409 10416 4 10422 4
10474 10475 19 10476 5 10477 7 10488 9
10492 10495 13 10503 20
10496 10498 4 10549 10
10535 10538 5 10539 6 10541 11 10583 4
10587 10588 4 10589 5 10591 8
10655 10656 33 10661 30 10669 11 14936 8
10657 10660 5 10663 24 10891 8
10694 10695 8 10696 165 10706 11
10716 10717 6 10718 36 10764 19
10729 10730 5 10731 6 10754 4
10776 10796 10 10834 5
10818 10819 9 10820 44 132381 14
10852 10890 5 10897 26
10901 10902 7 11030 4
10931 10967 7 10969 7
10950 10955 4 10957 14
10952 10958 9 18454 13
10975 10978 9 10979 5
10990 10992 27 11494 8
11031 11042 26 124376 4
11043 11052 32 11054 5
11046 11055 5 17337 4
11101 11105 15 11188 9
11124 11125 5 12194 18
11233 11234 7 16837 5 29758 6
11292 11293 4 11294 4
11341 11346 5 133453 5
11396 11460 22 25345 9 154362 7
11430 11434 8 11435 4
11444 11445 6 11449 8
11475 11476 8 11477 26 93648 5
11527 11528 8 11529 15 11987 5 35363 9
11531 11532 6 11949 4
11631 11632 8 11640 5
11638 11639 8 11751 4
11657 11659 9 11663 4
11670 11671 16 11673 4 11675 6
11697 11698 17 11699 10 11700 4
11701 11702 6 11703 4
11719 11729 4 11732 5
11758 11761 4 11764 4
11806 12175 11 37646 73
11906 11914 4 12013 4
11912 11915 7 11917 4
11956 11958 26 11959 8
11962 11963 6 11964 7
12024 12026 9 12027 7
12061 12062 5 119770 5
12080 12088 4 13091 4
12082 12083 9 12085 4
12150 12151 4 12159 9
12185 12186 11 12188 7
12250 12254 4 12265 6
12258 12305 4 12312 5
12271 12275 12 12278 6
12337 12405 4 12461 7
12376 12380 11 12382 4
12388 12398 4 12423 7 13610 7
12437 12443 12 76464 6 133939 7 133943 6
12453 12454 9 12456 4
12474 12493 4 12495 5
12512 12513 7 12514 5
12564 12566 15 12568 11
12569 12570 26 31743 10 192218 4
12596 12603 16 62041 4
12611 12612 57 12613 25 56673 24
12619 12620 17 12670 13
12650 12653 12 12680 6
12655 12656 21 12658 5 12659 7
12698 12701 11 12714 9 12718 11
12715 12719 12 12744 4
12739 12745 36 12805 19
12769 12770 13 12771 6 12772 17 12773 24
12779 12780 4 12781 14 12782 11
12809 12813 4 12815 14 12973 6
12913 12914 9 12915 18
12941 12943 96 12945 74 12946 38 12947 7 20536 20 50443 9
12991 12993 4 23831 26
13075 13076 86 13077 37 13081 18
13083 13090 9 13119 19
13093 13101 5 13108 4
13112 13114 29 13115 14 13116 11 13117 201 13286 16 51169 8 61644 6
13118 13120 4 13121 9
13190 13191 4 183156 5
13243 13247 6 13249 5
13349 13351 4 13360 5
13455 13456 11 13459 10
13468 13477 23 44412 27
13470 13472 13 13517 5
13518 13519 4 13520 5
13522 13775 6 129019 5
13523 13524 9 23709 9
13600 13601 6 13608 6
13650 13652 6 13653 5 13655 14
13668 13669 14 13670 9 13671 17
13698 13700 54 159923 4
13703 13705 13 13706 9 13711 31 41483 30 180382 4
13730 13737 44 13961 5 34345 8 107407 5
13742 13751 53 13829 12 106441 11
13744 14107 4 14140 6
13757 13758 10 13763 10 13764 12 13814 6
13840 13841 4 13843 4
13851 13853 4 13864 7 13868 5
13859 13862 11 13863 12
13891 13892 19 13915 4
13911 13912 4 13914 27
13931 13938 15 14062 6 14250 5
14047 14049 17 14050 18 14051 4
14155 14159 11 14165 5
14172 14175 7 14211 4 15161 4
14246 14287 9 15934 11 125893 18
14327 16328 4 17582 4
14372 14375 5 14380 5
14388 14399 6 14400 4 14408 5 14885 6
14402 14412 17 14419 5
14490 14492 25 14509 14
14511 14512 15 14513 14
14535 14537 6 14546 12
14544 14548 7 14558 4
14565 14581 8 14586 9
14570 14571 13 14574 5
14600 14601 6 14609 50
14661 14671 10 14672 21 129926 7
14730 14731 63 14734 6 14837 10 14860 14
14740 14741 112 188809 18
14757 14759 21 14763 6 14765 5
14774 14853 6 14854 12
14775 14776 6 14850 5
14791 14792 11 14798 7
14864 14870 8 14871 5 14873 16
14875 14876 6 174858 4
14989 14994 8 14995 6
14996 14999 21 15022 29
15063 15064 4 15065 10
15108 15111 9 15159 5
15186 15187 22 15192 4 15196 24
15199 15202 6 15211 6
15231 15233 21 15239 8
15241 15248 4 15252 4
15250 15251 13 15254 22
15276 15279 8 73354 4
15312 15313 8 15314 4
15326 15327 10 15328 6 25839 4
15335 15365 7 133946 5
15342 15343 5 15344 6
15350 15368 26 90484 7
15371 15375 7 15406 7
15388 15390 15 15391 6 15392 41 15442 12
15403 15405 18 15416 4
15463 15465 5 15466 5
15506 15508 5 15554 4
15530 15534 24 107119 7
15531 15532 14 15533 10 15542 67
15572 15574 5 15575 20 15578 4
15595 15601 18 15629 5
15632 15633 4 15634 6
15682 15688 6 15691 16
15720 15722 15 84653 17
15729 15731 24 15733 4
15730 15739 10 55313 10
15846 15848 5 15872 6
15859 15861 8 15866 9
15878 15880 5 15881 7
15906 15907 24 15971 7 15990 4
15994 15997 9 15998 5
16002 16010 7 16841 13
16127 16128 7 61474 5
16201 16394 4 16415 11
16208 16210 18 16217 11 30038 13 111681 5
16211 16242 8 16765 5
16372 16373 14 16376 43
16397 16403 4 16410 5 16441 11
16436 16443 7 16445 4
16461 16466 12 36948 5
16554 16555 7 16559 11 16678 8 83005 6
16587 16593 6 16600 4
16612 16613 5 16836 21
16616 16618 46 16621 7 16623 7 16629 5 16630 5 16634 12 16638 36 16644 9 16707 27
16809 16815 4 16822 26
16846 16853 8 16881 6
16875 16911 37 42932 20 127813 15
16895 16897 10 16906 8
16956 16957 10 16958 24
16969 16972 10 16973 12 16981 4
16993 16996 20 17478 42
16999 17017 4 17019 4
17030 17032 5 17036 7
17057 17146 19 118001 17
17069 17070 8 17071 12
17092 17094 6 17098 23 17118 29
17103 17105 4 17108 4 17115 10 17205 6
17197 17199 4 17268 7 45381 6
17217 17219 18 17282 7
17265 17308 4 17424 7
17267 17269 9 27096 7
17277 17278 16 17298 13
17302 17562 8 17697 5
17339 17340 8 17343 9
17367 17369 17 28646 271 53172 29 86536 5 123847 6 157671 8
17398 17399 13 17400 6
17431 17434 68 18134 20 18335 4 103814 14
17439 17441 5 17447 7 17451 4
17529 17532 6 17557 13
17533 17534 24 72807 4
17615 17617 11 17620 7
17691 17699 25 248930 7
17711 17714 4 17715 12
17790 17791 47 17792 24 17798 4
17808 17810 49 55893 4
17893 17894 4 31262 16
17904 17903 4 17915 8
17926 17927 16 17992 9
18024 18027 7 18028 4
18042 18047 13 18049 12
18059 18062 30 54334 9 188123 4
18208 18210 10 46082 4 49150 5
18215 18216 14 18218 11 75198 10
18239 18242 7 18245 7
18300 22295 30 22500 23
18315 18441 10 24102 5
18339 36308 4 46094 4
18372 18373 39 18375 34
18433 18438 8 18544 8
18463 18464 11 18467 11
18495 18537 4 18553 19
18593 18594 7 18598 16
18610 18611 14 18616 54
18637 18730 22 18738 20 18746 61
18664 18694 25 18695 32 44472 6
18669 18673 21 18674 9 18676 19 18683 11 18684 34
18700 18702 9 18703 5 18704 8 18734 9
18864 18896 14 18972 9
18877 18878 8 18893 11
18887 18889 5 18892 6
18934 18935 5 18941 11
19077 19079 6 19080 8
19111 19112 4 19113 8
19130 19132 28 19249 25
19135 19137 4 19139 50
19159 19161 8 19162 5 19163 13
19164 19170 13 19181 25
19165 19168 4 19302 6 65162 4
19240 19256 4 19263 6
19291 19301 4 19374 4 172684 5
19344 19346 20 19349 4 19353 4 19359 6
19360 19365 5 19366 4
19456 19458 31 100683 30
19525 19526 9 60861 4
19544 19545 33 19563 9
19564 19565 5 19566 10 19567 11
19632 19641 11 24279 16
19670 19673 4 19676 6
19719 19720 22 19722 4 44562 6
19749 19750 65 19775 10 189348 5
19870 19871 74 84730 5 116498 4
19894 19898 5 19957 6
19912 19925 17 19931 9 20051 12 20094 13
19924 19941 13 36342 5 63375 6
19959 19961 11 19963 4
20068 20069 25 101813 4
20070 20071 5 20072 7
20099 20234 5 20280 8 20318 12
20117 20118 9 20334 4
20275 21829 5 21842 6
20283 20290 12 20294 5
20335 20336 109 20337 70 20338 33 20340 116 20344 7 20346 12 20348 23 20354 18 20357 6 20367 6 20368 9 20373 18 20379 5 54467 4
20355 20358 7 98005 4
20410 20412 5 20415 6
20416 20417 12 20418 6
20419 20492 13 20494 8
20455 20456 7 20457 5 20459 5
20499 20500 5 20501 7 20502 10
20583 20584 6 20585 4
20619 20621 20 20632 12 20633 5
20706 20707 6 21599 5
20714 29534 6 122318 6 132867 8
20734 20735 8 20741 22 203639 4
20759 20761 18 20763 92 28596 16 31022 10 31518 11
20832 20845 5 20851 5
20867 20869 5 20889 8 37533 6
20973 20975 25 97423 6
20974 20981 12 21496 45
21014 21027 4 21029 4 21507 5
21031 21032 4 21033 5
21044 21066 4 21131 8
21065 21069 32 21139 8 21140 6 35264 15
21075 21090 8 21351 7
21087 21095 6 29694 5 68944 8
21152 21153 73 21154 4 31416 10 36664 32
21181 21188 35 28495 7
21186 21187 20 21417 7
21189 21192 8 21193 6 21194 4
21220 21265 23 102812 5
21226 21228 32 21231 24
21302 21303 11 243782 4
21319 21320 4 21321 12 21324 7
21342 21345 11 21508 4
21414 21415 4 72285 4
21426 21442 9 176612 6
21434 21437 38 21438 7 121087 9 121091 5
21443 21444 6 21581 5
21480 21484 4 21493 6
21542 21557 6 21560 6 21561 22
21567 21573 6 21584 4
21587 21592 8 21596 30 119859 4
21650 21651 29 21652 14
21724 21726 7 21743 4
21779 21783 20 207878 8
21837 21859 33 103459 4 128128 9
21897 21901 17 21907 15
21913 21934 4 21989 4
21925 21927 10 22024 6
21962 21963 6 21964 4
21965 21966 14 21982 19
22002 22003 16 22011 10
22026 22033 8 22034 9
22067 22078 5 22083 4
22148 22154 6 22156 7 22157 9
22189 22190 4 22198 6
22250 22252 6 22275 17
22362 22368 356 22420 72 22428 85 211578 6
22385 22386 4 22395 4 22396 11
22459 22468 4 22473 11
22460 22477 8 22484 6
22638 22639 4 22640 9
22697 22698 4 22699 6
22726 22732 4 22792 6
22771 22776 7 22777 6 22780 12
22779 22784 5 22786 8
22799 22800 5 22801 19
22803 22805 14 22810 8
22809 22812 6 22830 6
22833 22834 12 22848 9
22962 22965 8 22968 4
22979 23002 4 23007 6
22989 22993 9 22994 11
23036 23037 8 23046 4
23058 23061 7 23063 7
23068 23074 18 23118 15
23124 23125 16 23175 5 23500 12
23129 23130 32 23131 6 23132 24
23135 23136 8 23139 5
23147 23153 14 23209 4
23163 23166 11 23167 5
23192 23193 5 23198 4
23203 23204 13 23205 8
23259 23263 7 197412 4
23265 23268 45 23269 9 49533 11 62638 83 127529 8 190852 4
23280 23282 14 23284 59 23288 10 23294 4
23305 23306 24 29204 10
23335 23337 5 25752 11
23355 23356 16 23357 16
23371 23373 10 23374 25
23399 23421 6 109271 5
23456 23460 6 62599 8
23465 23466 4 23470 13 23510 8
23475 23522 12 23531 4
23509 23511 9 23716 20
23532 23546 8 23550 8
23547 23548 7 23549 10
23566 23573 52 23597 24 57281 10 57317 4 77014 5
23637 23641 8 23702 5
23704 23706 8 23707 15 135852 22
23718 23719 4 23725 4
23747 23748 6 23760 5 129350 13
23772 23774 8 23811 5
23782 23791 7 23792 11
23786 23790 26 23812 7 23816 10
23794 23804 8 23875 27
23879 23884 14 23893 37 23933 101 99292 4
23908 23909 11 23910 5
23983 23989 5 24043 7 98233 16
24014 24022 18 156230 4
24091 24094 7 24131 4
24165 24171 7 24176 18
24280 24286 6 24389 4
24326 24343 4 24835 4
24386 24392 6 24396 9
24496 24497 32 134183 5
24507 24508 7 24513 5
24531 24541 37 62997 38
24583 24584 4 24585 4
24617 24618 8 24655 4 24668 5
24711 24713 4 24726 6
24714 24719 11 24720 5
24748 24755 24 24763 5
24758 24759 7 24760 4
24774 24775 9 79974 5
24832 24841 12 24848 39
24883 24884 13 24889 10 144814 6
24894 24895 4 24899 7
24937 24939 10 24940 8
24991 24993 4 24995 9
25047 25060 6 25115 5
25124 25125 9 25504 4
25161 25186 7 25247 4
25177 25189 8 25598 4
25226 25241 10 25396 9 47411 4
25291 25294 5 25316 5
25304 25308 9 25375 5
25305 25306 41 25307 5
25382 25386 4 25393 4
25448 25453 8 27048 6
25461 27050 4 27126 5
25472 25480 11 29823 8
25513 25520 19 27065 9
25531 25532 44 168999 7
25627 25631 4 25633 6 25711 4
25642 25644 5 28799 4
25667 25668 10 77472 5
25683 25687 6 25689 10
25730 25732 4 25740 12
25809 25813 8 25818 27
27045 27047 16 27187 7
27153 27156 22 27159 6 27172 7
27255 27257 9 54164 6
27265 27269 6 27270 12
27310 27331 10 27393 5
27328 27341 259 27427 7 60920 6 91354 12
27383 27389 4 27390 4 27391 6
27450 27451 10 27452 11 27629 9
27467 27470 22 27491 14
27477 27479 6 27505 5
27558 27565 11 27572 32
27637 27859 4 28918 6
27659 27660 7 27669 11 27680 8
27759 27769 5 27779 4
27879 27880 14 93699 7
27893 33616 28 33622 10
27949 27951 7 27952 6
27950 27953 6 27960 6
28055 42936 6 43057 13
28187 28189 18 29379 11 64417 15 83138 12 229407 4
28213 28215 13 28217 8 51255 7
28326 28327 11 28328 15
28360 28361 9 28399 4 28470 15
28370 28372 22 98709 9 98840 5
28406 28407 5 28408 4
28459 28461 9 132848 12
28544 28550 9 28940 9
28584 28586 5 28587 4
28730 28733 8 28734 6 28764 4
28751 28760 6 30376 16
28801 28805 14 78532 4
28926 28927 19 137806 4
29055 29057 5 29058 5
29064 29065 4 29069 4
29194 29210 5 29275 4
29284 29296 21 29299 27
29289 29295 5 29331 6
29309 29313 4 29314 6
29328 29329 14 29330 92
29352 29356 4 29357 4
29363 29368 7 29374 6
29403 29404 9 29458 7
29468 29472 4 30006 7
29489 29492 4 29564 17
29522 29526 48 29600 32 51522 5
29532 29538 6 29547 6
29543 29545 39 29549 9 29556 23 142377 7
29544 29553 4 29555 4
29596 29598 5 29604 4
29613 29614 25 160390 4
29636 29638 6 31589 4
29668 29669 6 29670 5
29712 29713 7 29719 27
29723 29725 6 29726 4 29728 4
29767 29773 29 165867 6
29775 29858 5 29861 7
29801 29802 5 29803 14
29829 29830 324 48296 115 72800 27 179587 5
29903 29904 15 29938 6
29913 29929 6 29942 9
29963 29974 7 29983 12
29985 29987 8 29991 4
30019 30048 5 30052 4
30061 30063 32 108959 18
30091 30093 5 30097 8
30210 30214 5 30215 13
30317 30320 7 30324 7
30374 30377 11 30412 6
30383 30384 12 30598 7
30477 30679 15 30919 4
30551 30607 5 30641 6
30609 30636 11 65913 7 135902 4
30621 30627 17 30791 5
30637 30640 12 45260 4
30692 30693 21 30694 8
30696 30698 8 30699 18 30700 4
30734 30737 4 30740 4
30787 30793 9 31096 6
30788 30790 5 30801 4
30824 30837 9 30840 10
30862 30874 10 30947 36
30932 30934 9 30955 7
31018 31019 4 31024 4
31045 31047 5 31052 6
31087 31092 8 31098 6
31104 31105 14 31109 7 226051 6
31348 31359 11 72801 7
31368 31371 4 31373 5
31378 31379 6 31386 6
31383 31384 13 196133 4
31460 31461 13 31464 18
31511 31512 11 31513 6
31514 31517 29 31524 14
31561 31565 4 31580 8
31593 31595 7 31601 4
31720 31721 35 31722 7
31752 31766 5 31791 7 36868 6
31773 31778 4 31779 6
31805 31806 14 31807 33 31810 4 31850 69 31851 31 31856 9 33060 9 135692 5
31823 31824 5 91221 6
32906 32907 4 32908 6
32919 32921 4 32941 4
32975 32984 6 32988 4
33021 33022 6 33023 6
33074 33076 7 33078 11
33085 33089 12 33090 6
33196 33198 11 33220 36
33285 33291 176 33292 34
33297 33303 7 33305 7
33319 33322 7 33339 6
33333 33336 21 33341 8
33357 33358 4 33366 4
33448 33451 10 33452 13
33553 33558 30 33584 10
33561 33562 6 33591 9
33564 33565 8 33567 6 33568 6
33596 33597 5 33604 5
33624 33627 6 33707 4
33669 33694 10 34696 5
33698 33727 43 33731 29
33700 33702 17 177586 11
33703 33704 16 33705 118 78858 11 89957 4
33737 33739 4 33740 17 33743 30 33744 7 33747 6
33760 33767 7 33791 17
33894 33900 5 34002 6
33937 33958 13 33963 4 108784 9
33943 33959 54 33960 177 74578 18 187898 20
34047 34052 61 217503 11
34132 34134 43 80680 25
34136 34142 9 34218 5
34151 34154 19 34155 9
34173 34178 4 34192 10
34356 34357 17 34361 7 34409 8
34358 34359 13 34372 4 34404 5
34484 34485 25 34486 14
34603 34840 4 34861 7
34633 34634 9 34635 6
34730 34731 22 34733 6
34754 34755 12 34761 7
34765 34771 5 34786 5
34766 34774 4 61743 4
34947 34948 6 34950 8 34953 27 176486 7
34955 34958 31 34960 9
34976 34978 15 146953 4
35015 35016 5 35028 9
35081 35083 8 35104 16 81004 15
35182 35185 6 35187 12
35219 35242 4 35319 8 35359 18
35225 35227 31 188318 4
35271 35272 13 35273 7
35277 35281 8 35286 5 35295 14
35292 35313 16 189205 4
35316 35317 38 84144 19 147264 7
35325 35326 12 35337 6
35327 35328 4 35331 12 35336 7
35380 35389 20 35398 7
35424 35466 5 41101 12
35459 35460 8 35464 7 35470 7
35480 35482 17 35486 10
35497 35510 14 35518 12
35500 35503 45 35504 7 37604 7 37607 21
35529 35531 5 35615 9
35565 35571 7 35624 5
35579 35580 8 35586 8
35596 35597 20 35598 4 35636 20
35616 35626 102 97380 12
35755 35795 6 35797 4
35821 35826 62 122340 18
35847 35849 7 35854 4
35910 35912 18 35914 6
35932 35933 4 35934 6
36056 36059 7 36060 6
36073 36079 6 36080 4
36081 36089 47 36116 39 88806 17
36163 36174 19 61685 7
36244 36247 9 36253 10 36307 10
36345 36347 8 130435 5
36522 36525 11 36538 17 36578 50 68112 7 78629 13 209688 4
36539 36542 6 36614 14
36603 36606 4 36624 9 36725 7 36773 6 36807 15
36815 36816 4 36817 21
36828 36829 9 118105 4
36870 36872 34 36874 11
36875 36877 17 36878 4 36882 4 74579 7
36917 36918 7 36922 6
36943 36947 8 36952 16 36957 10 36960 5
36979 37068 29 156684 8 218969 4
37014 37017 5 37021 45
37034 37095 26 138270 27 185285 8 226481 12
37038 37040 4 37049 7
37058 37059 6 37062 11
37149 37152 22 37183 16
37252 37254 5 37257 4 37267 5
37280 37285 7 37300 4
37354 37356 5 37357 8
37363 37365 7 137283 4
37379 37380 8 37382 12
37427 37431 30 37455 6
37491 36996 4 37493 5
37557 37558 5 37569 4
37600 37601 14 37661 4
37609 37610 5 37615 6 37616 6 37657 5
37627 37628 13 37630 6
38708 38712 4 38715 6
38722 38725 4 38726 4
38758 38764 4 38766 9
38803 38805 5 38822 4
38992 38995 6 38997 6
39081 39513 10 68777 8
39128 39139 11 39145 6
39239 39243 26 39320 4 208069 4
39344 39346 16 39347 21 190338 5
39421 39423 6 39439 48 64418 5 114628 12
39572 39573 5 98288 5
39596 39597 8 39607 15
39611 39624 4 39632 4
39652 39696 8 39710 12 39998 5
39689 39691 4 39698 6 39699 12 159886 12
39703 39705 4 39708 5
39815 39819 5 39821 22
39833 39836 35 39837 34 39838 5 39839 9 39842 7 39858 17 39860 17 40234 8 40261 16 42652 10 42653 11
39844 39848 4 39849 4
39936 39937 18 39951 6 39953 4
39968 39969 5 39972 4
40045 40051 269 40054 254 57114 38 127668 11
40141 40147 9 40194 4
40221 40223 4 40224 5
40272 40275 4 40278 8
40280 40281 17 40283 9
40373 40374 4 40375 5
40441 40614 16 63935 4
40481 40482 18 150546 7 162271 4
40488 40491 10 40517 7
40492 40494 5 40495 10
40516 40577 7 68079 38
40567 40574 10 40598 6 40607 7 40693 9
40580 40585 5 40858 4
40656 40672 118 146234 12 219988 11
40673 40674 4 40678 5
40703 40704 12 40706 6
40738 40753 25 40763 15 195601 4
40830 40831 11 41867 9
40833 40836 10 40837 5
40980 40986 4 65807 7
40987 40991 5 50029 23
41215 41220 9 41222 10 41227 12
41223 41225 4 41259 10
41239 41247 4 41286 6
41343 41345 8 41346 22
41413 41536 5 41562 8
41476 41478 11 41522 6
41574 41611 5 41682 7
41577 41584 22 41654 9
41608 41609 5 41635 15
41709 41715 4 41719 9 41762 10
41754 41758 10 41776 5 42650 7
41765 41767 7 41769 5
41854 41856 8 41860 19
41938 41956 6 41977 8
41961 41976 8 41997 14
42180 42187 4 42189 7
42214 42220 4 42221 9
42290 43128 9 43142 52
42532 42542 8 42551 4
42539 42543 10 42548 6
42553 42554 6 42555 5 42567 5 42568 76
42561 42566 4 42576 6
42721 42724 9 42737 12
42837 42838 6 42850 24 58746 5
42889 42890 4 42898 7
42998 43018 45 43020 6
43099 43101 6 43103 7
43254 43256 103 43261 36
43352 43353 46 43356 15 43364 7
43452 43455 7 43486 5
43457 43460 6 43463 5 43464 7
43490 43491 4 43492 5
43580 43581 7 43582 8
43632 43635 4 43636 7
43772 43773 20 43774 6 43806 13 44002 25 44117 10
43802 43804 9 43808 9
43812 43817 19 93551 11
43823 43824 34 43831 16 43833 23
43854 43867 17 44152 6
43910 43911 29 43918 22
43937 43947 30 151093 21
44084 44085 27 44098 7 152011 14
44188 44190 10 44273 9
44498 44519 11 44532 7
44507 44510 4 44591 4
44533 44537 7 44538 17
44585 44590 8 44605 4
44657 44663 9 145245 34
44764 44766 15 112353 15
44784 44788 13 44789 7 44791 5 44822 13
44785 44786 19 44800 5
44908 44912 66 44913 9
44956 44958 32 44962 142
44992 44993 7 44994 9
45087 45106 16 113099 4
45095 45096 9 45097 8
45179 45180 5 45189 9 45218 9
45296 45298 4 45299 6 45300 4
45302 45307 10 45319 7
45461 45462 6 45468 7
45579 45581 9 45582 8
45589 45590 5 45591 15
45655 45656 13 45669 39
45665 45667 18 53239 7
45708 45709 13 45710 4
45712 45713 7 45715 8
45846 45849 8 45850 5 45853 6
45870 45945 5 46306 8
45876 45879 14 81140 24 121438 12
45926 45927 5 45928 5
45934 45955 5 55037 4
46011 46013 10 46040 13
46074 46099 8 46110 5
46125 46139 30 78027 4 210599 5
46127 46147 16 46148 6 46155 5
46273 46277 6 46284 5
46289 46292 8 46302 29
46373 46376 5 46378 20
46408 46409 27 46457 13
46410 46413 4 46415 67 46477 37
46486 46516 4 46555 7
46577 46590 6 46612 8
46672 46678 9 46679 4
46870 46872 27 185888 4
46942 46944 8 46946 8
47025 47026 32 47036 10 57358 11 151151 4
47046 47048 9 74498 5
47051 47052 5 47079 5
47058 47061 26 47066 53 196773 13
47098 47106 8 47107 10
47127 47133 6 47151 13
47186 47187 4 47188 4 47192 9
47237 47238 10 47242 19
47266 47270 6 47271 5 47273 5
47267 47284 5 47324 4 47333 7
47295 47339 6 47365 14
47304 49227 16 78745 5 86077 40
47345 47352 11 47362 7
47356 47358 10 47366 4
47357 47364 18 47382 4 47494 5 47725 6
47402 47415 9 47437 5
47431 47434 48 47435 11 81935 6
47444 47446 9 47455 14
47545 47546 5 47577 4
47842 47846 6 72894 8 80205 6
48011 48012 23 48015 53
48072 48085 6 48104 19
48108 48112 6 48117 6
48166 48189 17 73760 14
48365 48367 5 48572 5
48390 48416 20 123551 5
48405 48412 7 48414 5
48408 48417 24 48431 9 91809 18 133356 9
48458 48469 13 48472 50
48462 48487 6 48489 11
48525 48527 4 48532 4
48537 48540 28 48548 5 107730 15 108790 7 157503 4
48580 48584 7 48639 10
48630 48632 5 48633 6
48643 48647 9 48648 6 48657 11
48705 48706 6 48780 12
48731 48734 4 48736 4
48760 48765 14 195530 5
48872 48875 7 48936 12
48898 48901 5 59508 4
48899 48950 9 52346 6
48923 48929 4 48938 5
48991 48996 51 217635 5
49140 49141 5 49147 10
49385 49386 12 49453 6
49398 49401 6 49404 7
49757 49765 4 49770 11
49803 49875 4 49876 12
49947 49949 17 49970 5
50016 50032 4 50044 7
50076 50079 10 50081 4
50127 50130 6 50131 15
50231 50239 4 50242 4
50355 50367 8 155819 5
50391 50445 4 50448 13
50727 50728 4 50765 5
50797 50798 8 105605 6
50837 50839 4 50854 6
50867 50868 5 50869 6
50906 61989 6 108563 16
50951 50952 5 50954 11
51155 51156 7 51157 17
51219 51221 24 51222 25
51349 81489 5 139186 7
51440 51443 49 171619 8 212272 5
51524 51534 6 51607 4
51945 51946 7 51948 7
51970 51973 6 51975 13
52005 52011 5 52161 4
52129 52297 20 52326 6
52244 52247 7 52252 4 52255 11
52314 52316 12 52386 5
52317 52328 6 52539 10
52358 52362 7 52370 7
52492 52497 5 52499 5
52517 52531 45 71201 14
52632 52650 18 53095 9 53705 113 166629 4
52641 52642 5 54979 22
52766 52906 8 118681 4
52826 52889 5 52904 9
52828 52831 11 52833 24
52929 52930 10 77098 4
52968 52985 4 52991 8
53105 53107 10 124931 5
53151 53152 11 53155 4
53201 53395 16 58207 13
53462 53463 13 53487 5 53668 4
53726 53733 13 54002 43 55254 18
53815 53816 50 53817 22 53827 6 53941 9
53995 53996 5 54003 5
54059 54060 7 54063 12
54149 54154 5 64620 59
54261 54262 8 54264 5
54283 54289 95 57121 8 117094 16
54377 54381 8 55595 21
54403 54404 4 54405 8
54608 54624 67 83230 9
54943 54944 14 55039 5
54954 54956 10 54957 5 54966 45 54991 16
55019 55044 49 89302 8 133243 38
55198 55202 15 55203 76
55327 55328 9 55330 13
55363 55364 8 55401 24
55368 55374 5 55378 6
55383 55385 10 55408 4
55498 55499 7 55501 5
55550 55551 16 55563 8
56023 56034 6 56035 36
56045 56067 13 56082 6
56096 56098 23 56104 18 107834 16
56304 101904 17 193213 4
56374 56443 6 56727 12
56482 56492 4 56796 6
56494 56497 28 56506 18 137128 5
56527 56547 13 56556 8
56616 56625 20 121113 9 174255 9
56804 56806 5 56828 4
56844 56846 8 56912 10
56876 56877 4 56878 15
56893 56962 13 56963 8
56897 56901 8 190979 9
57058 57059 5 109230 5
57418 57422 15 171575 9
57723 57724 57 114310 4
57785 57788 6 57809 4
58214 58246 35 168752 17
58284 58292 7 58293 11
58308 58310 4 58311 5
58312 58332 140 78670 36 94242 30 170921 10
58341 58363 5 58375 4
58888 58889 21 58890 39
59000 59016 10 59712 5
59006 59021 30 158003 19 215563 11
59062 59064 7 59065 12
59128 59132 5 59136 6
59170 59176 5 59231 11
59193 59196 25 59814 10
59472 59479 15 59489 7
59509 59515 5 59542 7
59770 59773 5 59793 4
59776 59787 4 59792 4 59808 7
59916 59947 6 59973 5
60108 60121 7 60127 26
60129 60130 12 60142 18 60300 12 139189 14 188538 8
60179 60180 7 60181 32
60449 60450 9 62737 5
60465 60541 28 116128 7
60480 60481 4 60483 4
60590 60592 18 60594 12
60651 60655 6 60661 17
60777 60795 4 60796 5 60875 6
60789 60792 4 60800 6
60837 60866 6 60867 4
61163 61164 4 61230 6
61212 61225 15 61229 48
61246 61249 5 61254 7
61293 61295 4 224470 4
61520 61551 4 61552 4
61616 62005 5 71165 10
62051 62052 139 84077 18
62129 62131 5 62476 20 129743 8
62144 62159 6 62162 7
62165 62166 9 62300 79 191736 8
62208 62210 12 62219 6 62220 8 62225 4
62500 62502 7 62725 25
62576 62596 12 62759 4
62598 62601 5 62616 5
62660 62663 14 62728 7 131437 8
62812 105933 10 144876 4
62884 62903 9 81699 16
62976 63295 38 159525 14 185030 7
63131 63154 4 63160 22
63138 63141 6 64097 5 64099 9
63255 63260 8 84039 23 103326 9
63553 63554 6 63587 7 64010 7
63641 63643 12 122125 5
63661 83782 5 159899 17 165813 6
63676 63677 7 63679 8
63825 63828 7 63841 5 63853 4
64013 64015 4 64016 14
64084 64086 20 112434 10
64256 64257 5 64343 4
64727 64735 17 64739 8 64872 10
64876 69214 7 84263 11
65257 65259 4 65260 4
65262 65264 5 65265 13
65351 65354 21 108756 4
65609 65614 31 66670 6 67832 8
65922 65924 10 65927 4
66014 66018 71 66022 106
66118 66128 5 66136 6
66249 66251 10 66261 38
66387 66394 8 66402 5
66471 66506 9 84104 9
66553 66561 10 66562 7 66565 6 66629 6
66616 66617 16 66651 13
66741 66753 9 66755 43 66761 4
66840 67833 8 159499 6
67852 67853 4 84740 10
67875 67878 6 68114 13
67985 67987 18 67988 18 67992 23 108760 12
68077 68085 8 68087 12
68089 68092 45 132709 6
68150 68151 4 68193 5
68264 68265 4 68281 18
68266 68267 10 74313 46 165923 38
68639 68642 5 68655 6 68658 5
68700 68701 5 68703 6 68732 4
68771 68832 9 149561 8
68991 68995 13 135661 5
69043 69047 5 69049 6
69081 69083 5 69090 6
69354 69359 9 69378 5
69361 69364 50 69389 24 69397 10 69403 13 69544 5
69467 69468 6 69470 4
69655 69658 49 146086 8 200240 17
69656 69664 5 87587 5
71393 71407 4 71440 9 155686 10
71596 71614 4 71785 19
71608 71612 21 71633 7 71634 11 71701 5 71703 10 71728 7
71852 71854 14 71860 6
71961 71984 6 72526 10
72083 72084 9 72101 7
72134 95924 10 191033 6
72358 72380 5 72381 4
72493 72494 33 72556 7
72641 72642 30 72656 24
72750 72763 8 72766 13
72770 72775 5 72919 4 120693 42 226944 7
72816 72819 7 72837 15 126049 9
72858 72866 6 72873 5
72864 72865 7 72871 5
72974 72975 8 73297 5
73226 73228 4 73236 6
73635 73637 4 73698 10
73680 73682 4 73689 5
73711 73717 12 73721 4
73850 73862 21 166808 7
73921 73923 20 73924 6
74283 74285 6 74296 4 74298 17
74343 74344 4 74348 6
74457 74467 11 74539 10
74517 74576 4 194850 6
74627 74634 65 74635 8 100681 6
74679 74682 5 74685 6
74752 74763 4 74766 5
74773 74775 4 74811 8
74879 74887 7 74892 7
75091 75150 24 75241 7
75142 75147 11 136258 9
75214 75221 43 114599 12 161963 6 171580 59 209337 15
75335 75336 56 75337 15
75408 75419 18 75438 14
75439 75493 4 108259 6
75550 75557 12 75558 6
75821 75823 8 75829 4 76080 20
75876 75886 4 75905 6
75894 75898 4 75939 4
75990 75993 5 75997 5
76021 76022 14 76049 4
76038 76039 5 76072 10
76091 76436 7 76451 4
76130 76132 5 76545 19
76207 76213 6 76214 6
76273 76274 8 151144 4
76302 76304 6 76309 5
76375 76379 16 126104 4
76628 76761 28 124046 6
76788 76789 238 152383 66
76802 76910 12 123468 4
76834 76838 13 76897 9
77247 77414 14 125737 15 127517 8 136815 7
77376 77377 4 77387 6
77402 77407 5 77420 7
77489 77490 25 77492 6 77585 6
77560 77570 4 77587 10
77664 77669 6 77671 13
77894 77895 5 77908 5
77935 77939 5 77940 6 77944 16
78061 78077 15 78089 9
78196 78203 4 78348 5
78242 78247 22 78252 16
78265 78275 4 78303 5
78341 78345 8 78622 11
78564 78574 4 167064 4
78569 133123 4 150071 9
79980 80605 4 80722 4
80140 108070 8 108245 10
80374 80377 12 80383 9
80514 80515 8 80516 52
80618 80628 8 80634 4 80642 5
80695 80697 4 80699 5 80704 7
80817 80826 13 143433 10
80951 81130 11 81155 4
81011 81038 12 81161 11 137967 9
81035 81036 5 81053 6
81065 81067 9 81079 6 81124 7
81094 81180 4 81264 12
81245 81246 33 81253 17 82059 45
81277 81288 8 81290 9 90936 5
81310 81713 9 81718 4
81311 81312 27 81329 4 168625 6
81369 81371 4 81373 4
81388 81389 8 81390 7 81391 19
81460 81461 8 81513 6
81552 81553 6 81555 5
81595 81596 4 81597 5 81599 7 81601 15 81611 4
81607 81618 5 81638 4
81631 81632 8 81658 8
82000 82002 11 82015 9
82094 82097 4 122032 6
82161 82163 19 157663 8
82304 82305 4 82306 4
82414 82675 9 172784 5
82573 82575 10 82590 4 82645 4
82604 82637 4 82677 4
82824 82825 7 82830 6
83125 83187 5 83385 86 143041 10
83164 83233 56 126176 12
83421 83841 22 83928 5 84106 9
83984 84002 226 122317 23 175399 12 192478 5
84204 84208 4 84209 6
84297 84302 11 84304 4 84422 7 84423 5
84333 84341 8 84352 22
84434 84435 4 84436 9
84607 84609 4 84619 5
84801 84858 6 114858 4
84833 84843 10 84847 4
86263 86265 6 86278 6
86274 86275 5 86378 6
86312 86314 4 86348 10
86313 86319 8 86324 7 86365 8
86383 86384 42 86530 5
86415 86416 45 86418 11 86421 24 86765 71 86781 18 86992 21
86432 86434 9 86440 4
86526 86527 8 86532 15
86596 86597 6 86598 23
86724 86726 46 86727 25 173933 11
86779 86795 22 87178 13
86802 86807 5 121881 5
86855 86857 18 86862 11
87122 87125 6 87128 7
87145 87184 4 87219 18
87300 87335 7 87340 4
87317 87319 29 87322 19
87330 87332 5 87433 6
87355 87362 11 87365 21 87441 4
87435 87437 13 87439 4
87467 87475 10 87476 7 87477 7 87498 7
87692 87693 6 87698 7
88794 88803 8 88807 4
88942 88945 4 142492 6
89031 89032 5 89040 7 89041 12 151853 14
89670 89675 5 89872 4
89676 89677 9 89722 7
89760 89813 7 89830 5
89815 89817 4 89819 10
90033 90034 36 159995 6
90137 90153 4 90182 5
90258 90319 16 239286 6
90354 90359 20 90504 16
90482 90495 48 106090 6 147827 5 160311 13
90858 90862 4 90871 51
91223 91224 10 91227 8 91235 5
91247 91254 29 91539 28
91338 91351 13 91371 5
91388 91390 24 91393 11 91396 21 91416 4 91444 5
91509 91510 9 91599 7 91636 7
92117 93662 5 93874 12
93510 93514 7 93522 8
93588 101177 9 123168 8
94545 94602 8 94741 6
94552 94554 16 147373 6
94717 122945 4 123006 5
94887 94972 25 131714 10
95425 95522 4 95787 4
95595 95596 8 95597 7
95600 95613 6 95616 5
95646 95648 4 95691 7
95740 95836 22 112834 4
96000 96010 6 96062 7
96039 96041 5 204623 8
96245 96247 5 96249 10 96252 4
96331 96332 5 96335 4
96346 96365 4 141399 5
96556 96563 24 153949 4
96743 96848 9 97032 6
96917 96920 9 107689 61
97171 97175 6 97185 5
97470 97476 6 97477 10
97738 97750 9 97751 27
97773 97786 6 97810 7
97781 97784 4 97788 5
97898 97913 15 97915 4
98553 98560 4 98564 4
98575 98588 16 99049 12
98745 98750 8 98751 5
98949 98951 5 98965 8
98954 98969 5 99080 4
99317 99343 4 99344 14
99326 99332 8 99336 11
99334 99340 21 99342 6
100643 100646 15 100754 28
100665 100669 7 100674 6
100749 100752 5 100782 13
100899 100905 20 100907 5
101211 101214 5 101217 14
101917 101924 6 101936 6
102066 102100 15 136747 7
102208 102209 18 134123 9
102292 102295 20 103194 6
102370 102373 17 102377 5 150575 5
102463 102480 5 102498 6
102492 102494 6 102501 10
102605 107164 15 150441 5
102620 102624 12 158300 28
102745 102747 9 102750 11
103273 103285 5 103286 6
103402 103424 4 103661 12
103625 103626 17 187244 8
103688 103693 5 103696 11
103815 103816 14 103827 13 103829 5
104172 104176 6 104195 5
104192 104193 24 104194 30
104378 104395 19 104708 5
104421 104422 4 104423 6
104460 104462 4 104464 9 104484 7
104573 104577 7 104586 7
104596 104600 4 104609 4
104898 104900 8 104901 7 104902 5
104987 104992 13 105092 24
105023 105029 4 132883 10
105195 105224 4 105380 14
105431 105432 5 105452 5
105443 105444 6 105445 4
105461 105465 4 105466 5
105525 105527 22 105528 32 108863 7
105537 105546 8 105727 6
105965 105966 14 106174 9
106001 106007 9 106045 8 106125 4
106014 106193 21 138144 4
106037 106051 7 106055 6
106126 106180 4 106218 7
106264 106267 17 106268 9
106632 106640 4 106669 9
106762 106767 14 106770 6 106772 9 108902 9
106795 106809 4 106811 4 106914 4
106898 106901 18 106905 13
107078 107084 4 107085 9
107096 107111 5 107195 5
107238 107243 10 107244 11 148568 10
107475 107476 8 107481 23
107549 107590 6 107646 6
107556 107559 7 146412 9
107597 127871 5 128385 5
107669 111212 12 168618 6
107744 107751 8 107779 4
107820 107821 19 111167 6 127784 4
107947 107952 4 107953 7
108129 108130 5 108926 4
108266 108269 5 108273 10
108287 112947 6 112956 9 112962 18 112986 16
108290 108330 4 108349 10
108710 108895 10 155093 7 243139 4
108975 108977 9 156607 7
109210 109226 8 109237 11
109377 109385 5 140758 4
109392 109395 10 109396 15
110774 110777 6 110861 7
110781 110783 7 110802 7
110880 110882 10 110909 5
110911 110935 24 110944 10
110916 110922 4 110925 4
110949 110952 8 110953 17
111013 111032 4 111033 10
111095 111102 4 111104 14
111187 111200 12 134427 10
111223 111274 5 111293 5
111258 133334 4 155687 6 156351 8
111334 111337 6 111349 6
111347 111352 7 111353 5
111419 111425 7 111427 10
111477 111478 10 111481 16
111487 111494 4 111497 9
111897 111899 6 111911 4
112090 112029 21 116258 10
112094 112103 5 112105 4
112167 112169 8 112170 13 112194 5 232299 4
112179 112301 31 216386 4
112408 112420 6 112497 4
112424 112868 5 112873 4
112576 112632 24 112733 9
112810 112812 5 112897 7
112876 112884 8 112899 11
112992 112999 4 113000 8 113011 4
113122 113160 9 114281 17
114332 114385 14 210157 4
114337 114361 5 114940 6
114360 114369 24 114371 14
114376 114382 12 114384 4
114403 114424 25 114481 42 114702 13 114941 23 115069 17 159592 4
114503 114505 15 114506 13 114507 11
114555 114558 22 114559 5
114580 114586 5 114738 9
114665 114669 9 114670 6 114676 5
114774 114825 6 114868 4 114917 8
114850 114855 5 114878 4
114856 114913 5 114926 7
114902 114905 22 114906 10
115136 115855 4 115881 5
115201 115202 8 115204 11
115270 115277 14 115319 5
115338 115839 8 128183 5
115339 115341 12 115345 9
115391 115399 6 115407 4
115461 115469 4 115619 4
115621 115638 9 115651 12
115765 115776 7 115792 11
115913 115925 5 115929 4
115943 115945 10 115947 10
116054 116091 10 167524 4
116142 116144 9 116159 5
116240 116241 11 116251 20
116280 116318 6 134598 6
116330 116331 4 116583 5
116365 116383 5 116392 6
116368 116370 5 116556 6
116494 117320 6 117331 6
116521 116523 5 116524 4
116552 116725 5 116876 10
116615 116633 4 116635 7 116645 4 116650 4
116731 116734 6 116742 5
116747 116751 4 116757 4
116965 116967 5 117051 7
117036 117037 4 117044 4
117146 117152 9 117153 7 117162 11 117207 4
117193 117200 5 117201 6
117391 117395 4 117397 6 117450 12
117484 117487 6 117490 4
117567 117572 10 117573 6
117734 117737 7 117743 12
117740 117744 9 117801 4
118057 118062 9 118083 8
118178 118183 4 118214 34
118452 120211 15 141433 9
118492 118496 4 118497 6
118729 118731 9 118839 12
118737 118741 8 118848 22 122424 4
118823 118824 5 118828 12
118880 118884 6 118886 5
119621 119656 17 124733 14
119865 119869 4 119876 7
120060 120074 13 120090 5 120092 4
120064 120068 20 120075 13
120488 120491 26 120496 14 120497 12 120645 4
120635 120636 10 120637 10
120756 120775 19 127340 5
120945 120946 15 234752 4
121034 121035 58 121061 24 121062 5 181998 6
121160 121170 26 130608 5 150893 4
121208 121235 16 122196 8
121236 127805 10 155122 5
121370 121377 7 121378 5
121804 121814 4 121876 4
121877 121880 4 121883 7
121982 121985 6 121986 5
122582 122584 21 122586 19 122587 19 122588 23
122623 122624 94 223124 8
122666 122672 6 122674 4
122707 122709 6 122711 7
122756 122762 6 122766 6
122823 122830 4 153198 4
122926 122929 8 230987 4
123327 123334 20 123364 9
123664 123667 9 123668 22
123863 123864 10 201582 5
123969 123973 6 123982 7
123978 124007 5 124053 11
124082 124083 7 124124 5
124204 124205 6 124206 5
124785 124786 18 124788 10
124847 124857 7 124863 56
124896 124897 5 124898 7
124949 124952 9 124972 10
125069 125072 7 125075 5
125171 125173 20 125174 4 125181 9 125212 5
125190 125192 5 125441 4
125198 125201 4 125211 8
125251 125259 5 125267 4
125272 125277 4 125280 5
125279 125284 31 125285 12
125300 125304 10 125305 6
125308 125316 6 125344 10
125399 125400 36 125403 13
125422 125423 33 125426 32
125494 125548 4 125556 5
125504 125512 4 125513 16
125617 125618 29 125619 5
125771 125780 5 125798 6
125850 125851 13 125980 4
125885 125909 4 125913 4
125886 125887 26 125902 15 173884 9
125915 125920 10 125942 6
125985 126624 10 126656 11
126003 126047 24 201564 6
126030 126040 9 126043 12
126095 126196 6 175130 5
126127 126136 5 126144 11
126154 126200 4 164449 4
126235 126239 25 126314 32
126246 126255 7 126310 4
126495 126496 5 126516 10
126604 126611 8 126669 4
126632 126652 9 126678 9
126846 126849 9 126850 5 127320 5
126871 126875 4 127283 4
126969 126972 8 126973 8
126996 126998 22 126999 7
127083 127087 6 127089 4
127158 127159 9 159288 6
127221 127225 4 127227 4
127303 127310 5 127311 11
127316 127317 14 127335 5
127405 127406 18 127411 6
127537 127542 7 135413 6 181867 13
127613 127614 4 127616 4
127617 127618 5 127621 4
127639 127642 28 127644 30 127675 29 127810 7
127737 127747 10 127748 10
128348 128353 4 128361 9
128424 128460 6 128480 6
128433 128434 4 128446 13 128469 5
128474 128475 7 128477 9
128535 128538 4 128541 7 128558 7 128923 8
128914 129088 8 129431 4
129090 129102 4 129137 5 129152 5
129358 129370 5 129377 6
129504 129512 8 129515 15
129522 129591 8 129657 4
129659 129683 5 129721 19
129694 129709 8 155649 6
129747 129752 6 129759 4
129751 129755 5 129780 8
129785 129786 9 129787 20
129827 129881 4 135024 4
129854 129857 5 129858 5
130018 130022 4 130232 5
130141 130162 8 130163 5 130176 7
130321 130355 4 130703 5
130392 130408 14 131278 6
130399 130406 6 130407 5
130441 130444 5 130461 5 130477 16
130606 130639 5 130642 4
130659 130661 5 130669 5
131204 131213 10 131214 5
131310 131323 5 131924 6
131350 131353 6 131371 5
131400 165663 7 166322 4
131634 132117 4 144559 8
131801 131804 9 131806 4
132155 132158 6 132159 14
132293 132298 11 132436 7
132437 132445 12 132461 9 132612 16
132673 132674 11 132678 5 132679 5
132689 132695 11 132764 6 132773 15
132851 132868 7 133047 32
132951 132954 25 132957 7
133208 133210 4 133211 4
133384 133385 6 133389 15
133546 133566 8 133601 17 133620 5 133636 10
133651 133652 4 153556 5
133712 133714 24 133715 7 133724 46
134016 134017 4 134064 9
134027 134041 4 134042 14
134129 134130 14 134133 7
134296 134299 5 134304 4
134555 134560 6 134562 4 134565 6 134577 5
134685 153172 6 162386 4
134704 136388 7 136480 11
134741 134748 4 134749 8
134828 134846 6 134873 6
135032 135033 8 135034 17
135142 135146 6 182337 5
135365 135388 8 135433 12
135420 135422 6 135425 8
135455 135456 11 135463 24
135478 135492 12 187008 5
135645 135646 42 135647 4 135654 25 135658 19 135722 13 136052 8
135717 135725 10 135731 6
135720 135723 13 156850 9
135745 135832 8 177383 4
135814 135818 4 135819 8
136225 136249 4 141744 4
136235 136571 5 136701 6 136772 5
136239 136240 7 136241 7
136268 136289 6 136307 6
136894 136895 8 160920 5
137045 137048 12 137095 10
137097 137102 13 137109 5
137200 137203 6 137204 4 137386 4
137391 137396 10 137602 20
137472 137478 6 137480 6 137492 10
137704 137706 4 137708 4
137791 137800 16 137825 15 152196 8
137911 137914 5 137918 7
138029 138031 12 202479 4
138080 138081 8 138092 5 138290 6 138296 10 138309 9
138311 138314 10 138316 6
138357 138583 10 138588 8
138522 138538 8 138543 7
138720 139049 4 139101 5
138724 138725 12 138743 6 138765 7
138800 138801 10 138813 5 138943 4 139044 7
139021 139046 4 140273 5
139106 139127 5 139132 12
139131 140259 5 193824 8
139213 139216 6 139218 6
139290 139294 7 139302 6 139304 7
139358 139359 5 139378 9
139382 139389 26 139515 15 139744 5 141183 12 142435 9
139480 139517 5 139531 5
139702 139706 7 139719 12
139746 139748 5 139753 5
139758 139768 6 140243 7
139776 139778 12 139779 8
139912 139914 13 139916 10
139969 139971 7 139976 9
139986 139989 4 139993 15
140247 140250 7 140276 21
140363 140364 7 140372 27
140369 140370 9 140371 6
140493 140497 12 152741 4
140558 140559 25 140564 13
140568 140569 10 140582 7
140576 140577 9 140594 9
140604 140610 17 140667 6 140674 6
140632 140634 24 140636 5 140659 7 140660 8
140756 140757 7 140766 4
140896 140897 14 140920 5
140943 140946 5 140981 6
141092 141108 42 141191 41 183670 14
141129 141132 10 141137 23 141993 6
141175 141180 15 141315 9
141239 141243 8 158491 4
141464 141465 6 141495 6
141527 141536 12 141547 4
141594 141598 8 141600 9
141804 142049 8 142074 4
142080 142372 17 145191 4 196796 10
142139 142140 7 142141 4
142282 142283 6 142520 5
142305 142306 6 142307 5 142317 14
142330 142338 4 142340 61 142342 8
142331 142403 5 142523 4
142714 142718 4 142720 4
142960 142970 5 143097 7
143008 143009 5 143014 11 143038 4
143132 143140 8 143169 4
143157 143178 4 143295 6
143342 143350 8 143409 4
143601 143602 22 143604 4
143861 143864 4 143866 5
143941 143946 6 144056 4
144096 144098 6 144233 6
144100 144115 4 144342 4
144214 144216 15 144237 4
144591 144595 4 144596 4
145163 145174 20 145188 6
145665 145673 4 145674 4 145678 4
145982 145988 5 145991 5
146011 146012 7 146023 4
146543 146545 4 146552 8
146610 146611 4 146612 10 146682 4
146750 146751 9 146753 11
146993 146994 5 146997 4 147001 4
147039 147496 4 147603 13
147775 147786 6 148153 4
147976 147978 4 148005 10
148386 148391 6 148403 4
148395 148396 4 148397 23 192309 4
148443 148446 12 149132 4
148523 159621 4 169384 9
148641 148746 4 149014 6
148665 148671 4 148672 7
148788 148813 5 148814 4
148858 148861 4 148867 4
148876 148877 4 148970 6
149459 149460 15 149463 11
149796 149798 7 149799 10
149811 149888 8 149896 4 149933 20 150087 6
150158 150161 23 150162 5 150319 11
151169 151220 52 151279 20 214632 8
151183 151828 9 185006 15 189752 22
151199 151214 13 151217 13
151431 151432 7 151438 14
151453 151459 5 151466 4
151691 151693 4 151694 6 151702 10
151813 151815 6 152033 9 152055 9
152301 152649 4 152733 4
152488 152714 9 154153 12
152501 152503 4 152506 9
153274 153277 4 153280 6
153295 153549 15 153618 28
153392 153395 5 153397 11
153420 153423 5 153424 7
153458 153461 11 153561 4
153519 153523 5 153550 5
153586 153587 25 153588 18
153738 153741 4 153743 4
153747 153756 5 154282 4
154032 154042 9 154044 6
154061 154068 5 154075 19
154227 154248 37 154366 15
154251 154253 12 154261 118 154263 42 154265 216 154294 7 154297 21 154348 10 154356 134 154357 5 154549 11 154667 8 154668 9 154762 23
154262 154266 4 154267 4
154471 154478 4 154484 9
154574 154645 5 154655 6
154841 154843 5 180434 12
155219 155220 5 155221 4
155332 155356 8 155365 6
155580 155585 7 155586 8
155684 155699 6 155768 8 156222 6
155952 155971 7 156009 4
155998 155999 24 156000 7 156002 13 156011 24 156034 5
156028 156032 5 156178 5
156068 156083 4 156196 10
156164 165616 16 194285 5
156359 156368 5 156369 12
156545 156547 7 156596 5
156553 156573 5 157012 4
156827 156828 4 156851 13
157045 157046 5 157151 6
157334 157335 5 157337 5
157501 157514 9 158549 5
157515 157516 6 157517 6
157696 157711 5 157793 7
157790 157800 9 157812 4
157893 157894 4 157965 4
157912 157917 20 157934 7 157936 17
158201 168777 10 172865 14
158205 158227 4 158606 4
158291 158301 5 158578 20
158602 158649 9 158657 4
158617 158627 7 158631 7
158693 158703 14 158704 6
158957 158958 59 158963 12 159043 8 160211 8
158988 158991 22 169347 4
159069 159070 4 159080 4
159227 159236 4 159243 7 159255 6
159229 159246 6 159251 6
159413 159416 45 159442 11 159494 4 159520 5 168052 4
159462 159485 5 159500 9
159710 159717 17 220643 5
160216 160223 10 160224 4
160281 160285 5 160308 5
160290 160293 19 160296 22
160343 160344 8 160346 13
160530 160537 15 160542 5
160794 160881 4 190834 4
160872 160874 18 160878 15
160924 160930 7 160931 4
161220 161222 4 161284 4
161586 161587 5 161590 4
161752 161827 4 161830 4
161824 161825 9 161833 11
161849 161859 12 161860 13
162042 162050 12 162052 4
162227 162235 4 162238 6
162232 162237 7 162241 5
162452 162456 5 162458 13
162906 162909 10 162934 6
163154 163155 19 163182 5 163194 13 163231 6
163448 163450 24 163482 14
163528 163529 11 163531 8 163532 6
163557 163689 6 163783 4
163875 163877 11 163879 25
164043 164045 16 164056 4 164068 5
164046 164047 9 164049 6
164166 164169 7 164181 7
164260 164262 7 164277 16
164329 164333 6 164340 6
164382 164390 4 164431 8
164526 164548 9 165555 12
164711 164718 4 164794 4
164922 164934 8 164936 5
165230 165233 4 165252 4
165439 165446 4 165552 6
165798 165801 31 165820 6
165912 165913 6 165926 10
165966 166050 11 214036 9
166024 166028 12 166037 6
166117 166123 16 166154 5 167315 4
166205 166206 7 166209 6
166374 166389 4 166390 6 166395 4 166397 16 166426 5 166459 5 166625 7
166493 166498 11 168686 4
166747 166753 6 166758 4
166792 166794 6 183265 17 243046 4
166843 166848 14 166869 6
166877 166943 4 167459 4
167031 167033 4 186989 9
167036 167085 6 167095 5
167037 167038 7 167048 4
167086 167088 7 167090 5 167113 7
167096 167164 5 167167 4
167201 167202 10 167217 11
167486 167498 4 168098 6
167489 167493 10 167500 4 167507 5
167709 167710 14 167711 4
167727 167733 5 167734 4
168022 168031 5 168032 8 168309 5
168116 168118 6 168126 4
168134 168234 6 168236 5
168303 168305 7 222134 5
168402 168803 5 168901 5
168590 168592 5 168602 19
168726 168751 8 168771 9
168833 168834 6 168836 4
169123 169135 40 204912 11
169372 169373 6 169376 5
169458 169478 5 199688 6 233027 12
170803 170809 12 170819 5
170849 170850 10 170880 4
171030 171032 9 171033 4 171035 7 171041 4 171069 11
171194 171201 4 171272 6 183047 9
171337 171339 8 171340 8 171345 5
171365 171370 6 171468 9
171425 171428 6 171431 5
171510 171513 8 171515 6
171654 171655 22 171767 22
171855 171864 4 171964 8
172275 172277 9 172280 7
172289 172356 5 172571 7
172521 172528 8 172559 8
172903 172904 4 188182 11
173190 173203 9 173251 5
173309 173310 6 173464 7
173335 173338 27 173339 8 173379 5 173388 6
173367 173368 6 173428 10
173435 173467 8 173606 20
173895 173902 29 173903 7
174044 174045 10 174047 9
174069 174074 10 174077 16 174092 33 174119 7 174155 6 174158 5
174219 174222 11 174226 7
174249 174265 9 174302 6
174353 174354 24 174362 11
174694 174695 9 174696 15 174697 7
174739 174750 5 183690 6
175073 175075 13 175173 20
175674 175675 8 175677 5 175679 13
175682 175943 8 175953 9 176417 12
176023 176024 7 176025 22
176246 176247 5 176250 13
176666 176674 21 197386 17
176935 176938 4 177040 11
177009 177010 4 177013 7
177022 177027 9 177038 4
177032 177033 6 177035 9
177083 177088 8 177993 7
177162 177163 6 177174 16
177463 177465 12 177468 9
177518 177530 4 177551 7
177622 177635 7 178268 4
177652 181908 4 196039 4
177803 177805 6 177806 4
178056 178057 6 178058 4
179500 179508 4 179515 16
180006 180009 7 180033 4
180197 180203 4 180207 4
180461 180477 11 181747 26
181593 181595 6 181604 8
181594 181596 4 181597 6
181598 181601 10 181622 19
181732 181742 5 181751 7
182189 182193 7 182254 4
182227 182243 27 193317 5
182233 182246 5 184326 4
182275 182279 5 182290 5
182331 182338 12 182343 6
182410 182419 11 182427 9 182446 15
182420 182426 47 182487 38 182489 13
182580 188370 10 214727 5
182728 182739 7 182743 7
182731 182734 23 182770 6
182860 182862 7 182863 4
183046 183048 5 183073 6
183087 183116 4 183142 9
183984 183986 13 183988 13
184149 184152 12 184153 6 184167 19
184288 184292 6 184325 13
184525 184527 8 184531 5
184617 184620 17 184622 80 184623 19 184775 6 184880 7 185282 7
185044 185051 4 185060 13
185123 185141 8 185145 6
185376 185624 7 185688 4 187499 4
185662 185665 5 185698 5
186257 186262 11 186350 7
186339 186342 8 186363 8
186597 186602 18 187130 5
186631 186639 5 186641 9
186638 186640 9 186642 15
186778 186780 5 186782 4
187090 187095 32 187098 12
187207 187209 55 187213 8 187317 5
187342 187370 31 188875 10
187369 187374 7 187381 7
187807 187808 12 187810 10
188016 188018 4 188034 8
188044 188045 26 188062 33 188081 6
188203 188204 4 188206 8
188231 188232 7 188236 5
188335 188339 4 188376 5
188667 188668 91 188674 6 188681 58 188728 14 188801 4
188793 188795 5 188823 9
189484 189504 7 189592 6
189607 189623 8 189625 4
189676 189683 6 189687 19 189694 6
189928 189938 8 231323 6
190073 190074 5 190080 4
190090 190175 317 191278 9
190782 190783 13 190784 6
191146 191149 5 191257 21
191393 191748 21 198715 4 199651 5
191440 191444 43 191458 10 191459 7
191552 191566 8 191608 4
191595 191597 29 191619 21
191803 191804 9 202333 4
191825 191829 38 191833 25 230338 8
192364 192390 4 192393 8
192524 192530 7 210416 6
192901 192941 10 192942 4
193138 193142 5 193143 15 193145 6
193154 193155 4 193162 4 193166 4
193287 193290 7 193320 7
193394 193395 12 193401 59
193777 193778 6 193779 4
193875 193878 6 193908 4
194131 194133 4 194139 6
194222 194228 4 194229 4
194315 194316 7 194413 4
194684 194686 6 194811 8
194975 194976 8 194983 7
195085 195087 28 195090 16 195130 7
195338 195341 6 222720 4
195763 195766 5 195767 6
195775 195776 8 195787 12
195923 195940 18 195958 7 196003 12
195937 195944 5 195952 10
196030 196040 6 196043 6
196158 196160 14 196161 9
196219 196233 7 196246 5
196220 196222 5 196236 22
196330 196455 9 250507 4
196600 196608 14 196609 38 196616 22 196667 4
196931 196935 14 205823 4
196938 196949 4 196954 4
197142 197145 4 197172 6
197360 197367 6 197392 8
197363 197365 12 197566 10
197789 197790 4 197797 5
197870 197962 5 197968 14
197937 197939 4 197940 4
198170 198171 6 198173 10
198408 198630 4 198632 7
198473 198479 12 198480 10
198513 198514 8 198537 4 198539 5
198611 198634 12 198642 9
198789 198811 4 198817 5
199144 199148 11 199212 4
199202 199251 6 219587 4
199226 199227 6 199231 4
199487 199500 4 199538 7
199842 199844 15 199896 6
199853 199865 16 199933 13
199961 199995 4 200469 4
200161 200162 9 200164 10
200269 200304 4 200306 8
200279 200291 18 200293 6
200352 200381 4 200386 5
201598 201600 22 201615 44
201719 201720 4 201723 4
202000 208689 4 230428 5
202086 202128 11 202178 12
202211 202214 13 202217 4 202219 8
202419 202421 6 202422 9 202426 7
202707 202728 7 202780 6
203130 203134 10 203135 11 203199 9
203402 203404 9 203419 5
203612 203616 4 203647 5
203877 203880 43 203881 14
203981 204140 7 212026 30
204011 204014 9 204015 4
204096 204099 51 204211 8
204302 204311 4 204315 7
204339 204341 18 204356 6
204532 204539 6 204541 11
204565 204566 88 204582 27 204596 9 208785 7
204597 204598 6 204612 5
204757 204759 9 204761 5
204920 204921 11 204979 4
205012 205016 6 205024 5
205026 205031 6 205032 9
205065 205066 9 205143 4
205073 205080 8 205087 6
205190 205193 5 205197 8
205341 205635 4 205658 8
205342 205343 6 205344 8
205587 205591 4 205697 7
205684 206683 4 207303 6
205727 205739 11 205741 6
205790 205791 5 205842 7
206055 206058 4 206064 5
206170 206171 5 206172 4 206181 5
206241 206242 29 206243 16 206247 6
206426 206427 4 206428 4
206481 206482 6 206486 4 206488 4 206493 4
206678 206689 4 206697 5
206815 206817 44 206824 12
206832 206874 11 206878 22 206883 4
206934 206945 8 206954 7
206975 207004 5 207083 13
207262 207264 5 207265 4
207371 207380 15 207384 4
207456 207482 7 207585 7
207496 207500 5 207502 4
207671 207682 10 209039 8
207706 207759 9 207772 7
207984 207992 6 234047 7
208170 208171 5 208172 8
208372 208373 24 208439 8
208487 208494 4 208496 8
208520 208521 4 208711 6
208731 208739 7 208803 6
209084 209107 11 209117 5 209170 22
209384 209389 10 209406 5
209546 209548 14 209557 9 209559 12
209583 209584 36 209586 26 209603 7
209695 209697 21 209701 28
209989 209998 10 210003 6
210066 210075 4 210081 5
210249 210250 4 210255 4
210865 210866 5 210868 5
211352 211353 15 211361 17 211442 6 211773 5
211700 211702 4 211748 5
212003 212007 5 212021 4
212435 212442 28 212444 26 212467 6
212533 212536 14 212544 5
212707 212708 7 212719 6
212742 212750 6 212780 4
212770 212790 5 212795 5
212781 212783 5 213190 4
212797 212799 7 212800 7
213010 213048 9 213200 13
213317 213337 7 213381 8
213791 213792 9 213799 18
213922 213925 4 213938 4
214757 214758 4 214840 8
214863 214877 31 243625 6
215043 215055 5 215066 4
215078 215099 19 215128 28
215212 215215 6 215218 7
215491 215493 5 215494 4 215660 8
215534 215600 13 226541 55
215699 215701 10 215702 7
215868 215986 7 218823 4
216417 216423 7 216424 5
216816 216819 18 216821 15
216919 216920 13 216930 9
217019 217020 6 217028 8
217419 217501 8 218066 6
217653 217656 10 217657 8
217788 217790 7 217791 4
218315 218319 6 218321 8
218479 218695 12 219114 6
218871 218875 5 218876 6
218962 219527 7 219530 4
219936 219940 7 219941 4
220266 220269 8 220271 6
220270 220272 68 220325 9 220339 11 220348 7
220363 220514 6 240334 7
220560 220561 7 220562 10
221191 221192 17 221201 22 221202 4
221349 221350 22 241881 9
221531 221532 4 221534 5
222987 223022 9 223031 9 224207 4
223392 223395 5 223398 17 223400 8
223496 223500 9 223517 25
223906 223909 4 223910 5
224871 224872 4 224883 5
224913 224917 7 224920 11
225240 225241 8 225242 27
225274 225284 6 225300 5
226356 226385 5 226401 9
226610 226616 5 226864 11
226792 226797 10 226807 4 226820 6
226838 226840 10 226841 12 226842 5 226870 4
226946 226949 5 226961 26 226975 4
227267 227274 6 227276 4
227288 227290 10 227293 7
228561 228565 10 228566 4
228695 228697 10 228982 5
228789 228792 16 228854 18 228966 11 229282 6
228868 228871 4 228872 10 228873 4
229012 229019 4 229020 13
229064 229071 5 229073 5
229070 229075 4 229076 6
229103 229145 4 229163 4
229784 229786 4 229788 4
230074 230079 4 230088 5
230303 230304 15 230305 7
230328 230329 4 230332 8
230491 230503 15 230504 17
230722 230729 14 230826 5
230993 230995 7 231002 4
231460 231580 8 231632 7
231474 231487 5 231498 5
231628 231633 8 231634 5
231647 231652 4 231660 6
231682 231692 10 231714 6
232048 232050 8 232051 8
232120 232123 13 232131 7
232943 232950 13 232951 10
233382 233383 8 233436 4
233610 233611 7 233623 10 233628 12
233642 233645 6 233650 4
233674 233675 10 233677 30
233716 233839 4 233897 5
233783 233788 4 233790 4
233851 233856 12 233859 13
233861 233862 7 233864 8
233884 233888 6 233889 5
234086 234089 12 234090 12 234093 5 234099 15
234144 234146 6 234147 5
234221 234222 6 234223 8
234303 234305 9 234308 9 234309 12
234368 234372 8 234393 6
235085 235086 6 235087 4
235153 235157 5 235178 4
235197 235199 12 235230 19
235227 235229 10 235233 11 235277 5
235412 235420 4 235422 4
235465 235467 7 235475 11 235500 5
235469 235470 4 235476 8
236675 236680 13 236681 4
236768 236796 15 236797 11
237128 237132 15 237133 14
237312 237318 5 237329 6
237418 237420 10 237442 6
237475 237477 11 237481 7
237494 237495 11 237496 14
237671 237687 8 237730 9 237838 5
237684 237698 7 237725 5 237756 6 237921 11
238263 238268 4 238282 5
238714 238717 14 238718 10
238783 238787 5 238876 6
238873 238875 15 238877 8
239314 239316 12 239319 24 239402 7
239788 239795 18 239810 6 239840 5
240469 240485 26 240548 15 240597 8
240503 240523 4 240543 6
240540 240989 4 243701 6
240742 240747 8 240758 7
241302 241307 6 241318 6
241607 241608 6 241610 13
242187 242210 4 242215 4
242649 242650 5 242651 4
242813 242817 6 242818 11
242908 242909 16 242926 5
243115 243124 8 243128 4 243141 5
243484 243485 7 243487 12
244000 244001 11 244046 4
244345 244348 11 244352 8
244756 244758 6 244759 4 244780 4
245148 245152 16 249438 8
245699 245700 9 245702 12
245781 245793 5 245804 5
245983 245985 5 245986 8
246015 246020 7 246025 4
246448 246455 6 246488 4
246495 246532 6 246538 5
246649 246659 7 246661 6
246734 246748 9 246814 12
246804 246805 10 246806 7
246832 246871 11 246936 5
246888 246957 8 246963 12
247090 247091 8 247149 6
247411 247413 11 247415 7
248503 248504 9 248506 8
248587 248588 5 248589 5
248610 248615 5 248619 6
249520 249521 4 249527 4
249593 249613 5 249629 5
249617 249636 7 249676 5
249715 249720 5 249725 26
249838 249842 5 249846 16
250166 250170 12 250182 5
250395 250398 4 250399 19
250573 250574 4 250576 5
251034 251036 5 251037 13 251043 6
251805 251809 7 251818 7
252191 252192 6 252242 12
252661 252667 32 252761 4
253166 253170 6 253171 5
253873 253876 6 253886 28 253917 30 253946 7
253924 253926 4 253931 5
254252 254253 9 254266 8
122262 122296 10 122374 7
13882 13887 5 13888 5
34079 34082 7 59091 6
251988 251989 11 251997 9
4163 7677 131 7685 52
250490 250506 8 250552 5
18399 18401 10 18406 29 18412 4
114260 114264 17 114266 13
8128 8130 5 14326 5
817 819 5 823 5
34525 34537 11 34645 20
51215 51217 12 51218 8
61633 61637 4 61640 5
150207 150210 4 150214 7 150217 4
12580 12582 22 12587 7 12625 17 15439 4
11005 11007 6 11008 7
13167 13168 11 13184 8
4340 4341 17 31811 6
135887 135891 5 135892 5
19242 19257 13 19286 10
111462 111471 7 111639 18
140790 140793 8 140794 31
77639 77642 10 77653 7 77682 23
23053 23054 12 23055 14
118158 118160 4 118162 17 118163 7 118198 5
132966 133037 4 133044 7
46009 46010 9 46012 6
3160 3161 7 3164 18
11925 11929 6 11930 6
168815 168817 17 168858 14
6395 6398 5 6399 9
25425 25426 9 25427 5 25428 6 25462 6
22512 22513 5 22571 20
14418 14420 8 14421 4
245178 245198 5 245201 7
41067 41068 21 41082 6
213199 213201 6 213233 4
168276 168277 57 168308 7 168342 17
2626 2627 5 2632 10 2644 5
162514 162527 7 162548 14
47861 47862 5 47863 14
3816 3819 5 3830 4
193783 193786 10 193787 9 193799 17
20566 20568 6 20578 19 99290 21 132936 9
217424 217429 20 217439 14 217454 7 217461 16
6912 6915 6 6916 13
128314 128316 4 128317 10
74306 74307 5 74347 4
7239 7240 6 7241 24
118458 118460 9 118463 5
55568 55569 16 55575 14 55579 11 55602 10
1031 1032 8 1036 4
105386 105387 4 105451 4
75451 75453 6 75461 6
46102 46107 13 46119 8
142552 142556 26 142572 24
208178 208183 15 208228 6
44796 44797 7 44798 6
110460 110463 12 110470 6
228597 228604 8 228607 17
117469 117524 9 117598 4 117620 6
72330 72338 17 197530 11
213608 214517 4 233249 6
653 654 9 655 23 658 5
145204 145205 5 145206 6
149630 149632 7 149637 6
16884 16886 49 17637 8
148784 148785 8 148787 4
151522 151524 5 151526 4
5014 5015 48 5016 19 5019 26 89193 35 169212 9
23041 23043 7 23044 23
53085 53087 5 53089 28
37162 37175 7 37432 14
177369 177386 8 177408 4
27732 27733 9 27745 17 72139 23 150670 9
1570 1571 5 1573 10 1574 5 1579 7 33353 7
238350 238352 4 238359 5
21749 21751 5 21801 4
6297 6298 9 6299 16 6421 34
239646 239647 11 239650 4
98529 98530 14 98558 6
1523 1524 12 1525 9
11664 11667 10 11668 9 11669 12
46957 46959 4 46961 8 46993 4
183891 183892 5 183902 6
34381 34383 7 34384 6
51340 51341 4 51419 6
86636 86649 12 86653 8 130102 4
30626 30639 21 58449 12
136733 136735 19 136740 34
105999 106002 5 106003 4
58772 58910 8 63259 6
11893 11895 158 11916 6 163668 7
215382 215392 15 215395 8
237935 237937 12 237954 17
173868 173872 4 173891 5
155650 155655 8 155665 59 155670 145
187568 187569 9 187573 7
57445 57446 4 57453 25
6697 6702 7 6706 11
246372 246373 10 246375 15 246376 9 246377 5
164463 164467 6 164505 7
15860 15865 5 15867 6
229559 229577 7 229600 6 231226 10
35893 35895 5 35904 8
73826 73835 12 73919 75
239 240 11 241 59 256 4
21483 21486 5 21489 4
19491 19497 6 19522 18
12810 12811 7 12868 7 12956 5 12957 4
160354 160356 4 160358 5 160361 10
237509 237510 13 237514 9
24518 24850 13 169379 5
134525 134529 23 134530 7 134536 10
35812 35813 8 35823 11
46980 46981 13 46982 7
50708 50709 18 50710 10 184640 4
249465 249469 5 249474 11
116347 116348 20 116349 4 116351 21
34979 34986 15 34987 5
21895 21900 12 21921 11 64718 7
203499 203503 4 203517 4
118331 118337 5 118338 4
2684 2692 11 2693 17 2702 9
204087 204303 8 205223 4
20217 21619 4 24904 49 140477 4
18943 18944 7 18945 10
4782 4784 5 4786 4
173831 173835 5 173879 12
80710 80711 4 80713 7
84090 84094 12 84101 11
4000 4005 15 4012 7
138315 138317 8 138318 6
2736 2738 4 2741 8
15583 15584 16 15585 15
20959 20960 4 20961 5
17921 17922 18 18087 6
11405 11406 16 11408 6
20145 20146 12 211439 4
1635 1638 37 31095 21
135150 135154 4 135171 4
16493 16494 17 50543 10
126852 126855 4 126856 6
27725 27726 22 27791 11 28300 12 110789 6
196570 196575 15 196595 7 196652 4
140909 140914 4 140917 11 140919 10
8028 8114 8 8131 9 89524 4
74461 74464 12 74466 12
29415 29417 6 29418 4
3225 3226 4 3227 4
1497 1502 6 1540 11
159115 159117 4 159129 6
38808 38811 5 39108 9
56130 56143 8 56159 7 56199 6
50652 50653 4 50657 12 50668 6
126446 126447 5 126455 21
177114 177117 6 177121 5
28512 28513 5 28527 5
108210 108212 4 108336 4 108350 6
17761 17763 9 17764 6
138114 138118 8 138119 4
241656 241657 4 241658 25
845 846 6 848 6
12977 12978 4 13036 11
65142 65143 4 65151 4 65184 4
48055 48068 6 48069 9
59840 59842 6 59885 4
39589 39599 169 40288 5
58455 58456 5 58466 14
50826 50829 4 131306 4
117306 117468 8 117899 7 185362 4
100965 100976 6 101010 22
108952 108960 6 109153 4
170579 170581 5 170603 13
158092 158335 8 158405 7
50664 50673 7 51014 29
52698 52700 8 52701 9
1183 1186 5 1188 4 1197 4 23558 4
131759 131766 7 131769 4
93823 93844 4 93858 4
4152 4155 7 4158 8
151550 151552 8 151636 10
187688 187689 4 187690 4
134898 134961 7 135228 5
147112 147113 9 147114 17 147119 12
115175 115184 4 115330 12
3972 3973 25 3974 15 3976 36 3979 18 3997 7
5432 5439 17 5442 9
221290 221291 6 221493 10 221513 5
102677 102701 10 102702 12 102705 24 102743 7
4654 4658 6 4659 52 4663 7
3849 3850 13 3851 6 3853 21
1942 1943 11 1944 8 131282 4
45137 45152 40 66068 9 138148 14
29961 29964 8 68349 8
36 39 6 133 4
6468 6469 11 6516 4
132170 132171 11 132200 4
24410 24419 4 24501 7
215172 215173 11 215175 13
5487 5489 26 5491 47 60136 7 138769 4
118649 118650 6 118651 6
7087 7089 7 7090 5 7099 4 7138 4
36432 36501 8 43741 6
35177 35178 15 35180 9
80264 80266 5 80272 12
16725 16728 5 16734 5
22909 22915 4 22948 4
124947 124948 10 124950 4
34313 34317 4 34327 7
482 483 10 490 7 960 5 965 6
77298 77302 10 77856 55
63506 63514 15 63535 6
29116 29118 7 29122 7 29125 9
12581 12591 7 12604 10
192208 192239 10 192401 14
116361 117073 10 149487 9
202254 202255 6 202540 8
62029 62035 5 149844 9
50741 50744 4 50745 4
154766 155154 4 155389 5
16433 16434 19 19063 8
10991 10993 12 11003 5
132029 132035 15 202564 5
180136 180148 5 180150 14
54318 54326 16 142879 4
17853 17854 8 17855 8 17895 9 24115 4
264 265 18 266 89 96990 15
152659 152660 5 152661 17
28431 28432 5 28436 7
141789 141795 52 141821 24
106539 106543 32 106549 10 106573 8 112109 5
23467 23471 12 23598 31 23605 8
56930 56931 11 56948 4
133556 133614 5 135116 26 135138 7
104565 104566 5 104567 12 104571 7
231228 231238 11 231243 13 231272 4 231372 4
39058 39065 14 39080 5
111335 111336 7 111338 10 111344 7
136674 137869 11 137954 10
63681 63685 5 172734 4 213127 4
4114 4117 4 4122 4 4127 5
1656 1658 6 1659 4
54893 54905 7 54907 7
69953 71405 4 71408 5
17653 17658 10 17659 5
550 551 15 603 17
38793 38799 41 38804 57 38810 5
60342 60348 7 60357 13 60378 10
239400 239401 4 239406 4
36612 36613 10 89893 6
109078 109086 5 109142 4
2063 2064 13 2065 6
25103 25104 5 25131 4 59364 7
179623 179626 22 179645 6
64270 64271 5 64336 6
49744 49775 6 49781 8
78323 78332 15 135701 10
7742 7896 5 7954 4 7971 5 7991 4
231862 231863 6 231865 4
16484 16487 5 16488 7
49984 49985 10 50010 6
5903 5904 4 5905 4
11032 11033 13 28151 20
52845 52859 8 52883 5
442 479 4 484 4
27100 27105 15 27107 8 27132 6
31366 31369 6 31372 5
8752 8753 10 10878 18
682 684 7 685 9
130028 130031 15 130032 12
736 737 17 738 13 741 30 746 8 754 8 4714 5 6177 4
3889 4963 64 104442 8 104449 8
7689 7692 8 7693 4
1467 1468 7 1469 5
193362 193382 4 193694 6
142825 142841 10 142866 10
216999 217001 5 217002 11
30119 30122 5 30123 9 30125 20
7773 7774 6 7778 5 7783 4
102903 102909 6 102977 12
31701 31716 7 35190 13
10873 10874 6 10887 9
6035 6036 7 6043 5
82921 82932 25 119177 11
16763 16766 9 16768 17 16769 14
59447 59464 4 59484 4
14789 14808 13 14812 29
204545 204546 5 204548 7 204553 8
3467 3470 9 3471 4 3543 8
