QuestionNewID OriginalID
0 2
1 5
2 14
3 20
4 21
5 29
6 33
7 43
8 46
9 47
10 48
11 56
12 59
13 62
14 63
15 64
16 81
17 82
18 86
19 93
20 94
21 111
22 123
23 126
24 127
25 135
26 144
27 152
28 153
29 194
30 197
31 201
32 232
33 252
34 255
35 262
36 270
37 283
38 287
39 299
40 309
41 310
42 320
43 321
44 322
45 337
46 338
47 351
48 358
49 364
50 381
51 385
52 390
53 394
54 401
55 405
56 409
57 411
58 431
59 434
60 435
61 440
62 445
63 461
64 467
65 468
66 486
67 505
68 511
69 530
70 545
71 561
72 567
73 573
74 581
75 586
76 598
77 606
78 612
79 629
80 647
81 651
82 659
83 667
84 668
85 688
86 692
87 696
88 710
89 712
90 728
91 742
92 756
93 760
94 763
95 771
96 788
97 790
98 808
99 818
100 854
101 858
102 861
103 872
104 888
105 907
106 916
107 917
108 940
109 955
110 956
111 973
112 983
113 1014
114 1018
115 1021
116 1038
117 1040
118 1043
119 1044
120 1083
121 1099
122 1121
123 1126
124 1141
125 1144
126 1166
127 1170
128 1201
129 1206
130 1215
131 1229
132 1230
133 1245
134 1261
135 1281
136 1282
137 1283
138 1285
139 1298
140 1301
141 1305
142 1326
143 1346
144 1359
145 1371
146 1410
147 1423
148 1426
149 1437
150 1457
151 1485
152 1493
153 1527
154 1547
155 1554
156 1577
157 1584
158 1592
159 1632
160 1637
161 1654
162 1677
163 1692
164 1694
165 1699
166 1705
167 1714
168 1726
169 1728
170 1732
171 1742
172 1750
173 1755
174 1765
175 1767
176 1775
177 1792
178 1805
179 1811
180 1814
181 1847
182 1866
183 1876
184 1883
185 1910
186 1927
187 1998
188 2009
189 2041
190 2050
191 2072
192 2084
193 2109
194 2124
195 2137
196 2174
197 2195
198 2296
199 2342
200 2357
201 2361
202 2387
203 2471
204 2511
205 2515
206 2524
207 2531
208 2545
209 2562
210 2569
211 2572
212 2574
213 2599
214 2624
215 2631
216 2634
217 2650
218 2662
219 2677
220 2678
221 2687
222 2701
223 2710
224 2716
225 2743
226 2758
227 2763
228 2770
229 2784
230 2790
231 2796
232 2804
233 2824
234 2868
235 2895
236 2905
237 2918
238 2967
239 2973
240 2978
241 3005
242 3042
243 3056
244 3093
245 3102
246 3110
247 3115
248 3134
249 3139
250 3140
251 3148
252 3153
253 3204
254 3221
255 3223
256 3229
257 3251
258 3255
259 3276
260 3281
261 3289
262 3323
263 3343
264 3345
265 3375
266 3394
267 3480
268 3509
269 3512
270 3519
271 3540
272 3552
273 3605
274 3628
275 3647
276 3653
277 3674
278 3682
279 3688
280 3694
281 3696
282 3710
283 3737
284 3751
285 3754
286 3760
287 3768
288 3794
289 3828
290 3831
291 3856
292 3913
293 3914
294 3980
295 3999
296 4018
297 4021
298 4040
299 4043
300 4106
301 4115
302 4118
303 4124
304 4129
305 4137
306 4141
307 4154
308 4162
309 4177
310 4210
311 4214
312 4215
313 4218
314 4252
315 4255
316 4274
317 4283
318 4286
319 4291
320 4347
321 4363
322 4373
323 4441
324 4475
325 4479
326 4494
327 4506
328 4511
329 4521
330 4540
331 4557
332 4576
333 4603
334 4610
335 4622
336 4630
337 4679
338 4693
339 4696
340 4706
341 4717
342 4721
343 4750
344 4760
345 4777
346 4794
347 4810
348 4814
349 4839
350 4859
351 4884
352 4906
353 4936
354 4965
355 4968
356 4984
357 5022
358 5038
359 5061
360 5071
361 5107
362 5131
363 5146
364 5160
365 5166
366 5211
367 5222
368 5233
369 5236
370 5278
371 5302
372 5332
373 5333
374 5346
375 5365
376 5385
377 5390
378 5417
379 5422
380 5455
381 5460
382 5468
383 5525
384 5588
385 5602
386 5634
387 5666
388 5744
389 5761
390 5774
391 5780
392 5815
393 5834
394 5859
395 5887
396 5926
397 5989
398 5995
399 6031
400 6051
401 6108
402 6115
403 6117
404 6122
405 6145
406 6150
407 6158
408 6191
409 6197
410 6246
411 6252
412 6310
413 6327
414 6368
415 6383
416 6387
417 6417
418 6474
419 6504
420 6507
421 6512
422 6526
423 6539
424 6577
425 6607
426 6647
427 6673
428 6691
429 6698
430 6713
431 6731
432 6736
433 6792
434 6834
435 6840
436 6859
437 6880
438 6883
439 6900
440 6961
441 6962
442 6975
443 6996
444 7023
445 7031
446 7036
447 7038
448 7044
449 7060
450 7077
451 7080
452 7093
453 7147
454 7156
455 7186
456 7205
457 7233
458 7249
459 7301
460 7339
461 7350
462 7359
463 7390
464 7429
465 7468
466 7504
467 7515
468 7573
469 7600
470 7603
471 7622
472 7647
473 7652
474 7660
475 7741
476 7753
477 7754
478 7785
479 7906
480 7924
481 7927
482 7956
483 7983
484 7985
485 7994
486 8011
487 8033
488 8111
489 8116
490 8119
491 8172
492 8182
493 8351
494 8374
495 8379
496 8456
497 8461
498 8492
499 8496
500 8504
501 8511
502 8514
503 8533
504 8580
505 8599
506 8618
507 8627
508 8680
509 8700
510 8708
511 8747
512 8771
513 8774
514 8790
515 8828
516 8869
517 8885
518 8917
519 8938
520 8978
521 8994
522 9011
523 9015
524 9047
525 9109
526 9124
527 9143
528 9196
529 9197
530 9249
531 9265
532 9268
533 9293
534 9302
535 9306
536 9352
537 9356
538 9406
539 9441
540 9494
541 9518
542 9587
543 9638
544 9662
545 9689
546 9746
547 9759
548 9762
549 9765
550 9798
551 9829
552 9852
553 9953
554 9962
555 10005
556 10034
557 10057
558 10113
559 10146
560 10167
561 10199
562 10208
563 10215
564 10277
565 10383
566 10396
567 10409
568 10474
569 10492
570 10496
571 10535
572 10587
573 10655
574 10657
575 10694
576 10716
577 10729
578 10776
579 10818
580 10852
581 10901
582 10931
583 10950
584 10952
585 10975
586 10990
587 11031
588 11043
589 11046
590 11101
591 11124
592 11233
593 11292
594 11341
595 11396
596 11430
597 11444
598 11475
599 11527
600 11531
601 11631
602 11638
603 11657
604 11670
605 11697
606 11701
607 11719
608 11758
609 11806
610 11906
611 11912
612 11956
613 11962
614 12024
615 12061
616 12080
617 12082
618 12150
619 12185
620 12250
621 12258
622 12271
623 12337
624 12376
625 12388
626 12437
627 12453
628 12474
629 12512
630 12564
631 12569
632 12596
633 12611
634 12619
635 12650
636 12655
637 12698
638 12715
639 12739
640 12769
641 12779
642 12809
643 12913
644 12941
645 12991
646 13075
647 13083
648 13093
649 13112
650 13118
651 13190
652 13243
653 13349
654 13455
655 13468
656 13470
657 13518
658 13522
659 13523
660 13600
661 13650
662 13668
663 13698
664 13703
665 13730
666 13742
667 13744
668 13757
669 13840
670 13851
671 13859
672 13891
673 13911
674 13931
675 14047
676 14155
677 14172
678 14246
679 14327
680 14372
681 14388
682 14402
683 14490
684 14511
685 14535
686 14544
687 14565
688 14570
689 14600
690 14661
691 14730
692 14740
693 14757
694 14774
695 14775
696 14791
697 14864
698 14875
699 14989
700 14996
701 15063
702 15108
703 15186
704 15199
705 15231
706 15241
707 15250
708 15276
709 15312
710 15326
711 15335
712 15342
713 15350
714 15371
715 15388
716 15403
717 15463
718 15506
719 15530
720 15531
721 15572
722 15595
723 15632
724 15682
725 15720
726 15729
727 15730
728 15846
729 15859
730 15878
731 15906
732 15994
733 16002
734 16127
735 16201
736 16208
737 16211
738 16372
739 16397
740 16436
741 16461
742 16554
743 16587
744 16612
745 16616
746 16809
747 16846
748 16875
749 16895
750 16956
751 16969
752 16993
753 16999
754 17030
755 17057
756 17069
757 17092
758 17103
759 17197
760 17217
761 17265
762 17267
763 17277
764 17302
765 17339
766 17367
767 17398
768 17431
769 17439
770 17529
771 17533
772 17615
773 17691
774 17711
775 17790
776 17808
777 17893
778 17904
779 17926
780 18024
781 18042
782 18059
783 18208
784 18215
785 18239
786 18300
787 18315
788 18339
789 18372
790 18433
791 18463
792 18495
793 18593
794 18610
795 18637
796 18664
797 18669
798 18700
799 18864
800 18877
801 18887
802 18934
803 19077
804 19111
805 19130
806 19135
807 19159
808 19164
809 19165
810 19240
811 19291
812 19344
813 19360
814 19456
815 19525
816 19544
817 19564
818 19632
819 19670
820 19719
821 19749
822 19870
823 19894
824 19912
825 19924
826 19959
827 20068
828 20070
829 20099
830 20117
831 20275
832 20283
833 20335
834 20355
835 20410
836 20416
837 20419
838 20455
839 20499
840 20583
841 20619
842 20706
843 20714
844 20734
845 20759
846 20832
847 20867
848 20973
849 20974
850 21014
851 21031
852 21044
853 21065
854 21075
855 21087
856 21152
857 21181
858 21186
859 21189
860 21220
861 21226
862 21302
863 21319
864 21342
865 21414
866 21426
867 21434
868 21443
869 21480
870 21542
871 21567
872 21587
873 21650
874 21724
875 21779
876 21837
877 21897
878 21913
879 21925
880 21962
881 21965
882 22002
883 22026
884 22067
885 22148
886 22189
887 22250
888 22362
889 22385
890 22459
891 22460
892 22638
893 22697
894 22726
895 22771
896 22779
897 22799
898 22803
899 22809
900 22833
901 22962
902 22979
903 22989
904 23036
905 23058
906 23068
907 23124
908 23129
909 23135
910 23147
911 23163
912 23192
913 23203
914 23259
915 23265
916 23280
917 23305
918 23335
919 23355
920 23371
921 23399
922 23456
923 23465
924 23475
925 23509
926 23532
927 23547
928 23566
929 23637
930 23704
931 23718
932 23747
933 23772
934 23782
935 23786
936 23794
937 23879
938 23908
939 23983
940 24014
941 24091
942 24165
943 24280
944 24326
945 24386
946 24496
947 24507
948 24531
949 24583
950 24617
951 24711
952 24714
953 24748
954 24758
955 24774
956 24832
957 24883
958 24894
959 24937
960 24991
961 25047
962 25124
963 25161
964 25177
965 25226
966 25291
967 25304
968 25305
969 25382
970 25448
971 25461
972 25472
973 25513
974 25531
975 25627
976 25642
977 25667
978 25683
979 25730
980 25809
981 27045
982 27153
983 27255
984 27265
985 27310
986 27328
987 27383
988 27450
989 27467
990 27477
991 27558
992 27637
993 27659
994 27759
995 27879
996 27893
997 27949
998 27950
999 28055
1000 28187
1001 28213
1002 28326
1003 28360
1004 28370
1005 28406
1006 28459
1007 28544
1008 28584
1009 28730
1010 28751
1011 28801
1012 28926
1013 29055
1014 29064
1015 29194
1016 29284
1017 29289
1018 29309
1019 29328
1020 29352
1021 29363
1022 29403
1023 29468
1024 29489
1025 29522
1026 29532
1027 29543
1028 29544
1029 29596
1030 29613
1031 29636
1032 29668
1033 29712
1034 29723
1035 29767
1036 29775
1037 29801
1038 29829
1039 29903
1040 29913
1041 29963
1042 29985
1043 30019
1044 30061
1045 30091
1046 30210
1047 30317
1048 30374
1049 30383
1050 30477
1051 30551
1052 30609
1053 30621
1054 30637
1055 30692
1056 30696
1057 30734
1058 30787
1059 30788
1060 30824
1061 30862
1062 30932
1063 31018
1064 31045
1065 31087
1066 31104
1067 31348
1068 31368
1069 31378
1070 31383
1071 31460
1072 31511
1073 31514
1074 31561
1075 31593
1076 31720
1077 31752
1078 31773
1079 31805
1080 31823
1081 32906
1082 32919
1083 32975
1084 33021
1085 33074
1086 33085
1087 33196
1088 33285
1089 33297
1090 33319
1091 33333
1092 33357
1093 33448
1094 33553
1095 33561
1096 33564
1097 33596
1098 33624
1099 33669
1100 33698
1101 33700
1102 33703
1103 33737
1104 33760
1105 33894
1106 33937
1107 33943
1108 34047
1109 34132
1110 34136
1111 34151
1112 34173
1113 34356
1114 34358
1115 34484
1116 34603
1117 34633
1118 34730
1119 34754
1120 34765
1121 34766
1122 34947
1123 34955
1124 34976
1125 35015
1126 35081
1127 35182
1128 35219
1129 35225
1130 35271
1131 35277
1132 35292
1133 35316
1134 35325
1135 35327
1136 35380
1137 35424
1138 35459
1139 35480
1140 35497
1141 35500
1142 35529
1143 35565
1144 35579
1145 35596
1146 35616
1147 35755
1148 35821
1149 35847
1150 35910
1151 35932
1152 36056
1153 36073
1154 36081
1155 36163
1156 36244
1157 36345
1158 36522
1159 36539
1160 36603
1161 36815
1162 36828
1163 36870
1164 36875
1165 36917
1166 36943
1167 36979
1168 37014
1169 37034
1170 37038
1171 37058
1172 37149
1173 37252
1174 37280
1175 37354
1176 37363
1177 37379
1178 37427
1179 37491
1180 37557
1181 37600
1182 37609
1183 37627
1184 38708
1185 38722
1186 38758
1187 38803
1188 38992
1189 39081
1190 39128
1191 39239
1192 39344
1193 39421
1194 39572
1195 39596
1196 39611
1197 39652
1198 39689
1199 39703
1200 39815
1201 39833
1202 39844
1203 39936
1204 39968
1205 40045
1206 40141
1207 40221
1208 40272
1209 40280
1210 40373
1211 40441
1212 40481
1213 40488
1214 40492
1215 40516
1216 40567
1217 40580
1218 40656
1219 40673
1220 40703
1221 40738
1222 40830
1223 40833
1224 40980
1225 40987
1226 41215
1227 41223
1228 41239
1229 41343
1230 41413
1231 41476
1232 41574
1233 41577
1234 41608
1235 41709
1236 41754
1237 41765
1238 41854
1239 41938
1240 41961
1241 42180
1242 42214
1243 42290
1244 42532
1245 42539
1246 42553
1247 42561
1248 42721
1249 42837
1250 42889
1251 42998
1252 43099
1253 43254
1254 43352
1255 43452
1256 43457
1257 43490
1258 43580
1259 43632
1260 43772
1261 43802
1262 43812
1263 43823
1264 43854
1265 43910
1266 43937
1267 44084
1268 44188
1269 44498
1270 44507
1271 44533
1272 44585
1273 44657
1274 44764
1275 44784
1276 44785
1277 44908
1278 44956
1279 44992
1280 45087
1281 45095
1282 45179
1283 45296
1284 45302
1285 45461
1286 45579
1287 45589
1288 45655
1289 45665
1290 45708
1291 45712
1292 45846
1293 45870
1294 45876
1295 45926
1296 45934
1297 46011
1298 46074
1299 46125
1300 46127
1301 46273
1302 46289
1303 46373
1304 46408
1305 46410
1306 46486
1307 46577
1308 46672
1309 46870
1310 46942
1311 47025
1312 47046
1313 47051
1314 47058
1315 47098
1316 47127
1317 47186
1318 47237
1319 47266
1320 47267
1321 47295
1322 47304
1323 47345
1324 47356
1325 47357
1326 47402
1327 47431
1328 47444
1329 47545
1330 47842
1331 48011
1332 48072
1333 48108
1334 48166
1335 48365
1336 48390
1337 48405
1338 48408
1339 48458
1340 48462
1341 48525
1342 48537
1343 48580
1344 48630
1345 48643
1346 48705
1347 48731
1348 48760
1349 48872
1350 48898
1351 48899
1352 48923
1353 48991
1354 49140
1355 49385
1356 49398
1357 49757
1358 49803
1359 49947
1360 50016
1361 50076
1362 50127
1363 50231
1364 50355
1365 50391
1366 50727
1367 50797
1368 50837
1369 50867
1370 50906
1371 50951
1372 51155
1373 51219
1374 51349
1375 51440
1376 51524
1377 51945
1378 51970
1379 52005
1380 52129
1381 52244
1382 52314
1383 52317
1384 52358
1385 52492
1386 52517
1387 52632
1388 52641
1389 52766
1390 52826
1391 52828
1392 52929
1393 52968
1394 53105
1395 53151
1396 53201
1397 53462
1398 53726
1399 53815
1400 53995
1401 54059
1402 54149
1403 54261
1404 54283
1405 54377
1406 54403
1407 54608
1408 54943
1409 54954
1410 55019
1411 55198
1412 55327
1413 55363
1414 55368
1415 55383
1416 55498
1417 55550
1418 56023
1419 56045
1420 56096
1421 56304
1422 56374
1423 56482
1424 56494
1425 56527
1426 56616
1427 56804
1428 56844
1429 56876
1430 56893
1431 56897
1432 57058
1433 57418
1434 57723
1435 57785
1436 58214
1437 58284
1438 58308
1439 58312
1440 58341
1441 58888
1442 59000
1443 59006
1444 59062
1445 59128
1446 59170
1447 59193
1448 59472
1449 59509
1450 59770
1451 59776
1452 59916
1453 60108
1454 60129
1455 60179
1456 60449
1457 60465
1458 60480
1459 60590
1460 60651
1461 60777
1462 60789
1463 60837
1464 61163
1465 61212
1466 61246
1467 61293
1468 61520
1469 61616
1470 62051
1471 62129
1472 62144
1473 62165
1474 62208
1475 62500
1476 62576
1477 62598
1478 62660
1479 62812
1480 62884
1481 62976
1482 63131
1483 63138
1484 63255
1485 63553
1486 63641
1487 63661
1488 63676
1489 63825
1490 64013
1491 64084
1492 64256
1493 64727
1494 64876
1495 65257
1496 65262
1497 65351
1498 65609
1499 65922
1500 66014
1501 66118
1502 66249
1503 66387
1504 66471
1505 66553
1506 66616
1507 66741
1508 66840
1509 67852
1510 67875
1511 67985
1512 68077
1513 68089
1514 68150
1515 68264
1516 68266
1517 68639
1518 68700
1519 68771
1520 68991
1521 69043
1522 69081
1523 69354
1524 69361
1525 69467
1526 69655
1527 69656
1528 71393
1529 71596
1530 71608
1531 71852
1532 71961
1533 72083
1534 72134
1535 72358
1536 72493
1537 72641
1538 72750
1539 72770
1540 72816
1541 72858
1542 72864
1543 72974
1544 73226
1545 73635
1546 73680
1547 73711
1548 73850
1549 73921
1550 74283
1551 74343
1552 74457
1553 74517
1554 74627
1555 74679
1556 74752
1557 74773
1558 74879
1559 75091
1560 75142
1561 75214
1562 75335
1563 75408
1564 75439
1565 75550
1566 75821
1567 75876
1568 75894
1569 75990
1570 76021
1571 76038
1572 76091
1573 76130
1574 76207
1575 76273
1576 76302
1577 76375
1578 76628
1579 76788
1580 76802
1581 76834
1582 77247
1583 77376
1584 77402
1585 77489
1586 77560
1587 77664
1588 77894
1589 77935
1590 78061
1591 78196
1592 78242
1593 78265
1594 78341
1595 78564
1596 78569
1597 79980
1598 80140
1599 80374
1600 80514
1601 80618
1602 80695
1603 80817
1604 80951
1605 81011
1606 81035
1607 81065
1608 81094
1609 81245
1610 81277
1611 81310
1612 81311
1613 81369
1614 81388
1615 81460
1616 81552
1617 81595
1618 81607
1619 81631
1620 82000
1621 82094
1622 82161
1623 82304
1624 82414
1625 82573
1626 82604
1627 82824
1628 83125
1629 83164
1630 83421
1631 83984
1632 84204
1633 84297
1634 84333
1635 84434
1636 84607
1637 84801
1638 84833
1639 86263
1640 86274
1641 86312
1642 86313
1643 86383
1644 86415
1645 86432
1646 86526
1647 86596
1648 86724
1649 86779
1650 86802
1651 86855
1652 87122
1653 87145
1654 87300
1655 87317
1656 87330
1657 87355
1658 87435
1659 87467
1660 87692
1661 88794
1662 88942
1663 89031
1664 89670
1665 89676
1666 89760
1667 89815
1668 90033
1669 90137
1670 90258
1671 90354
1672 90482
1673 90858
1674 91223
1675 91247
1676 91338
1677 91388
1678 91509
1679 92117
1680 93510
1681 93588
1682 94545
1683 94552
1684 94717
1685 94887
1686 95425
1687 95595
1688 95600
1689 95646
1690 95740
1691 96000
1692 96039
1693 96245
1694 96331
1695 96346
1696 96556
1697 96743
1698 96917
1699 97171
1700 97470
1701 97738
1702 97773
1703 97781
1704 97898
1705 98553
1706 98575
1707 98745
1708 98949
1709 98954
1710 99317
1711 99326
1712 99334
1713 100643
1714 100665
1715 100749
1716 100899
1717 101211
1718 101917
1719 102066
1720 102208
1721 102292
1722 102370
1723 102463
1724 102492
1725 102605
1726 102620
1727 102745
1728 103273
1729 103402
1730 103625
1731 103688
1732 103815
1733 104172
1734 104192
1735 104378
1736 104421
1737 104460
1738 104573
1739 104596
1740 104898
1741 104987
1742 105023
1743 105195
1744 105431
1745 105443
1746 105461
1747 105525
1748 105537
1749 105965
1750 106001
1751 106014
1752 106037
1753 106126
1754 106264
1755 106632
1756 106762
1757 106795
1758 106898
1759 107078
1760 107096
1761 107238
1762 107475
1763 107549
1764 107556
1765 107597
1766 107669
1767 107744
1768 107820
1769 107947
1770 108129
1771 108266
1772 108287
1773 108290
1774 108710
1775 108975
1776 109210
1777 109377
1778 109392
1779 110774
1780 110781
1781 110880
1782 110911
1783 110916
1784 110949
1785 111013
1786 111095
1787 111187
1788 111223
1789 111258
1790 111334
1791 111347
1792 111419
1793 111477
1794 111487
1795 111897
1796 112090
1797 112094
1798 112167
1799 112179
1800 112408
1801 112424
1802 112576
1803 112810
1804 112876
1805 112992
1806 113122
1807 114332
1808 114337
1809 114360
1810 114376
1811 114403
1812 114503
1813 114555
1814 114580
1815 114665
1816 114774
1817 114850
1818 114856
1819 114902
1820 115136
1821 115201
1822 115270
1823 115338
1824 115339
1825 115391
1826 115461
1827 115621
1828 115765
1829 115913
1830 115943
1831 116054
1832 116142
1833 116240
1834 116280
1835 116330
1836 116365
1837 116368
1838 116494
1839 116521
1840 116552
1841 116615
1842 116731
1843 116747
1844 116965
1845 117036
1846 117146
1847 117193
1848 117391
1849 117484
1850 117567
1851 117734
1852 117740
1853 118057
1854 118178
1855 118452
1856 118492
1857 118729
1858 118737
1859 118823
1860 118880
1861 119621
1862 119865
1863 120060
1864 120064
1865 120488
1866 120635
1867 120756
1868 120945
1869 121034
1870 121160
1871 121208
1872 121236
1873 121370
1874 121804
1875 121877
1876 121982
1877 122582
1878 122623
1879 122666
1880 122707
1881 122756
1882 122823
1883 122926
1884 123327
1885 123664
1886 123863
1887 123969
1888 123978
1889 124082
1890 124204
1891 124785
1892 124847
1893 124896
1894 124949
1895 125069
1896 125171
1897 125190
1898 125198
1899 125251
1900 125272
1901 125279
1902 125300
1903 125308
1904 125399
1905 125422
1906 125494
1907 125504
1908 125617
1909 125771
1910 125850
1911 125885
1912 125886
1913 125915
1914 125985
1915 126003
1916 126030
1917 126095
1918 126127
1919 126154
1920 126235
1921 126246
1922 126495
1923 126604
1924 126632
1925 126846
1926 126871
1927 126969
1928 126996
1929 127083
1930 127158
1931 127221
1932 127303
1933 127316
1934 127405
1935 127537
1936 127613
1937 127617
1938 127639
1939 127737
1940 128348
1941 128424
1942 128433
1943 128474
1944 128535
1945 128914
1946 129090
1947 129358
1948 129504
1949 129522
1950 129659
1951 129694
1952 129747
1953 129751
1954 129785
1955 129827
1956 129854
1957 130018
1958 130141
1959 130321
1960 130392
1961 130399
1962 130441
1963 130606
1964 130659
1965 131204
1966 131310
1967 131350
1968 131400
1969 131634
1970 131801
1971 132155
1972 132293
1973 132437
1974 132673
1975 132689
1976 132851
1977 132951
1978 133208
1979 133384
1980 133546
1981 133651
1982 133712
1983 134016
1984 134027
1985 134129
1986 134296
1987 134555
1988 134685
1989 134704
1990 134741
1991 134828
1992 135032
1993 135142
1994 135365
1995 135420
1996 135455
1997 135478
1998 135645
1999 135717
2000 135720
2001 135745
2002 135814
2003 136225
2004 136235
2005 136239
2006 136268
2007 136894
2008 137045
2009 137097
2010 137200
2011 137391
2012 137472
2013 137704
2014 137791
2015 137911
2016 138029
2017 138080
2018 138311
2019 138357
2020 138522
2021 138720
2022 138724
2023 138800
2024 139021
2025 139106
2026 139131
2027 139213
2028 139290
2029 139358
2030 139382
2031 139480
2032 139702
2033 139746
2034 139758
2035 139776
2036 139912
2037 139969
2038 139986
2039 140247
2040 140363
2041 140369
2042 140493
2043 140558
2044 140568
2045 140576
2046 140604
2047 140632
2048 140756
2049 140896
2050 140943
2051 141092
2052 141129
2053 141175
2054 141239
2055 141464
2056 141527
2057 141594
2058 141804
2059 142080
2060 142139
2061 142282
2062 142305
2063 142330
2064 142331
2065 142714
2066 142960
2067 143008
2068 143132
2069 143157
2070 143342
2071 143601
2072 143861
2073 143941
2074 144096
2075 144100
2076 144214
2077 144591
2078 145163
2079 145665
2080 145982
2081 146011
2082 146543
2083 146610
2084 146750
2085 146993
2086 147039
2087 147775
2088 147976
2089 148386
2090 148395
2091 148443
2092 148523
2093 148641
2094 148665
2095 148788
2096 148858
2097 148876
2098 149459
2099 149796
2100 149811
2101 150158
2102 151169
2103 151183
2104 151199
2105 151431
2106 151453
2107 151691
2108 151813
2109 152301
2110 152488
2111 152501
2112 153274
2113 153295
2114 153392
2115 153420
2116 153458
2117 153519
2118 153586
2119 153738
2120 153747
2121 154032
2122 154061
2123 154227
2124 154251
2125 154262
2126 154471
2127 154574
2128 154841
2129 155219
2130 155332
2131 155580
2132 155684
2133 155952
2134 155998
2135 156028
2136 156068
2137 156164
2138 156359
2139 156545
2140 156553
2141 156827
2142 157045
2143 157334
2144 157501
2145 157515
2146 157696
2147 157790
2148 157893
2149 157912
2150 158201
2151 158205
2152 158291
2153 158602
2154 158617
2155 158693
2156 158957
2157 158988
2158 159069
2159 159227
2160 159229
2161 159413
2162 159462
2163 159710
2164 160216
2165 160281
2166 160290
2167 160343
2168 160530
2169 160794
2170 160872
2171 160924
2172 161220
2173 161586
2174 161752
2175 161824
2176 161849
2177 162042
2178 162227
2179 162232
2180 162452
2181 162906
2182 163154
2183 163448
2184 163528
2185 163557
2186 163875
2187 164043
2188 164046
2189 164166
2190 164260
2191 164329
2192 164382
2193 164526
2194 164711
2195 164922
2196 165230
2197 165439
2198 165798
2199 165912
2200 165966
2201 166024
2202 166117
2203 166205
2204 166374
2205 166493
2206 166747
2207 166792
2208 166843
2209 166877
2210 167031
2211 167036
2212 167037
2213 167086
2214 167096
2215 167201
2216 167486
2217 167489
2218 167709
2219 167727
2220 168022
2221 168116
2222 168134
2223 168303
2224 168402
2225 168590
2226 168726
2227 168833
2228 169123
2229 169372
2230 169458
2231 170803
2232 170849
2233 171030
2234 171194
2235 171337
2236 171365
2237 171425
2238 171510
2239 171654
2240 171855
2241 172275
2242 172289
2243 172521
2244 172903
2245 173190
2246 173309
2247 173335
2248 173367
2249 173435
2250 173895
2251 174044
2252 174069
2253 174219
2254 174249
2255 174353
2256 174694
2257 174739
2258 175073
2259 175674
2260 175682
2261 176023
2262 176246
2263 176666
2264 176935
2265 177009
2266 177022
2267 177032
2268 177083
2269 177162
2270 177463
2271 177518
2272 177622
2273 177652
2274 177803
2275 178056
2276 179500
2277 180006
2278 180197
2279 180461
2280 181593
2281 181594
2282 181598
2283 181732
2284 182189
2285 182227
2286 182233
2287 182275
2288 182331
2289 182410
2290 182420
2291 182580
2292 182728
2293 182731
2294 182860
2295 183046
2296 183087
2297 183984
2298 184149
2299 184288
2300 184525
2301 184617
2302 185044
2303 185123
2304 185376
2305 185662
2306 186257
2307 186339
2308 186597
2309 186631
2310 186638
2311 186778
2312 187090
2313 187207
2314 187342
2315 187369
2316 187807
2317 188016
2318 188044
2319 188203
2320 188231
2321 188335
2322 188667
2323 188793
2324 189484
2325 189607
2326 189676
2327 189928
2328 190073
2329 190090
2330 190782
2331 191146
2332 191393
2333 191440
2334 191552
2335 191595
2336 191803
2337 191825
2338 192364
2339 192524
2340 192901
2341 193138
2342 193154
2343 193287
2344 193394
2345 193777
2346 193875
2347 194131
2348 194222
2349 194315
2350 194684
2351 194975
2352 195085
2353 195338
2354 195763
2355 195775
2356 195923
2357 195937
2358 196030
2359 196158
2360 196219
2361 196220
2362 196330
2363 196600
2364 196931
2365 196938
2366 197142
2367 197360
2368 197363
2369 197789
2370 197870
2371 197937
2372 198170
2373 198408
2374 198473
2375 198513
2376 198611
2377 198789
2378 199144
2379 199202
2380 199226
2381 199487
2382 199842
2383 199853
2384 199961
2385 200161
2386 200269
2387 200279
2388 200352
2389 201598
2390 201719
2391 202000
2392 202086
2393 202211
2394 202419
2395 202707
2396 203130
2397 203402
2398 203612
2399 203877
2400 203981
2401 204011
2402 204096
2403 204302
2404 204339
2405 204532
2406 204565
2407 204597
2408 204757
2409 204920
2410 205012
2411 205026
2412 205065
2413 205073
2414 205190
2415 205341
2416 205342
2417 205587
2418 205684
2419 205727
2420 205790
2421 206055
2422 206170
2423 206241
2424 206426
2425 206481
2426 206678
2427 206815
2428 206832
2429 206934
2430 206975
2431 207262
2432 207371
2433 207456
2434 207496
2435 207671
2436 207706
2437 207984
2438 208170
2439 208372
2440 208487
2441 208520
2442 208731
2443 209084
2444 209384
2445 209546
2446 209583
2447 209695
2448 209989
2449 210066
2450 210249
2451 210865
2452 211352
2453 211700
2454 212003
2455 212435
2456 212533
2457 212707
2458 212742
2459 212770
2460 212781
2461 212797
2462 213010
2463 213317
2464 213791
2465 213922
2466 214757
2467 214863
2468 215043
2469 215078
2470 215212
2471 215491
2472 215534
2473 215699
2474 215868
2475 216417
2476 216816
2477 216919
2478 217019
2479 217419
2480 217653
2481 217788
2482 218315
2483 218479
2484 218871
2485 218962
2486 219936
2487 220266
2488 220270
2489 220363
2490 220560
2491 221191
2492 221349
2493 221531
2494 222987
2495 223392
2496 223496
2497 223906
2498 224871
2499 224913
2500 225240
2501 225274
2502 226356
2503 226610
2504 226792
2505 226838
2506 226946
2507 227267
2508 227288
2509 228561
2510 228695
2511 228789
2512 228868
2513 229012
2514 229064
2515 229070
2516 229103
2517 229784
2518 230074
2519 230303
2520 230328
2521 230491
2522 230722
2523 230993
2524 231460
2525 231474
2526 231628
2527 231647
2528 231682
2529 232048
2530 232120
2531 232943
2532 233382
2533 233610
2534 233642
2535 233674
2536 233716
2537 233783
2538 233851
2539 233861
2540 233884
2541 234086
2542 234144
2543 234221
2544 234303
2545 234368
2546 235085
2547 235153
2548 235197
2549 235227
2550 235412
2551 235465
2552 235469
2553 236675
2554 236768
2555 237128
2556 237312
2557 237418
2558 237475
2559 237494
2560 237671
2561 237684
2562 238263
2563 238714
2564 238783
2565 238873
2566 239314
2567 239788
2568 240469
2569 240503
2570 240540
2571 240742
2572 241302
2573 241607
2574 242187
2575 242649
2576 242813
2577 242908
2578 243115
2579 243484
2580 244000
2581 244345
2582 244756
2583 245148
2584 245699
2585 245781
2586 245983
2587 246015
2588 246448
2589 246495
2590 246649
2591 246734
2592 246804
2593 246832
2594 246888
2595 247090
2596 247411
2597 248503
2598 248587
2599 248610
2600 249520
2601 249593
2602 249617
2603 249715
2604 249838
2605 250166
2606 250395
2607 250573
2608 251034
2609 251805
2610 252191
2611 252661
2612 253166
2613 253873
2614 253924
2615 254252
2616 122262
2617 13882
2618 34079
2619 251988
2620 4163
2621 250490
2622 18399
2623 114260
2624 8128
2625 817
2626 34525
2627 51215
2628 61633
2629 150207
2630 12580
2631 11005
2632 13167
2633 4340
2634 135887
2635 19242
2636 111462
2637 140790
2638 77639
2639 23053
2640 118158
2641 132966
2642 46009
2643 3160
2644 11925
2645 168815
2646 6395
2647 25425
2648 22512
2649 14418
2650 245178
2651 41067
2652 213199
2653 168276
2654 2626
2655 162514
2656 47861
2657 3816
2658 193783
2659 20566
2660 217424
2661 6912
2662 128314
2663 74306
2664 7239
2665 118458
2666 55568
2667 1031
2668 105386
2669 75451
2670 46102
2671 142552
2672 208178
2673 44796
2674 110460
2675 228597
2676 117469
2677 72330
2678 213608
2679 653
2680 145204
2681 149630
2682 16884
2683 148784
2684 151522
2685 5014
2686 23041
2687 53085
2688 37162
2689 177369
2690 27732
2691 1570
2692 238350
2693 21749
2694 6297
2695 239646
2696 98529
2697 1523
2698 11664
2699 46957
2700 183891
2701 34381
2702 51340
2703 86636
2704 30626
2705 136733
2706 105999
2707 58772
2708 11893
2709 215382
2710 237935
2711 173868
2712 155650
2713 187568
2714 57445
2715 6697
2716 246372
2717 164463
2718 15860
2719 229559
2720 35893
2721 73826
2722 239
2723 21483
2724 19491
2725 12810
2726 160354
2727 237509
2728 24518
2729 134525
2730 35812
2731 46980
2732 50708
2733 249465
2734 116347
2735 34979
2736 21895
2737 203499
2738 118331
2739 2684
2740 204087
2741 20217
2742 18943
2743 4782
2744 173831
2745 80710
2746 84090
2747 4000
2748 138315
2749 2736
2750 15583
2751 20959
2752 17921
2753 11405
2754 20145
2755 1635
2756 135150
2757 16493
2758 126852
2759 27725
2760 196570
2761 140909
2762 8028
2763 74461
2764 29415
2765 3225
2766 1497
2767 159115
2768 38808
2769 56130
2770 50652
2771 126446
2772 177114
2773 28512
2774 108210
2775 17761
2776 138114
2777 241656
2778 845
2779 12977
2780 65142
2781 48055
2782 59840
2783 39589
2784 58455
2785 50826
2786 117306
2787 100965
2788 108952
2789 170579
2790 158092
2791 50664
2792 52698
2793 1183
2794 131759
2795 93823
2796 4152
2797 151550
2798 187688
2799 134898
2800 147112
2801 115175
2802 3972
2803 5432
2804 221290
2805 102677
2806 4654
2807 3849
2808 1942
2809 45137
2810 29961
2811 36
2812 6468
2813 132170
2814 24410
2815 215172
2816 5487
2817 118649
2818 7087
2819 36432
2820 35177
2821 80264
2822 16725
2823 22909
2824 124947
2825 34313
2826 482
2827 77298
2828 63506
2829 29116
2830 12581
2831 192208
2832 116361
2833 202254
2834 62029
2835 50741
2836 154766
2837 16433
2838 10991
2839 132029
2840 180136
2841 54318
2842 17853
2843 264
2844 152659
2845 28431
2846 141789
2847 106539
2848 23467
2849 56930
2850 133556
2851 104565
2852 231228
2853 39058
2854 111335
2855 136674
2856 63681
2857 4114
2858 1656
2859 54893
2860 69953
2861 17653
2862 550
2863 38793
2864 60342
2865 239400
2866 36612
2867 109078
2868 2063
2869 25103
2870 179623
2871 64270
2872 49744
2873 78323
2874 7742
2875 231862
2876 16484
2877 49984
2878 5903
2879 11032
2880 52845
2881 442
2882 27100
2883 31366
2884 8752
2885 682
2886 130028
2887 736
2888 3889
2889 7689
2890 1467
2891 193362
2892 142825
2893 216999
2894 30119
2895 7773
2896 102903
2897 31701
2898 10873
2899 6035
2900 82921
2901 16763
2902 59447
2903 14789
2904 204545
2905 3467
