teamID expertID expertID ...
0 9882 9883 9884 9885 9886
1 9882 9904 9901 9934 9996
2 9882 9934
3 9885 9906 9964
4 9885 9919
5 9885 9945 9963
6 9887 9888 9889 9890 9891
7 9887 9896
8 9887 9920 9985 10186 10187
9 9887 9944
10 9887 9949
11 9887 9949 9925
12 9887 9949 9945 9918 9925
13 9887 9949 10072
14 9887 9953
15 9887 9976
16 9887 9995
17 9887 10001 10002 10003
18 9887 10048 9979 10049
19 9887 10073
20 9887 10102
21 9887 10161 10205
22 9887 10194
23 9887 10205
24 9887 10270
25 9887 10295
26 9887 10304
27 9887 10597
28 9887 10818
29 9887 11018
30 9890 9897 9906 9918
31 9890 9919 9920 9921 9922
32 9890 9999
33 9891 11138
34 9892 9893 9894
35 9895 9896 9897 9898 9899 9900
36 9896 9911 9912
37 9897 9890 9885
38 9897 9898
39 9897 9913
40 9897 9918
41 9897 9928
42 9897 9941 9994 9912
43 9897 9952 9953 9954
44 9897 9962
45 9897 9970
46 9897 9970 9949
47 9897 10078
48 9897 10102 10783
49 9897 10614
50 9897 11017
51 9897 11096
52 9897 11096 11006
53 9897 11255
54 9897 11419
55 9897 11533 11534
56 9897 11636
57 9897 11637
58 9898 9887
59 9898 9899
60 9898 9899 10050
61 9898 9899 10672 9899
62 9898 9899 11181 10489 11182
63 9898 9910 11164
64 9898 9916
65 9898 9944
66 9898 9945
67 9898 9949
68 9898 9976
69 9898 9985
70 9898 9993
71 9898 9994
72 9898 10023
73 9898 10062
74 9898 10071
75 9898 10078
76 9898 10111
77 9898 10119
78 9898 10120
79 9898 10141
80 9898 10143
81 9898 10144
82 9898 10148
83 9898 10154 10155
84 9898 10177
85 9898 10179
86 9898 10232
87 9898 10288
88 9898 10298
89 9898 10310
90 9898 10313
91 9898 10317 10421
92 9898 10322 10323 10324
93 9898 10332
94 9898 10333
95 9898 10378
96 9898 10381
97 9898 10416 10417
98 9898 10444
99 9898 10452 10078
100 9898 10461
101 9898 10463
102 9898 10466
103 9898 10468
104 9898 10475 10407
105 9898 10492 10493
106 9898 10507 10508 10509 10510 10511
107 9898 10512 9899 10513
108 9898 10527
109 9898 10533 10130
110 9898 10580 10581
111 9898 10641
112 9898 10642
113 9898 10642 9899
114 9898 10685
115 9898 10737
116 9898 10743
117 9898 10768
118 9898 10785
119 9898 10789
120 9898 10811
121 9898 10866
122 9898 10881
123 9898 10908
124 9898 10922
125 9898 10951
126 9898 10960
127 9898 10993
128 9898 11023
129 9898 11079
130 9898 11083
131 9898 11103
132 9898 11111
133 9898 11115
134 9898 11165
135 9898 11188
136 9898 11198
137 9898 11224
138 9898 11367
139 9898 11469
140 9898 11492
141 9899 10933
142 9899 11186
143 9899 11506
144 9899 11565
145 9901 9897
146 9901 9898
147 9901 9902 9903
148 9901 9929
149 9901 9930 9970
150 9901 9934
151 9901 9941 9996 10025 10026 10027 10028
152 9901 9988 9991
153 9901 10003
154 9901 10062 10078 9899
155 9901 10074 10115
156 9901 10078
157 9901 10086
158 9901 10101 10003 10102 10103
159 9901 10314
160 9904 9905 9906 9907 9903 9908 9909 9910
161 9906 9897 9887 9965
162 9906 9897 10000
163 9906 9939 9948 9949 9950
164 9906 9972 9973
165 9906 9979 10006
166 9906 10063 9901
167 9910 9897
168 9910 9934
169 9910 9970
170 9910 10099 11239 10276
171 9910 10403 11025
172 9910 10601
173 9910 10818
174 9910 10933
175 9910 11063
176 9910 11068
177 9910 11089
178 9910 11089 11100
179 9910 11177 11178 10601
180 9910 11254
181 9913 9898
182 9913 9914
183 9913 9945
184 9913 10062
185 9915 9897 9916 9917
186 9915 9941 9945 9946 9947
187 9916 9898
188 9918 9897 11509 11510
189 9918 10102
190 9919 9906 9977 9978
191 9919 9923 9924 9907 9925 9926
192 9919 9934
193 9920 9949 9887 10070
194 9920 10001 9962
195 9921 9898
196 9921 9920 9887
197 9921 9976 10769
198 9921 10034
199 9921 10073
200 9921 10101
201 9921 10101 9920
202 9921 10102
203 9921 10125 10883
204 9921 10161
205 9921 10194
206 9921 10225
207 9921 10247
208 9921 10260
209 9921 10286
210 9921 10385
211 9921 10385 11231
212 9921 10426
213 9921 10434
214 9921 10437
215 9921 10445
216 9921 10477
217 9921 10528
218 9921 10723
219 9921 10782
220 9921 10806
221 9921 10812
222 9921 10845 10848
223 9921 10909
224 9921 10918
225 9921 10928
226 9921 10933 11032
227 9921 11097
228 9921 11172
229 9921 11329
230 9921 11507
231 9925 9949
232 9927 9923
233 9927 9925 10019
234 9927 9970 9958
235 9928 9887
236 9928 9890
237 9928 9939 9914
238 9928 10051 10053 10054 10055
239 9928 10149 10150
240 9928 10762
241 9929 9930
242 9929 9976
243 9931 9896 9934 9934 9934 9901 9935 9936 9937
244 9931 9932 9933
245 9931 10023
246 9932 9914
247 9934 9898
248 9934 9925
249 9934 9931 10079
250 9934 9955 9914 9925 9956 9957 9958 9959
251 9934 9962
252 9934 9968
253 9934 9987
254 9934 9988 10018
255 9934 10023
256 9934 10090 10023 10113
257 9934 10100 9949 9936 9901 9898 10104 10105 10106 10107 10108
258 9934 10107
259 9934 10110
260 9934 10193
261 9934 10294
262 9934 10431
263 9934 10954
264 9936 9901 9898
265 9936 9934
266 9936 9941 9949 9883
267 9936 10138
268 9937 9968
269 9937 10023
270 9938 9939
271 9939 9897 9941 9969
272 9939 9901
273 9939 9901 9968 9941
274 9939 9913
275 9939 9951
276 9939 9960 9901 9898
277 9939 9962
278 9939 9971
279 9939 9974 9936
280 9939 9988
281 9939 9989 9990 9991 9988 9992 9993
282 9940 9927 9901
283 9940 9938 9941
284 9940 10001
285 9941 9882 10041 9898
286 9941 9897 9972
287 9941 9928
288 9941 9934 10017
289 9941 9939 9962
290 9941 9962 9913
291 9942 9943 9943 9944
292 9943 9970 10740 10101 10193 10741 10015 10742
293 9943 10049
294 9943 10101
295 9943 10326 10582 10583
296 9943 10567
297 9944 9887
298 9944 9898
299 9944 9949
300 9944 9949 10099 10487
301 9944 10015
302 9944 10023
303 9944 10107
304 9944 10107 10910 10911
305 9944 10307
306 9944 10422
307 9944 10494
308 9944 10719
309 9945 9887
310 9945 9901
311 9945 9901 9898
312 9945 9901 10009
313 9945 9928 9991 10031
314 9945 9972
315 9945 10001
316 9945 10001 10101
317 9945 10104
318 9945 10138
319 9945 10146
320 9945 10161
321 9945 10166
322 9945 10185
323 9945 10200 10161
324 9945 10241
325 9945 10477
326 9945 10599
327 9945 10761
328 9945 10773
329 9949 9887
330 9949 9887 10101
331 9949 9898
332 9949 9898 10062
333 9949 9898 10499
334 9949 9901
335 9949 9921
336 9949 9925 9934
337 9949 9934
338 9949 9934 9930 9901 10069
339 9949 9943
340 9949 9944
341 9949 9945 10161
342 9949 9958
343 9949 9962
344 9949 9976 9921
345 9949 9996
346 9949 10001 9945 10009
347 9949 10001 10088
348 9949 10002 9945 9941
349 9949 10003
350 9949 10009
351 9949 10023 9937
352 9949 10023 10161 10209 10210
353 9949 10032
354 9949 10062 10373
355 9949 10067
356 9949 10069
357 9949 10073
358 9949 10073 9921
359 9949 10074 9945
360 9949 10084
361 9949 10090 9945
362 9949 10098
363 9949 10098 10370
364 9949 10099
365 9949 10100
366 9949 10101
367 9949 10101 10225
368 9949 10134 10002
369 9949 10152
370 9949 10160 10161
371 9949 10161
372 9949 10161 10152 10547
373 9949 10167 10168 9934 10049
374 9949 10172
375 9949 10172 9887 10305 10306 10299
376 9949 10183
377 9949 10202 10439 10069
378 9949 10203
379 9949 10226
380 9949 10260 10265
381 9949 10262
382 9949 10263
383 9949 10285
384 9949 10296 10297
385 9949 10299
386 9949 10307 10383
387 9949 10315
388 9949 10335 10260
389 9949 10337
390 9949 10341
391 9949 10385
392 9949 10385 10626
393 9949 10389
394 9949 10390 10099
395 9949 10392
396 9949 10405
397 9949 10426 10073 9976
398 9949 10483 9898
399 9949 10519
400 9949 10586
401 9949 10692 10693
402 9949 10698
403 9949 10774
404 9949 10786
405 9949 10841
406 9949 10882
407 9949 11005
408 9949 11573
409 9953 10255
410 9953 10783
411 9955 9980
412 9958 10098
413 9958 10152
414 9960 9994
415 9960 10020
416 9960 11053
417 9961 9929 9957
418 9962 9906
419 9962 9928
420 9962 9949 9887
421 9962 10161
422 9966 9934 9934 9934 9967
423 9967 9901 9934 10023
424 9968 9898 10023
425 9968 9898 10151
426 9968 9934
427 9968 9941
428 9968 9944
429 9968 9949 9887 10069
430 9968 9976 10089
431 9968 9993
432 9968 9996 9934
433 9968 10023
434 9968 10102
435 9968 10466 10467
436 9968 10505 9934
437 9968 10515
438 9968 10607
439 9968 11243
440 9970 9887 9945
441 9970 9897 10013
442 9970 9898
443 9970 9944
444 9970 9944 10377 10286 10428 10429 10430
445 9970 9945 10014 9970 9985 9949 10015
446 9970 9949 9897
447 9970 10016
448 9970 10099
449 9970 10234
450 9972 9949
451 9975 9901
452 9975 9928 10004 10005
453 9975 9976
454 9975 10013 10030
455 9976 9945
456 9976 10032
457 9978 10062 10535 10041
458 9978 11126
459 9979 9906
460 9979 9972
461 9981 9913
462 9982 9983 9984 9985 9985 9949
463 9983 10008 9898
464 9984 10203
465 9985 9887
466 9985 9898 9949
467 9985 9898 10233 10148
468 9985 9949
469 9985 9985 9985
470 9985 10023
471 9985 10073
472 9985 10101
473 9985 10172
474 9985 10266
475 9985 10308
476 9986 9934 9987
477 9988 9934
478 9988 9934 10021 10022 9934 10023 10024
479 9988 10138 10193
480 9991 9934
481 9991 9936
482 9991 9970 9930
483 9991 10130 9934
484 9993 10485
485 9994 9898
486 9994 9898 9899 10229 10230
487 9994 9898 10076
488 9994 9913
489 9994 9934
490 9994 9985 10220
491 9994 10023
492 9994 10062
493 9994 10170 10171
494 9994 10180
495 9994 10288
496 9994 10584
497 9995 10090 10001 10091
498 9996 9897
499 9996 9897 10063 10064 10065
500 9996 9901
501 9996 9920 9887
502 9996 9921
503 9996 9925 10033 10034
504 9996 9928
505 9996 9941
506 9996 9949
507 9996 9962
508 9996 9979 10045 10046 10047
509 9996 10001 10040
510 9996 10002
511 9996 10029
512 9996 10032
513 9996 10056
514 9996 10146
515 9996 10311 10172 10312
516 9996 10769 9949
517 9997 9897 9998
518 10001 9887 9949
519 10001 9887 10061
520 10001 9897
521 10001 9949
522 10001 9949 9976
523 10001 9949 9976 10003
524 10001 10003
525 10001 10009
526 10001 10009 9949
527 10001 10009 9949 9934 10009
528 10001 10090
529 10001 10095
530 10002 9949
531 10002 9979
532 10007 9912
533 10008 9921
534 10009 9936 10010
535 10010 9925 10138 9934
536 10010 10098
537 10010 10172
538 10011 9943
539 10011 10012
540 10011 10102
541 10014 9949
542 10015 10051 10579 9934
543 10015 10161 10073
544 10015 10260
545 10015 10368 10062 10456
546 10016 10039
547 10017 10101 10923
548 10017 10298 10108
549 10017 10385
550 10017 10601 11628 10385
551 10017 11531 10818
552 10017 11559 10962
553 10020 9949
554 10023 9885
555 10023 9898
556 10023 9925
557 10023 9934
558 10023 9934 9925
559 10023 9945
560 10023 9949 10281
561 10023 9967
562 10023 9968
563 10023 9976 10090
564 10023 9985
565 10023 9991 9934
566 10023 9994 9898
567 10023 9994 9970 9898 10121 9934 10122 10108 10123 10049 10124 10125 10126
568 10023 10010
569 10023 10011
570 10023 10032
571 10023 10034 10062 10089
572 10023 10062
573 10023 10089
574 10023 10089 10146 10069
575 10023 10090
576 10023 10117
577 10023 10118 10062
578 10023 10129
579 10023 10130 10147
580 10023 10146
581 10023 10146 10350
582 10023 10152 9949
583 10023 10161 9976 10101 10049
584 10023 10161 10255 9901
585 10023 10164
586 10023 10193
587 10023 10195
588 10023 10214
589 10023 10216
590 10023 10260
591 10023 10292
592 10028 9898 9994
593 10029 10260 11404
594 10032 9897
595 10032 9918
596 10032 9921
597 10032 10073
598 10032 10101
599 10032 10101 10062
600 10032 10101 11282
601 10032 10102
602 10032 10172
603 10032 10385
604 10032 10433
605 10032 10470
606 10032 10477
607 10032 10626
608 10032 10643
609 10032 11056
610 10032 11121
611 10032 11359
612 10032 11418
613 10032 11420
614 10032 11477
615 10032 11479 10933
616 10032 11512
617 10032 11521
618 10032 11529
619 10032 11544
620 10032 11563
621 10032 11586
622 10032 11607
623 10032 11618
624 10034 10017
625 10034 10062
626 10034 10517 10089
627 10034 10759 11594 11598
628 10034 10818
629 10034 11462
630 10034 11599 11600
631 10035 9949
632 10036 9934
633 10036 9949 9899
634 10036 10037
635 10037 9897 10038
636 10042 9928 10043 10044
637 10049 10017
638 10049 10069
639 10049 10089
640 10049 10123 10840 10101
641 10049 10197
642 10049 10517
643 10049 10517 10089 10634
644 10049 10727
645 10049 10802 10803 10804
646 10051 10052
647 10051 10056 9898 10057 10058 10059 10060
648 10051 10172
649 10051 10316 10440
650 10055 10369
651 10056 10080
652 10059 10130 10062
653 10062 9898
654 10062 9899
655 10062 9913 10071 10480
656 10062 9921
657 10062 10023
658 10062 10034
659 10062 10034 9899 10626 10601
660 10062 10034 10818
661 10062 10073
662 10062 10073 9949
663 10062 10089
664 10062 10101
665 10062 10101 10073
666 10062 10130
667 10062 10161
668 10062 10235
669 10062 10260
670 10062 10505
671 10062 10574
672 10062 10601
673 10062 10608
674 10062 10716
675 10062 10754
676 10062 10759
677 10062 10932 10933
678 10062 10954
679 10062 10957
680 10062 10983
681 10062 11134 10101 10073
682 10062 11161
683 10062 11166
684 10062 11187
685 10062 11230
686 10062 11382
687 10062 11458
688 10062 11470 10089
689 10062 11485
690 10062 11495
691 10062 11530
692 10064 10376
693 10064 10442 10443
694 10065 10152
695 10065 11255
696 10065 11513 11231 11514 11478 9993
697 10066 9941
698 10068 9956
699 10069 10299 10089 10574 10575
700 10069 10985
701 10069 11099
702 10069 11104
703 10069 11505
704 10073 9887
705 10073 9897
706 10073 9921
707 10073 9921 10015 10367
708 10073 9921 10260
709 10073 9949
710 10073 9949 9921
711 10073 9985
712 10073 10017
713 10073 10032
714 10073 10062
715 10073 10089 9958
716 10073 10101
717 10073 10130 10089
718 10073 10161 10260
719 10073 10172
720 10073 10225
721 10073 10260
722 10073 10286
723 10073 10286 10001
724 10073 10286 10161 10264
725 10073 10307
726 10073 10307 10101
727 10073 10330
728 10073 10385
729 10073 10411 10412 10413
730 10073 10433 10260
731 10073 10464
732 10073 10524
733 10073 10585
734 10073 10586 10620
735 10073 10586 11234
736 10073 10646 10647
737 10073 10655
738 10073 10759
739 10073 10788
740 10073 10814 10815
741 10073 10917
742 10073 11096
743 10073 11256
744 10073 11281
745 10073 11332
746 10073 11441 11455 11456 11457
747 10073 11488
748 10073 11544
749 10074 9897 10089
750 10074 10023
751 10074 10023 10188 10189 10190 10191
752 10074 10087
753 10074 10128
754 10075 10076 10077 10053
755 10076 9901
756 10076 9945
757 10076 10933 10850 11370 10962 10260
758 10078 11110
759 10079 9934
760 10079 10604
761 10079 10648
762 10081 10023 10082
763 10083 9994 10076 9898
764 10084 10112
765 10085 9945
766 10085 9949
767 10085 9976
768 10085 10001
769 10085 10102
770 10085 10172 9976
771 10085 10779 10780 10102
772 10089 9928
773 10089 10015
774 10089 10023
775 10089 10049
776 10089 10062
777 10089 10062 10334
778 10089 10098
779 10089 10130
780 10089 10216 10517
781 10089 10517
782 10089 10517 10054
783 10089 10533
784 10089 10591
785 10089 10601
786 10089 10716
787 10089 10784
788 10089 10800 10801
789 10089 10821
790 10089 10940
791 10089 10955 10956
792 10089 11000
793 10089 11017
794 10089 11017 10062
795 10089 11078 10130
796 10089 11112
797 10089 11197
798 10089 11230
799 10089 11265
800 10089 11280
801 10089 11371
802 10089 11468
803 10090 9920 9945 10114
804 10090 9945
805 10090 10001 10096
806 10090 10101
807 10092 9898 10161 9949 10099 10192 9941 10015 10250
808 10092 9949
809 10092 9949 10101
810 10092 10093 10009 10094
811 10093 10554
812 10097 9949
813 10098 9949 10073
814 10098 10062
815 10098 10089
816 10098 10099
817 10098 10100 10023 9890 9928
818 10098 10107
819 10098 10161
820 10098 10574
821 10098 10798 9953 10799
822 10098 10828 10829
823 10099 9949 10220 10181 10221
824 10099 9958
825 10099 10085 9976 10161
826 10100 9887
827 10100 9976
828 10100 10073 10307 9898
829 10100 10161
830 10100 10172 9949 9962 10032
831 10100 10284 10289
832 10100 10484 10101
833 10100 10694 10049
834 10101 9887
835 10101 9897
836 10101 9898
837 10101 9898 10496
838 10101 9921
839 10101 9949
840 10101 9949 9934 10152 10222
841 10101 9949 10161
842 10101 9949 10196 9887
843 10101 9968 10015 10518
844 10101 9985 10227 10228
845 10101 10006
846 10101 10015
847 10101 10015 10670
848 10101 10023
849 10101 10062
850 10101 10062 10260
851 10101 10065 9943
852 10101 10065 10286 10529 10062
853 10101 10069
854 10101 10073
855 10101 10073 10704
856 10101 10073 11453
857 10101 10099 9887 9949 9913 9898
858 10101 10102
859 10101 10102 11258
860 10101 10107 9944 10015
861 10101 10161
862 10101 10161 10626 10793 10015
863 10101 10166
864 10101 10192
865 10101 10197 10166 10023 10098
866 10101 10203
867 10101 10225
868 10101 10241
869 10101 10247 11266
870 10101 10250
871 10101 10260
872 10101 10260 10643
873 10101 10260 10725
874 10101 10260 10859
875 10101 10306 10705 10706
876 10101 10307
877 10101 10307 10787
878 10101 10385
879 10101 10385 10073
880 10101 10385 11564
881 10101 10405
882 10101 10420
883 10101 10424 10307
884 10101 10426 9921
885 10101 10433
886 10101 10478
887 10101 10520 10521
888 10101 10521
889 10101 10524
890 10101 10524 10260
891 10101 10544 10545
892 10101 10556 10073 10586
893 10101 10574
894 10101 10574 10062 10034
895 10101 10577
896 10101 10589
897 10101 10594
898 10101 10595 10114
899 10101 10621
900 10101 10625
901 10101 10626
902 10101 10626 10783
903 10101 10643 10192 10307
904 10101 10671
905 10101 10684 10668
906 10101 10694
907 10101 10702
908 10101 10705
909 10101 10718
910 10101 10719
911 10101 10727
912 10101 10759
913 10101 10759 10599
914 10101 10760
915 10101 10769
916 10101 10775
917 10101 10783
918 10101 10783 10260
919 10101 10805
920 10101 10816
921 10101 10838 10839
922 10101 10841
923 10101 10884
924 10101 10897 10912 10913 10914
925 10101 10909
926 10101 10933
927 10101 10934
928 10101 10967
929 10101 11014 11252
930 10101 11022
931 10101 11022 11134
932 10101 11047
933 10101 11056
934 10101 11067
935 10101 11075
936 10101 11077 10062 10265 10524 10385
937 10101 11113
938 10101 11147
939 10101 11174
940 10101 11208
941 10101 11257
942 10101 11272
943 10101 11281
944 10101 11281 10260
945 10101 11291
946 10101 11299
947 10101 11318
948 10101 11337
949 10101 11341
950 10101 11381
951 10101 11477 11478 10099
952 10101 11482
953 10101 11485
954 10101 11544
955 10101 11637
956 10102 9887 10101 10823
957 10102 9910
958 10102 10029
959 10102 10073 10285 10893
960 10102 10101
961 10102 10166
962 10102 10205
963 10102 10255
964 10102 10260
965 10102 10260 10892
966 10102 10307
967 10102 10385
968 10102 10455
969 10102 10601
970 10102 10626
971 10102 10650 9918
972 10102 10705
973 10102 10713
974 10102 10759 11667 9918
975 10102 10769
976 10102 10769 11009 10260 11010
977 10102 10820
978 10102 10857
979 10102 10909
980 10102 11006
981 10102 11008
982 10102 11213
983 10102 11262
984 10102 11270
985 10102 11281
986 10102 11322
987 10102 11396
988 10102 11664
989 10107 9921
990 10107 10076
991 10107 10101
992 10107 10165
993 10108 11231
994 10109 9945 9949
995 10109 10090
996 10109 10110
997 10109 10265
998 10110 9941
999 10116 10109
1000 10123 10797
1001 10126 10260 11355
1002 10126 11080 11081
1003 10127 9898 9976 10023 10128
1004 10128 10023
1005 10130 9898 10257
1006 10130 9925 10023 9901 10017
1007 10130 9934
1008 10130 9949
1009 10130 10004 10173
1010 10130 10023
1011 10130 10023 10219
1012 10130 10032
1013 10130 10034
1014 10130 10062
1015 10130 10089
1016 10130 10089 10089 10023 10089
1017 10130 10089 11438
1018 10130 10098
1019 10130 10146
1020 10130 10194 10241
1021 10130 10216
1022 10130 10316
1023 10130 10380
1024 10130 10460
1025 10130 10488
1026 10130 10531 10532
1027 10130 10601
1028 10130 10610
1029 10130 10699
1030 10130 10709
1031 10130 10716
1032 10130 10808
1033 10130 10830 10831 10060
1034 10130 11017
1035 10130 11023
1036 10130 11098 10089
1037 10130 11102
1038 10130 11162
1039 10130 11489 11000
1040 10131 10128 10132 10133
1041 10134 9898 9929
1042 10134 9949
1043 10134 10546
1044 10135 10023 10140
1045 10135 10136
1046 10135 10139
1047 10137 9934
1048 10137 10138
1049 10138 9934
1050 10142 9949
1051 10145 10023
1052 10149 10130
1053 10152 10099
1054 10152 10100 9958
1055 10152 10108
1056 10152 10180
1057 10152 10197
1058 10152 10254
1059 10152 10463 10501
1060 10152 10472
1061 10152 10476
1062 10153 10134
1063 10156 10157 10158
1064 10159 9949 10107
1065 10160 10172 10161 10006
1066 10160 10446
1067 10161 9887
1068 10161 9887 10217
1069 10161 9898 9949 10192 10208
1070 10161 9921
1071 10161 9921 10455
1072 10161 9925
1073 10161 9945
1074 10161 9949
1075 10161 9949 10251
1076 10161 9994
1077 10161 9994 10101 10214 10049 10215 9978
1078 10161 10014 10197 9934
1079 10161 10032
1080 10161 10073
1081 10161 10078 9949
1082 10161 10101
1083 10161 10101 9945
1084 10161 10101 9949
1085 10161 10152
1086 10161 10194 10001 9949
1087 10161 10203
1088 10161 10218
1089 10161 10225
1090 10161 10249
1091 10161 10255 10032
1092 10161 10255 10265
1093 10161 10260
1094 10161 10264 10073
1095 10161 10267 9901
1096 10161 10307
1097 10161 10522 10523
1098 10161 10526
1099 10161 10714
1100 10161 10770
1101 10161 10889
1102 10161 11128
1103 10162 10023 10163
1104 10162 10089
1105 10164 10193 10388
1106 10165 10023
1107 10165 10181
1108 10165 10916
1109 10166 9887
1110 10166 9928
1111 10166 9934 10023 10245
1112 10166 9949
1113 10166 10099 9985 10202
1114 10166 10101 10073
1115 10166 10458
1116 10166 10586
1117 10166 10673
1118 10166 10705
1119 10166 10731 10732
1120 10166 11123 11124 11125
1121 10166 11130
1122 10166 11133
1123 10169 9945
1124 10172 10161
1125 10172 10260
1126 10172 10626
1127 10172 11022 10003 9887 10032 10455
1128 10172 11269 10933
1129 10172 11422
1130 10172 11454
1131 10174 10175 9898 10023 9899
1132 10176 9949
1133 10177 10178
1134 10181 9944
1135 10181 10182
1136 10181 10465
1137 10183 9898
1138 10183 9898 9913
1139 10183 9949 10001 10207
1140 10183 9949 10161
1141 10183 9994
1142 10183 10023
1143 10183 10023 9945
1144 10183 10101
1145 10183 10161
1146 10183 10184
1147 10183 10206
1148 10192 9949
1149 10192 9985
1150 10193 9898 10298
1151 10193 9901
1152 10193 9934
1153 10193 9936
1154 10193 9993
1155 10193 9994 10568 10569
1156 10193 10023
1157 10193 10034
1158 10193 10062
1159 10193 10089
1160 10193 10130
1161 10193 10164
1162 10193 10216
1163 10193 10368
1164 10193 10378
1165 10193 10518
1166 10193 10574
1167 10193 10598
1168 10193 10651
1169 10193 10656
1170 10193 10755 10062 11121
1171 10193 10954
1172 10193 11089
1173 10194 9976
1174 10194 10023 10197
1175 10194 10197 9949
1176 10196 10861 10203
1177 10197 9949 10098
1178 10197 10388
1179 10198 9949
1180 10198 10199
1181 10201 9934
1182 10203 9887
1183 10203 9934
1184 10203 10101
1185 10203 10172 9945
1186 10203 10225
1187 10203 10260
1188 10203 10286
1189 10203 10443
1190 10203 10477 9921
1191 10203 10578
1192 10204 10101
1193 10205 10062
1194 10205 10446
1195 10205 10546
1196 10211 10161
1197 10211 10382 10383
1198 10212 9976 10161
1199 10213 10180
1200 10216 10015 9898
1201 10216 10089
1202 10216 10432
1203 10216 10474
1204 10216 10517
1205 10216 10601
1206 10216 10684
1207 10216 10697
1208 10216 10721 10722
1209 10216 10724
1210 10216 10867
1211 10216 10989
1212 10216 10992
1213 10216 10995 10996 10997
1214 10216 11049
1215 10216 11062
1216 10216 11116
1217 10216 11155
1218 10216 11264
1219 10223 10224
1220 10225 9887 10161
1221 10225 9887 10903
1222 10225 9921
1223 10225 9943 10101 10065
1224 10225 9945
1225 10225 9967
1226 10225 9976 10152
1227 10225 10032
1228 10225 10062
1229 10225 10101
1230 10225 10101 10166
1231 10225 10102
1232 10225 10161
1233 10225 10166
1234 10225 10172
1235 10225 10194
1236 10225 10203
1237 10225 10203 9943
1238 10225 10253
1239 10225 10255
1240 10225 10255 10626 9953
1241 10225 10286
1242 10225 10286 10540
1243 10225 10301 10161
1244 10225 10307 10630
1245 10225 10385 11142
1246 10225 10425 10098 10426
1247 10225 10471 9944 10378
1248 10225 10486
1249 10225 10500 10101 10203
1250 10225 10528
1251 10225 10536
1252 10225 10548 10478
1253 10225 10590
1254 10225 10598
1255 10225 10668
1256 10225 10705
1257 10225 10705 10415
1258 10225 10717
1259 10225 10783
1260 10225 10783 10203
1261 10225 10863 10864 10073 10865
1262 10225 10876 10877
1263 10225 11022 10126
1264 10225 11137
1265 10231 10101
1266 10234 10062 10089
1267 10234 10172 9887
1268 10234 10260
1269 10234 10499
1270 10234 10599
1271 10234 10961 10927 10962
1272 10235 9928
1273 10235 9934
1274 10235 10089
1275 10235 10146
1276 10236 10237 10238 10239 10240
1277 10241 9898 10243
1278 10242 9945 10078 9941
1279 10244 9887
1280 10246 9887 9976
1281 10246 11050 10260
1282 10247 10260 10015
1283 10247 10434 10484
1284 10247 10845
1285 10248 9894 10078
1286 10250 10152
1287 10252 10161
1288 10254 9898
1289 10254 9898 10254
1290 10254 10268 10269
1291 10254 10271
1292 10255 10062
1293 10255 10099
1294 10255 10101 10712 10713
1295 10255 10102
1296 10255 10161
1297 10255 10166
1298 10255 10203 9953
1299 10255 10256
1300 10258 10099
1301 10259 10260
1302 10260 9921
1303 10260 10062
1304 10260 10062 10524
1305 10260 10062 10933
1306 10260 10101
1307 10260 10136
1308 10260 10260
1309 10260 10265
1310 10260 10385
1311 10260 10385 11281
1312 10260 10643
1313 10260 10703
1314 10260 10909
1315 10260 11022
1316 10260 11084
1317 10260 11086
1318 10260 11096
1319 10260 11122
1320 10260 11134
1321 10260 11152
1322 10260 11281
1323 10260 11283
1324 10260 11352
1325 10260 11508
1326 10260 11544
1327 10261 9949
1328 10265 9949
1329 10265 10034
1330 10265 10073
1331 10265 10076
1332 10265 10076 10049
1333 10265 10101
1334 10265 10101 11244
1335 10265 10102
1336 10265 10161
1337 10265 10166
1338 10265 10260
1339 10265 10385
1340 10265 10434
1341 10265 10502
1342 10265 10524 10073 11171
1343 10265 11007
1344 10265 11258
1345 10265 11467 11349
1346 10272 10161 10100 10273 9887
1347 10274 9921 10275 10276
1348 10277 10161 10032 10278
1349 10279 10280
1350 10282 10283
1351 10284 10180 9898
1352 10284 10293
1353 10285 10769
1354 10286 9897
1355 10286 9921
1356 10286 9934
1357 10286 9949
1358 10286 10009
1359 10286 10011
1360 10286 10034 10089 10062
1361 10286 10091
1362 10286 10101
1363 10286 10101 9949
1364 10286 10101 10260 10250 10073 10073
1365 10286 10101 10385
1366 10286 10107
1367 10286 10255 10287
1368 10286 10260
1369 10286 10351 9944 10352 10307 9949 9945 10353 10048 9985 10354 10355 10356 10357 10358 10049 10359
1370 10286 10393
1371 10286 10423
1372 10286 10466 10015 10312 10489 10490 10307 10491 10415
1373 10286 10643
1374 10286 10878
1375 10290 10291
1376 10298 10225 9921
1377 10298 11045 11046
1378 10299 9958
1379 10299 10180
1380 10299 10203
1381 10299 10225 9949
1382 10299 10298
1383 10300 9887
1384 10302 9898
1385 10302 10260
1386 10302 10303
1387 10302 10498
1388 10302 11398
1389 10307 9887 10102 10791 10626 10792
1390 10307 9944
1391 10307 10100
1392 10307 10101
1393 10307 10225
1394 10307 10260
1395 10307 10385
1396 10307 11417
1397 10308 10309
1398 10317 9898
1399 10317 9949
1400 10317 10318 10319 10320
1401 10317 10894
1402 10321 10130
1403 10325 10326 10327 10015
1404 10328 10329
1405 10331 10051
1406 10336 10089
1407 10337 9887
1408 10337 10073
1409 10337 10338 10073
1410 10337 10384
1411 10337 10669
1412 10337 11084
1413 10339 10307 9898 10340
1414 10342 10260
1415 10343 9926 10344 10345 10346
1416 10347 10348
1417 10349 10015
1418 10354 10225 10573
1419 10360 10130 10361 10146
1420 10361 10235 10089
1421 10362 10023
1422 10362 10363
1423 10363 10089
1424 10363 10089 10396
1425 10364 9898
1426 10365 10366 10101
1427 10366 10073
1428 10368 9898 10369
1429 10368 9994 10406 9898 10438
1430 10368 10051
1431 10368 10062
1432 10368 10126 10260
1433 10368 10166 10574
1434 10368 11281
1435 10368 11485
1436 10370 11353 11354 10933
1437 10371 9949 10372
1438 10373 9898
1439 10373 10062 9898
1440 10373 10317
1441 10373 10407
1442 10373 10473
1443 10374 10073
1444 10375 10376
1445 10377 9921 10091 10383
1446 10377 9949
1447 10377 10161
1448 10377 10376
1449 10377 10385
1450 10377 10397
1451 10377 10426
1452 10378 9898
1453 10378 10062
1454 10378 10373
1455 10378 10379
1456 10378 10386 10387
1457 10385 10032
1458 10385 10100
1459 10385 10108
1460 10385 10260
1461 10385 10260 11281 11544
1462 10385 10307
1463 10385 10524
1464 10385 10586
1465 10385 10643
1466 10385 10783
1467 10385 10933
1468 10385 11056
1469 10385 11121
1470 10385 11134 10062
1471 10385 11163
1472 10385 11256
1473 10385 11268
1474 10385 11279
1475 10385 11281
1476 10385 11420 10524
1477 10385 11441 10260
1478 10385 11524
1479 10385 11544
1480 10385 11557 11558
1481 10385 11578
1482 10385 11641
1483 10385 11668
1484 10391 9949 10361
1485 10394 10395
1486 10398 10394
1487 10399 10400
1488 10401 10402
1489 10403 9994 10553
1490 10403 10179
1491 10403 10479
1492 10404 10089
1493 10405 10599 9978 10385
1494 10406 9944
1495 10408 10193
1496 10409 10294 10410
1497 10413 11350
1498 10414 10225
1499 10415 10101
1500 10418 10015 10073 10250
1501 10419 10089
1502 10424 10769 10415 9918
1503 10426 9921 10161 10101
1504 10426 10073
1505 10427 9921
1506 10427 10225
1507 10433 10101
1508 10433 10101 10102
1509 10433 10260
1510 10433 10385
1511 10433 11134
1512 10434 10260
1513 10434 10615
1514 10435 10436 9949
1515 10441 10107
1516 10442 9945 10627 10628 10629
1517 10442 10265 10599
1518 10442 10632
1519 10444 9934
1520 10444 10166
1521 10445 9921 10449
1522 10445 9925
1523 10446 10447 10448
1524 10446 10455
1525 10446 11544
1526 10450 10235 10451
1527 10452 9898
1528 10453 10454
1529 10455 9887
1530 10455 10759 10759
1531 10455 10937
1532 10457 9944
1533 10458 10011 10459
1534 10462 10463
1535 10466 10481
1536 10466 10794
1537 10466 11151
1538 10469 10225
1539 10472 10049 10307 10015 10193
1540 10477 10478
1541 10482 9994
1542 10484 9921
1543 10484 10101
1544 10487 10099
1545 10495 10225
1546 10497 9921
1547 10499 10107
1548 10499 10193
1549 10499 10216
1550 10499 10516
1551 10503 10504
1552 10505 9897
1553 10505 10444 10825 10826 10235 10107 10808 10827 9934 10101 9953
1554 10505 11069 10601
1555 10506 10015
1556 10514 10048 9934
1557 10516 10385
1558 10516 11022
1559 10517 10051 10499
1560 10517 10089
1561 10517 10216
1562 10517 10216 10776
1563 10517 10592 10593
1564 10517 10746
1565 10517 11064
1566 10517 11176
1567 10517 11190
1568 10518 10089 11255
1569 10518 10639
1570 10518 10982
1571 10521 10260
1572 10521 11183
1573 10521 11606
1574 10521 11626
1575 10521 11633
1576 10524 10101
1577 10524 10102 10712
1578 10524 10203 10415
1579 10524 10203 10525
1580 10524 10260
1581 10524 10265
1582 10524 10385
1583 10524 10385 11266
1584 10524 10516
1585 10524 10521 10073 11569
1586 10524 10586
1587 10524 10626 10260 11435
1588 10524 10643
1589 10524 10643 10385
1590 10524 10643 11389 11395 10385
1591 10524 11050 10260
1592 10524 11146
1593 10524 11281
1594 10524 11365 10433
1595 10524 11427
1596 10527 9898
1597 10528 9944
1598 10530 10101
1599 10530 10161 10286
1600 10533 10023
1601 10533 10062
1602 10533 10089
1603 10533 10089 10534
1604 10533 10203
1605 10533 10216
1606 10533 10216 10680 10681
1607 10533 10216 10822
1608 10533 10316
1609 10533 10521
1610 10533 10539
1611 10533 10552
1612 10533 10574 10034
1613 10533 10601
1614 10533 10660
1615 10533 10684
1616 10533 10710
1617 10533 10715
1618 10533 10872
1619 10533 10885 10886
1620 10533 11139 11140
1621 10533 11460
1622 10535 10586
1623 10537 10538
1624 10538 10748
1625 10541 10542 10543
1626 10546 10755 11328
1627 10546 10854
1628 10549 10550
1629 10551 10247 10247
1630 10555 10556 10557 10558 10559 10560 9943 10561 10562 10563 10564 10565 10566 10078
1631 10570 10571 10572
1632 10573 10032
1633 10573 11560
1634 10574 10062
1635 10574 10891
1636 10574 11160 10260 10062
1637 10574 11210
1638 10576 9921
1639 10576 10203 10209
1640 10576 10203 10596
1641 10586 9910
1642 10586 10102
1643 10586 10260
1644 10586 10713
1645 10586 10755
1646 10586 10818
1647 10586 11096 11257
1648 10586 11225
1649 10586 11251
1650 10586 11281
1651 10586 11383
1652 10586 11420
1653 10586 11495
1654 10586 11585
1655 10587 10588 10101
1656 10589 10172 10701
1657 10589 10385
1658 10589 10860
1659 10598 9898 10631
1660 10598 9944 10203
1661 10598 10091 10601 9910 11550
1662 10598 10101
1663 10598 10203
1664 10598 10265 10051
1665 10598 10368
1666 10598 10633 10100
1667 10598 10642
1668 10599 9887
1669 10599 10089
1670 10599 10101
1671 10599 10102
1672 10600 10089 10098 10601
1673 10601 9899
1674 10601 10023
1675 10601 10062
1676 10601 10089
1677 10601 10505
1678 10601 10933
1679 10601 11308
1680 10601 11463 11464 10260
1681 10601 11469
1682 10601 11469 10601
1683 10601 11566
1684 10601 11604
1685 10601 11612 9897 11304
1686 10602 9897 10442
1687 10603 9898
1688 10603 10062
1689 10604 10203
1690 10605 10606
1691 10609 10062
1692 10611 10101
1693 10612 10599
1694 10613 10614
1695 10614 10403 10616 10617 10618 10619
1696 10620 9968 10547 10166
1697 10622 10623
1698 10624 9898
1699 10624 10089
1700 10626 9898
1701 10626 9899
1702 10626 9910 11401 11402
1703 10626 9921
1704 10626 10032
1705 10626 10034
1706 10626 10062
1707 10626 10073
1708 10626 10073 11087
1709 10626 10101
1710 10626 10101 10286 10809
1711 10626 10102
1712 10626 10166
1713 10626 10228 11524
1714 10626 10260
1715 10626 10265 10597 11309
1716 10626 10368
1717 10626 10385
1718 10626 10385 9921 11266
1719 10626 10564 10810
1720 10626 10574
1721 10626 10576
1722 10626 10586
1723 10626 10599
1724 10626 10719
1725 10626 10726
1726 10626 10759
1727 10626 10783
1728 10626 10783 11359 10385
1729 10626 10818
1730 10626 10860
1731 10626 10909
1732 10626 10929
1733 10626 11008
1734 10626 11022
1735 10626 11094
1736 10626 11095
1737 10626 11096 10260
1738 10626 11121
1739 10626 11195
1740 10626 11242
1741 10626 11281 10130
1742 10626 11321
1743 10626 11379
1744 10626 11436 11437
1745 10626 11495
1746 10626 11577
1747 10626 11581
1748 10626 11593
1749 10626 11647
1750 10626 11661
1751 10628 10102
1752 10628 10783 11245
1753 10635 10636
1754 10637 10589 10638
1755 10640 10101
1756 10642 9898
1757 10642 10098
1758 10642 10233
1759 10642 10856
1760 10642 10905 10906
1761 10643 10260
1762 10643 11132
1763 10643 11134
1764 10643 11414
1765 10644 10645
1766 10646 10589
1767 10649 10172 10650
1768 10652 10073 10653
1769 10654 10089
1770 10657 10101
1771 10658 10659 10589 10107
1772 10659 10769 9985
1773 10661 9943
1774 10661 11055
1775 10662 10663
1776 10664 10665
1777 10666 10667 10405
1778 10666 10711
1779 10671 10161
1780 10671 10203
1781 10671 10626
1782 10673 10089
1783 10673 10696
1784 10673 10786
1785 10674 10675
1786 10676 10023 10678 10679
1787 10676 10089
1788 10676 10193
1789 10676 10446
1790 10676 10574 10677
1791 10676 10842 10843
1792 10682 10015
1793 10682 10062 10101
1794 10682 10683
1795 10684 9921
1796 10684 10100 10689
1797 10684 10255
1798 10684 10415 10686 10687 10688
1799 10684 10626
1800 10684 10666
1801 10684 10673
1802 10690 10466
1803 10691 10424 10255
1804 10694 10062 11380
1805 10694 10101
1806 10694 10102
1807 10694 10203
1808 10694 10203 10686 10819
1809 10694 10255
1810 10694 10518
1811 10694 10695
1812 10694 10824 10844
1813 10700 10101
1814 10700 10684
1815 10701 10682
1816 10705 9934
1817 10705 10073
1818 10705 10101
1819 10705 10203
1820 10705 10225
1821 10705 10434
1822 10705 11041 11042
1823 10706 11407
1824 10707 10708
1825 10716 10089
1826 10717 9921
1827 10719 9921
1828 10719 10102 11022
1829 10719 10260
1830 10719 10720
1831 10726 10260
1832 10727 10260
1833 10727 10763 10764
1834 10728 10729
1835 10730 10166
1836 10731 10260
1837 10733 10712
1838 10734 10735
1839 10736 10062
1840 10738 9898 10739
1841 10744 10745
1842 10745 10790
1843 10747 10089
1844 10749 10750
1845 10751 10337 10752 10753
1846 10755 9918
1847 10755 10101
1848 10755 10102
1849 10755 10363 10073
1850 10755 10783
1851 10755 11214
1852 10755 11349
1853 10755 11420
1854 10755 11467 11281
1855 10755 11476
1856 10756 10533 10757 10758
1857 10759 9897
1858 10759 9921
1859 10759 10101
1860 10759 10260
1861 10759 10385
1862 10759 10524
1863 10759 10818 10034
1864 10759 10818 11608
1865 10759 11134
1866 10759 11146
1867 10759 11281
1868 10759 11349
1869 10759 11496 11281
1870 10759 11501
1871 10759 11515
1872 10759 11544
1873 10759 11545 11546
1874 10759 11547 11548
1875 10759 11588 11589 11590
1876 10759 11606
1877 10759 11652 11656
1878 10759 11670
1879 10765 10101
1880 10765 10766 10764
1881 10767 10604
1882 10768 10368
1883 10768 11024
1884 10769 10011 9897
1885 10769 10101
1886 10769 10102
1887 10769 10203
1888 10769 10692
1889 10769 10925 10099
1890 10771 9898 10772
1891 10777 10778 10089
1892 10777 10999
1893 10781 10101
1894 10783 9897
1895 10783 9953 11143
1896 10783 10073
1897 10783 10101
1898 10783 10101 10385 10260
1899 10783 10102
1900 10783 10172
1901 10783 10193 9934 10034
1902 10783 10260
1903 10783 10265
1904 10783 10385
1905 10783 11184 10102
1906 10786 10383
1907 10786 10755
1908 10795 10796
1909 10797 10089
1910 10807 10808
1911 10813 10524
1912 10816 10808
1913 10816 10817 10818
1914 10818 10034
1915 10818 10062
1916 10818 10089
1917 10818 10586
1918 10818 10601
1919 10818 11348
1920 10824 10073
1921 10824 10101
1922 10824 10102
1923 10832 10833
1924 10834 9921
1925 10834 10062 10015
1926 10834 10260
1927 10834 10835
1928 10836 10837
1929 10845 10207
1930 10846 10847
1931 10849 10247
1932 10850 10247
1933 10851 9898
1934 10851 9921
1935 10851 11082
1936 10852 10853
1937 10853 9949
1938 10855 10851
1939 10857 10101
1940 10857 10123 10858 9897
1941 10857 10225
1942 10857 10870
1943 10860 9934 10783
1944 10862 10161
1945 10865 10102
1946 10868 10216 10869
1947 10871 10101
1948 10873 10783
1949 10874 10875
1950 10877 11502
1951 10879 10235
1952 10880 10069
1953 10887 10888 9898
1954 10890 10073
1955 10895 10783 10896
1956 10897 10419
1957 10897 10533
1958 10898 10899 10260
1959 10900 10901 10902
1960 10904 10102
1961 10907 10574
1962 10909 10062
1963 10909 10101
1964 10909 10101 9897
1965 10909 10102
1966 10909 10589 11180
1967 10909 10626
1968 10909 10783
1969 10909 11006
1970 10909 11076 10247 9953 10692
1971 10909 11295
1972 10915 10260
1973 10919 9897
1974 10920 10921
1975 10922 10919
1976 10924 10856
1977 10926 10927
1978 10927 10260
1979 10927 11029 9921 10062
1980 10930 10931
1981 10933 9897
1982 10933 10101
1983 10933 10108 11134
1984 10933 10260
1985 10933 10299
1986 10933 10524
1987 10933 11088
1988 10933 11209
1989 10933 11281
1990 10933 11382 10933 10260 10034
1991 10933 11385
1992 10934 11011
1993 10935 10073
1994 10935 10818
1995 10936 10193
1996 10938 10020 10130
1997 10939 9898
1998 10941 10942 10943 10944
1999 10945 10946
2000 10947 10089
2001 10948 10089
2002 10948 11000 11001
2003 10948 11012
2004 10949 10950
2005 10952 10260 10102
2006 10953 10225
2007 10954 9910
2008 10954 9993
2009 10954 10193
2010 10954 10970
2011 10954 11495
2012 10957 10958
2013 10959 10234
2014 10963 10964 10965
2015 10966 10073
2016 10967 11002
2017 10968 10089
2018 10969 10172
2019 10971 10972 10973 10963
2020 10971 10984
2021 10974 10975 10023
2022 10976 10977
2023 10978 10146
2024 10979 10078
2025 10980 10981
2026 10986 10987
2027 10988 10505
2028 10990 10991
2029 10994 10062
2030 10998 10755
2031 11000 11317
2032 11000 11584
2033 11003 10203
2034 11004 10102
2035 11004 10986
2036 11005 11006 10812
2037 11006 10034 10524
2038 11006 10102
2039 11006 10385
2040 11006 10712
2041 11006 11073
2042 11006 11084
2043 11006 11134
2044 11006 11257 10626
2045 11013 11014
2046 11015 11016
2047 11017 10062
2048 11017 10089
2049 11017 10216
2050 11017 10517
2051 11018 10385
2052 11019 11020
2053 11021 11022
2054 11022 9897
2055 11022 10101
2056 11022 10102
2057 11022 10102 9921
2058 11022 10586
2059 11022 10998
2060 11022 11289
2061 11022 11495
2062 11022 11617
2063 11026 11027 11028
2064 11030 11031
2065 11033 9898
2066 11033 9899
2067 11033 10062
2068 11033 10783
2069 11033 11034
2070 11035 11036
2071 11037 11038 11039
2072 11040 10712 10599
2073 11043 10601 11044
2074 11048 10975
2075 11050 10260
2076 11051 11052
2077 11054 9910 10517
2078 11055 10102
2079 11055 10909
2080 11057 10225 11066 10385
2081 11057 11018
2082 11058 11059
2083 11060 11061 10216 10089
2084 11064 11065
2085 11064 11532
2086 11070 11050 9897
2087 11071 11072
2088 11073 11074
2089 11073 11136
2090 11073 11326
2091 11077 10101
2092 11077 10102
2093 11077 10172
2094 11077 10909
2095 11077 11081
2096 11077 11094
2097 11077 11131
2098 11084 10032 11614
2099 11084 10489
2100 11084 10719
2101 11084 10860
2102 11084 11623
2103 11084 11627
2104 11084 11630 10586 11631
2105 11084 11666
2106 11085 10089
2107 11085 11085
2108 11087 10062
2109 11089 9898
2110 11089 10403 11090 11091
2111 11089 11135 9898
2112 11092 10643 11093
2113 11096 10062
2114 11096 10101 10260
2115 11096 10444
2116 11096 10643
2117 11096 11163 10759 11502 10260
2118 11096 11245
2119 11096 11333
2120 11096 11337
2121 11101 9993
2122 11102 10216
2123 11105 11106 11107 11108 11109
2124 11114 9898
2125 11114 10521 9899
2126 11114 11135
2127 11115 11231
2128 11115 11310 11311
2129 11115 11346
2130 11115 11369
2131 11117 11118
2132 11119 11120
2133 11121 10260
2134 11121 11619
2135 11127 10101
2136 11129 10216
2137 11134 10062
2138 11134 10385
2139 11134 11056
2140 11134 11412
2141 11134 11602
2142 11134 11651
2143 11135 9898
2144 11136 11137
2145 11137 9921
2146 11137 10755
2147 11137 11141 11006
2148 11139 10216
2149 11139 11144
2150 11145 10101
2151 11145 10783 11146 10101 10405
2152 11146 10385
2153 11146 10759
2154 11146 11477
2155 11148 11022
2156 11149 11150
2157 11153 9898 11154
2158 11156 11157 11158 11159
2159 11163 10101 10260
2160 11163 11160
2161 11163 11337
2162 11167 10023 11168
2163 11167 10101
2164 11167 10225
2165 11169 11170
2166 11173 10260
2167 11173 10969
2168 11175 10152
2169 11179 10089
2170 11184 10032
2171 11184 10073
2172 11184 10586
2173 11184 11185
2174 11184 11301 10433 11302
2175 11186 11089
2176 11189 10089
2177 11191 10062
2178 11192 10884
2179 11193 11194
2180 11196 10062
2181 11196 10626
2182 11196 10759
2183 11199 11200
2184 11201 9898
2185 11202 11203
2186 11204 11205
2187 11205 9910
2188 11206 10642
2189 11207 10101
2190 11207 11006
2191 11207 11222
2192 11211 11212
2193 11215 9910 11216
2194 11215 10626
2195 11217 10089
2196 11218 11219
2197 11220 11221
2198 11223 10089
2199 11225 11228 11196
2200 11226 11056 11160
2201 11227 11081
2202 11228 11229
2203 11228 11235
2204 11230 10062 10089
2205 11230 10089 11017
2206 11232 11033
2207 11233 10954
2208 11236 10108 9899
2209 11237 11238
2210 11240 10101 10102 11241
2211 11242 9918 11461
2212 11242 10101
2213 11242 10759
2214 11242 11345
2215 11245 10089
2216 11245 10260
2217 11246 10538
2218 11247 11248
2219 11249 11250
2220 11253 10102
2221 11255 11231
2222 11256 9910
2223 11256 10626
2224 11256 11096 10265 10073
2225 11256 11225
2226 11256 11257 11258 10102
2227 11256 11339 11411
2228 11257 10034
2229 11257 10062
2230 11257 10073
2231 11257 10101
2232 11257 10102
2233 11257 11056
2234 11257 11096 11330
2235 11257 11413
2236 11257 11416
2237 11258 10065
2238 11258 10385 9897
2239 11258 11022
2240 11258 11231
2241 11259 11260 11261
2242 11263 9898
2243 11266 10034
2244 11266 10385
2245 11266 10433 10783 10260 10524 11281
2246 11266 11257 10062
2247 11267 11081 11268
2248 11269 10102
2249 11269 11117
2250 11269 11121
2251 11271 10216
2252 11271 11439 11440
2253 11273 10101 10193 10166 11445 11446 11447 10032 11448 11449 11258 10933 10250
2254 11273 11274 10385 11275
2255 11276 11277
2256 11278 10089
2257 11278 10626
2258 11281 10062
2259 11281 10260
2260 11281 10265 10260
2261 11281 10385
2262 11281 10524 11435 10260
2263 11281 10759 10385
2264 11281 10759 11503
2265 11281 10818
2266 11281 10933 10260
2267 11281 11084 11502
2268 11281 11349
2269 11281 11484
2270 11281 11524
2271 11281 11603
2272 11284 11255
2273 11285 9897 10933
2274 11286 10089
2275 11287 11288
2276 11290 10062
2277 11292 11293
2278 11294 10193
2279 11295 11296
2280 11297 11298
2281 11299 10385
2282 11299 10589 10034 11300
2283 11299 11408 11409
2284 11303 10089
2285 11304 11305
2286 11304 11519
2287 11306 10166 11307
2288 11312 11313
2289 11314 11315
2290 11315 10574
2291 11316 10102 10385 10101
2292 11319 10062
2293 11319 10130
2294 11319 11320
2295 11321 10783
2296 11323 10344
2297 11324 11325
2298 11327 10385
2299 11331 10818
2300 11334 11335 11336
2301 11337 10260
2302 11337 11022
2303 11337 11511 10860
2304 11337 11672
2305 11338 10101
2306 11339 11340
2307 11342 10062
2308 11343 11344
2309 11347 10755 9946
2310 11348 11454
2311 11349 10011
2312 11349 10034
2313 11349 10062
2314 11349 10089
2315 11349 10152
2316 11349 10260
2317 11349 10516
2318 11349 10601
2319 11349 10626
2320 11349 11146 10759
2321 11349 11469
2322 11349 11497
2323 11349 11544 11420 11638
2324 11349 11561 10062
2325 11351 10954
2326 11356 11357
2327 11358 11359
2328 11360 10385
2329 11360 11245 10626
2330 11361 11362
2331 11363 11364
2332 11364 10102
2333 11364 11387 10102
2334 11364 11443
2335 11365 10062
2336 11366 9949
2337 11368 10102
2338 11372 11373
2339 11374 10073
2340 11374 11375
2341 11375 11134
2342 11376 11377
2343 11378 10101
2344 11378 10626
2345 11384 10062
2346 11386 9921
2347 11388 10385 11389 10260
2348 11390 10385
2349 11391 11392
2350 11393 11394
2351 11397 11022
2352 11399 11400
2353 11403 10073 10062
2354 11403 11349
2355 11405 11406
2356 11410 10062 11382
2357 11410 11141
2358 11410 11257
2359 11415 10783
2360 11420 9921 11421
2361 11420 10062
2362 11420 10102 11422
2363 11420 10260
2364 11420 10385
2365 11420 10586 10073
2366 11420 11544
2367 11420 11590
2368 11420 11594 10818
2369 11420 11611
2370 11420 11637
2371 11422 10933
2372 11422 10983
2373 11422 11096
2374 11422 11542
2375 11423 11271
2376 11424 10385
2377 11425 10385
2378 11426 10062
2379 11426 10783 10073
2380 11426 11256 10933
2381 11426 11485
2382 11426 11575 11576
2383 11426 11616
2384 11427 11428
2385 11429 11430 11431
2386 11432 10101
2387 11432 11433
2388 11434 10260
2389 11441 11337
2390 11442 10062
2391 11444 10385
2392 11450 11451
2393 11452 11022
2394 11455 11459
2395 11465 10062
2396 11465 10062 10073
2397 11465 10759
2398 11466 10260
2399 11467 10073
2400 11467 10130
2401 11467 10759 10073
2402 11467 10759 10524
2403 11467 11281
2404 11467 11540 10524
2405 11467 11606
2406 11469 9899
2407 11469 10818
2408 11469 10922
2409 11469 11349 10601 10089 10034 10023 10250
2410 11470 10089
2411 11471 11472
2412 11473 10062
2413 11474 10130
2414 11475 11269
2415 11480 10032
2416 11481 10759
2417 11483 10385
2418 11485 10385
2419 11485 10385 11551
2420 11485 10759
2421 11485 11486
2422 11487 10102
2423 11490 11491
2424 11493 11231
2425 11494 11420
2426 11495 11420
2427 11498 11499 11500
2428 11502 10626
2429 11502 11231
2430 11502 11518
2431 11502 11637
2432 11504 11134
2433 11508 10385
2434 11508 11134 10385
2435 11508 11281
2436 11508 11349
2437 11511 9899
2438 11511 10032
2439 11511 11544
2440 11511 11544 11673 11674
2441 11516 10726
2442 11517 11281 10260
2443 11519 10073
2444 11520 10601
2445 11522 11523
2446 11525 11467
2447 11526 11527
2448 11526 11596
2449 11528 10626
2450 11535 10759
2451 11535 10933
2452 11535 11502
2453 11536 10102
2454 11536 10626 10589 11537 11538 11539
2455 11541 11134
2456 11543 10032
2457 11543 11508 11420
2458 11544 10023
2459 11544 10073 10101
2460 11544 10101
2461 11544 10101 10260
2462 11544 10102
2463 11544 10385
2464 11544 10759
2465 11544 10759 10101
2466 11544 10933
2467 11544 11022
2468 11544 11337
2469 11544 11606 10260
2470 11549 10521
2471 11552 11454
2472 11552 11553
2473 11554 9918 11502
2474 11554 11420
2475 11554 11485
2476 11555 11556
2477 11562 10759
2478 11566 10533
2479 11566 10818
2480 11567 11568
2481 11570 11571
2482 11572 10073
2483 11574 11084
2484 11579 10260
2485 11580 10933
2486 11580 11084
2487 11582 11583
2488 11587 10101
2489 11588 10933
2490 11591 10032
2491 11592 10521
2492 11594 10034
2493 11594 10759
2494 11594 11022
2495 11594 11281
2496 11595 11596 10818
2497 11597 9910
2498 11600 10101 11623
2499 11601 10102
2500 11605 10089
2501 11606 10073
2502 11606 10101
2503 11606 10260
2504 11606 10524
2505 11606 11134
2506 11606 11281
2507 11606 11508
2508 11606 11652
2509 11609 10759
2510 11610 11611
2511 11611 10626
2512 11611 11281
2513 11611 11508 11642 10385
2514 11613 10032
2515 11613 10101
2516 11615 10062
2517 11620 11621
2518 11622 11387
2519 11623 10589
2520 11623 10759
2521 11624 11625
2522 11629 10062
2523 11632 11281
2524 11634 10385
2525 11635 9899 10489
2526 11637 10260
2527 11637 11281 10260
2528 11637 11349 10385
2529 11637 11420
2530 11637 11495
2531 11637 11508
2532 11637 11606 10101
2533 11637 11660 10101
2534 11639 9899
2535 11640 11588
2536 11640 11637
2537 11643 10260
2538 11644 10130
2539 11645 11606
2540 11646 11057
2541 11648 11649
2542 11650 11637 11290
2543 11653 11654 11655
2544 11657 10516
2545 11657 11658
2546 11659 10759
2547 11660 11650
2548 11662 11663
2549 11665 10101
2550 11665 11637
2551 11665 11669
2552 11671 11637
2553 11675 11544
