teamID questionID questionID ...
0 0
1 62
2 125
3 2843
4 33
5 34
6 1
7 40
8 317
9 1665 705
10 148 152 353 354 416 503 2743 2858 2878
11 160
12 116
13 159
14 1172
15 282
16 2881
17 2826
18 2793
19 2755 417
20 1238
21 340
22 320
23 890
24 472
25 495
26 509
27 878
28 1652
29 1462
30 9
31 11
32 64
33 1603
34 2
35 3
36 6
37 10
38 136 1440
39 8
40 30
41 14
42 61
43 26
44 93
45 74
46 123 235
47 179
48 1319
49 1358
50 1976
51 1545 2331
52 2394
53 1826
54 2680
55 2298
56 2501
57 2526
58 554
59 854 1031 1700
60 134
61 986
62 1677
63 2703
64 391 406
65 425 746
66 2766
67 722 267
68 258
69 379
70 1598
71 227 103
72 229 286 356
73 145 1091 1702
74 158
75 396
76 216
77 233
78 234
79 252
80 254
81 255
82 265
83 272
84 314
85 301
86 2899
87 486
88 2628
89 516
90 520
91 633
92 535
93 545
94 546
95 687 695 770
96 589
97 631
98 2617
99 678
100 698
101 714
102 2822
103 711
104 731
105 748
106 766
107 768
108 790 792
109 2108
110 855
111 948
112 1051 1149 1174 1297 1332 1532 2626
113 1424
114 999
115 2897
116 1080
117 1121
118 1148
119 1157
120 1187
121 1262
122 1289
123 1334
124 1366
125 1396
126 1407
127 1437
128 2834
129 1527
130 1531
131 1559
132 2669
133 1573
134 1650
135 1683
136 1698
137 1730
138 1993
139 2164
140 2210
141 1955
142 1686
143 2242
144 2353
145 70 78
146 84
147 4
148 2625
149 122
150 128
151 2887
152 88
153 194
154 177
155 228
156 166
157 181
158 202
159 524
160 5
161 36
162 65
163 24
164 45
165 68
166 185
167 1552
168 1923
169 1515
170 2847
171 1471
172 2831 2839
173 2860
174 2892
175 1509
176 1514
177 1565
178 1554
179 1672
180 1770
181 819 868
182 2811
183 277
184 869
185 7
186 23
187 406 391
188 2247
189 2487
190 48
191 12
192 38
193 157
194 69
195 779
196 988
197 1173
198 874
199 507 1045 1118
200 800 694
201 841
202 1281 1318 1913
203 1294
204 652 837 1123 1170 1255
205 462
206 1125 700
207 426
208 1097 532
209 596 534
210 2058 2873
211 2046
212 702
213 659
214 663
215 1183
216 1014
217 791
218 1053
219 1144
220 1179
221 1188
222 1226
223 1879
224 1359
225 1367
226 1478
227 1548
228 1664
229 1917
230 2244
231 139
232 13
233 82
234 67
235 56
236 35
237 21
238 137
239 266
240 1110
241 15
242 433
243 17
244 16
245 539
246 18
247 682
248 201
249 168
250 28
251 170
252 140 381 567 931 981
253 944
254 2679
255 359 212
256 219
257 203
258 871
259 217
260 2872 2837
261 492
262 655
263 1906
264 142
265 163
266 150
267 772
268 398
269 423
270 19
271 42
272 59
273 39
274 41
275 25
276 29
277 32
278 44
279 46
280 58
281 60
282 27
283 20
284 1257
285 118
286 57
287 75
288 81
289 2722
290 117
291 22
292 1079
293 1147
294 1184
295 856
296 834
297 705 1665
298 746 425
299 718 497
300 742
301 549
302 686
303 729
304 1338
305 1269 610
306 634
307 2682
308 2070
309 95 97 1120
310 187
311 114
312 92
313 101
314 85 86
315 167
316 273
317 206
318 660
319 259
320 464 449
321 2768
322 312
323 330
324 1075
325 1115
326 1215
327 1109
328 1129
329 152 148
330 289
331 267 363 364 722
332 544
333 757
334 98 188
335 559
336 173
337 386
338 2691
339 603
340 497 591 718 747
341 429
342 601
343 105
344 262
345 120 130 154
346 172
347 2808
348 348
349 104
350 161
351 204
352 2685
353 102 313
354 721
355 151
356 645
357 584 638 2889
358 576 641
359 162
360 178
361 2739
362 2812
363 577
364 656
365 419 578
366 205 295 357 590 781 998
367 378
368 261
369 685
370 283
371 308 307
372 824
373 290
374 2747
375 510
376 347
377 665
378 941
379 382
380 467
381 458
382 460
383 482
384 498
385 617
386 1236
387 528
388 548
389 927
390 553
391 2335
392 1982
393 602
394 604
395 606
396 619
397 668
398 739
399 777
400 2367
401 1004
402 1011
403 1130
404 1237
405 1217
406 1291
407 1450
408 2368
409 1400
410 1303
411 50
412 521
413 608
414 220
415 2885
416 1497
417 31
418 52
419 53
420 99
421 485
422 37
423 2874
424 326
425 2905
426 381 140
427 141 437
428 2876
429 287
430 197
431 910
432 127
433 451 2749
434 1778
435 710
436 987
437 771
438 901
439 1760
440 124
441 77
442 43
443 2883
444 649
445 79
446 235 123
447 80
448 248
449 1252
450 89
451 72 2778
452 66
453 47
454 94
455 263
456 724
457 812
458 1584
459 49
460 132
461 51
462 54
463 71
464 842
465 383
466 346
467 400
468 424
469 395
470 688 420
471 2620 439
472 390
473 585
474 468
475 2753
476 55
477 83
478 87
479 646
480 2697
481 271
482 111
483 305
484 741
485 103 186 215 227 264 302 304 394 422 436 541 582 588 611 676 1040 1041
486 387
487 441
488 131
489 146
490 397
491 209 2646 2723
492 2775
493 2888
494 303
495 484
496 857
497 190
498 155
499 147
500 2667
501 182
502 960
503 106
504 129
505 143
506 130 120
507 90
508 126
509 115
510 133
511 91
512 156
513 2890
514 514
515 518
516 1235
517 63
518 389
519 144
520 192
521 208
522 280
523 196
524 100
525 174
526 183
527 175
528 2868
529 193
530 256 418
531 119
532 2862
533 794
534 73
535 250
536 279
537 300
538 840
539 76
540 1415
541 306
542 853
543 637
544 558
545 681
546 110
547 2770
548 1518
549 2603
550 2660
551 2290
552 2333
553 96
554 496
555 286 229
556 242
557 212 238 359
558 223
559 338
560 2895
561 512
562 2749 451
563 2654
564 420 688
565 325
566 2857
567 236
568 222
569 984
570 310
571 2805
572 2208 2206
573 342 786 1136 2351 2377 2823
574 490
575 214
576 231
577 232
578 239
579 260
580 407
581 562
582 401
583 368
584 2818
585 285
586 2633 726
587 321
588 491
589 369 2648
590 2645
591 488
592 408
593 2051
594 2485
595 2713
596 444
597 2123 1085
598 2166
599 2184
600 1812
601 1361
602 2616
603 2241 1809
604 658
605 713
606 962
607 2798 1571
608 1945
609 2172
610 2148
611 2238
612 2078
613 2535
614 2330
615 2187
616 2250
617 2689
618 2285
619 2548
620 2349
621 2402
622 2444
623 2652
624 2619
625 2433 1752
626 2864
627 2425
628 2095 2429
629 2151
630 2428
631 107
632 113
633 112
634 108
635 109
636 121
637 788
638 1351
639 996 1105 1143 1178
640 1216
641 963
642 1352
643 937
644 1214
645 1169
646 135
647 138
648 523
649 666
650 1323
651 169
652 1648
653 1091 145
654 2571 2867
655 736
656 810
657 2206 2208
658 1752 1949 2153 2388 2433 2482 2846
659 2161
660 1740
661 1284 1084
662 885
663 1087 929
664 785 861 1111 1241 1873 1884 2045 2266 2865
665 1607
666 1948 1922
667 500 756
668 1537
669 1316 1797 2144 2152 2448 2814
670 762
671 2701 1403
672 2157 2154
673 902
674 2674
675 1104
676 2316
677 1375
678 2099
679 1416
680 1430
681 2541
682 1639
683 1651
684 1682
685 1739
686 2060
687 2136
688 2726
689 2374
690 2222
691 2288
692 2631
693 670
694 1802
695 1806
696 2252
697 149
698 153
699 845
700 1432
701 1553
702 1560
703 2240
704 417 2755
705 1333
706 1045 507
707 573
708 795
709 638 584
710 641 576
711 439 2620
712 1905
713 1085 2123
714 1084 1284 1349 2683
715 575
716 639 1384 2005 2702
717 2052
718 457
719 1346
720 699
721 543 563 1059 1100 2442 2672 2891
722 517
723 662
724 571
725 2825
726 697
727 540
728 727 1819 2032 2147 2478
729 626
730 2786
731 708
732 2655
733 860
734 2010
735 1747
736 957
737 967
738 1108 2075
739 1155
740 1191
741 1355
742 2401
743 2195
744 2325
745 1930
746 2134
747 2205
748 2554
749 189
750 207 226
751 318
752 184
753 253
754 164
755 276
756 165
757 1998
758 1564
759 2803
760 943
761 959
762 171
763 176
764 218
765 296
766 211 213
767 743
768 180
769 1185
770 292
771 1141
772 1304
773 924
774 1136 342
775 1178 996
776 929 1087 1475 1748 1832 1931 1966 2096 2104 2105 2116 2346 2421
777 547
778 1098 1058
779 1597 752
780 1420
781 1393 799
782 796
783 1090 852
784 866
785 1831 2141 2165 2214 2215 2343 2744
786 2130 2418
787 1146
788 1167
789 2783
790 1386
791 1404
792 1649
793 1586 1512
794 1461
795 1526
796 1568
797 1696
798 1754
799 1787
800 1808
801 2000
802 2163
803 221
804 246
805 195
806 225
807 430
808 432
809 327
810 191
811 831
812 198
813 807
814 1278
815 1058 1073 1098 1213
816 199
817 200
818 2853
819 393
820 1186
821 1164
822 1203
823 374
824 531
825 351
826 465
827 2718
828 561
829 749
830 323
831 2762
832 2901
833 1131
834 1326
835 763
836 1463 2779
837 751
838 694 800 989 1354 1465 2720 2849
839 295 205
840 376
841 380 316
842 322
843 2842
844 2816
845 1264
846 813
847 2882
848 385
849 1873 785
850 2638
851 2622
852 797
853 1562
854 1384 639
855 1025
856 2132
857 281
858 1704 1202
859 2854
860 691
861 832 1060
862 1160
863 1645
864 858
865 384
866 1206 880
867 701 730 765 1139 1168 1279 1472 1549 1551 1667 2721 2742
868 409
869 2396
870 881 1486
871 753 952 1047 1248 1706 1827 1886 1895 1991 2008 2490
872 950
873 1056
874 1249
875 1027
876 650 628
877 1154
878 946 1274 1898 2043 2389
879 1946
880 2352
881 954
882 632
883 636
884 642
885 1746 1828 1856 1972
886 815 983
887 782
888 1694
889 1800 801
890 1156
891 822
892 867
893 980
894 1275
895 848
896 864 1447
897 875
898 876
899 917
900 921
901 1277 1190
902 1614
903 1325
904 1117
905 1009
906 1055 1081
907 1022
908 1127 1171
909 1049
910 1655
911 1062
912 1671 2399 2537 2893
913 1678
914 2618
915 1308 2687
916 1132
917 1425 1600 1745
918 1145
919 1176
920 1220
921 1212
922 1245
923 1295
924 1342
925 1337 1341 1347 1356
926 1547 1563
927 1376
928 1412
929 1768
930 1830 1588
931 2012
932 1491
933 1500
934 1513
935 1523
936 1644
937 1570
938 1618
939 1668
940 1712
941 1860 1928 2170
942 1796
943 2510
944 2804
945 1833
946 1850
947 1882
948 1936
949 1952
950 2016
951 2182
952 2196
953 2480
954 2397 2357
955 2540
956 1198
957 2065
958 2050
959 1311
960 1202 1208 1265 1488 1546 1569 1704 1880
961 1234
962 1253
963 1364 1394
964 1335 1368
965 2699
966 1261
967 1336
968 1310
969 1348
970 1591 1495
971 1426
972 2627
973 2580
974 2716
975 1331 1313
976 1454
977 1194
978 2670
979 2776 1771
980 1574 1904
981 1453
982 1720
983 1777
984 2636
985 2836
986 1889
987 2034
988 2585
989 431
990 1072
991 778
992 288
993 1743
994 2807
995 224
996 210
997 951
998 298
999 230
1000 1196
1001 2850
1002 1528
1003 237
1004 2765
1005 453
1006 240
1007 527
1008 723
1009 293
1010 463
1011 372
1012 2481
1013 2198
1014 1922 1948 2118 2410
1015 752 849 1477 1503 1597 1606 1615 2700 2833
1016 402
1017 2102
1018 1165
1019 388
1020 693
1021 897 990
1022 529 536
1023 2879
1024 692
1025 744
1026 809
1027 1915 2373
1028 904
1029 1012
1030 1032
1031 1044
1032 2651
1033 1205
1034 2527
1035 1775
1036 1550
1037 1558
1038 1640
1039 2207
1040 241
1041 249
1042 243
1043 1276
1044 251
1045 244
1046 247
1047 268
1048 245
1049 275
1050 2643
1051 257
1052 392
1053 269
1054 511
1055 2344
1056 446
1057 471
1058 450
1059 759
1060 716
1061 733
1062 270
1063 274
1064 278
1065 299
1066 2649
1067 494 1204
1068 370
1069 355
1070 1123 652
1071 1292
1072 442
1073 449 464
1074 307 308 358 421 459 493 565 654
1075 434
1076 2796
1077 367
1078 331
1079 2715
1080 519
1081 438
1082 1060 832
1083 375
1084 316 380
1085 2773
1086 447
1087 2880
1088 371
1089 803 836 1093 1419
1090 428
1091 452
1092 479
1093 1046 1408
1094 461
1095 469
1096 2884
1097 783
1098 787
1099 1039
1100 1124
1101 1301
1102 1590
1103 284
1104 329
1105 598
1106 373
1107 366
1108 1353
1109 883
1110 2661
1111 414
1112 334 2657
1113 335
1114 1345
1115 1021
1116 2109
1117 1026
1118 1372
1119 1066
1120 1582
1121 1594
1122 1599
1123 291
1124 583
1125 2120
1126 1023 1445
1127 1530
1128 2062
1129 2081
1130 2133
1131 2802
1132 294
1133 297
1134 2750
1135 309
1136 709
1137 332
1138 2806
1139 352
1140 349
1141 341
1142 345
1143 339
1144 344
1145 315
1146 311
1147 350
1148 623
1149 319
1150 1489
1151 1054
1152 2837 2872
1153 835
1154 767 879
1155 2659
1156 726 732 2633
1157 2031 2183 2684
1158 2693
1159 1680
1160 2286
1161 600
1162 1239
1163 1150
1164 717
1165 1119
1166 873
1167 884
1168 964
1169 968
1170 1865
1171 1845 2112 2125
1172 1977
1173 728
1174 343
1175 324
1176 1256
1177 522
1178 2692
1179 365
1180 328
1181 333
1182 1137 1272
1183 1251
1184 880 1175 1206 1357 2752
1185 336
1186 826 816
1187 1296
1188 774
1189 896
1190 838
1191 851
1192 337
1193 1687
1194 828
1195 823
1196 360
1197 592
1198 361
1199 362
1200 982
1201 1446 1468 1637 1675 1697 1733 1741 2097 2663 2784
1202 657
1203 725
1204 1452 1293
1205 2270
1206 997
1207 1010
1208 1052
1209 2704
1210 1266
1211 1434
1212 1436
1213 1439
1214 2871
1215 1508
1216 1575
1217 1629
1218 1781
1219 377
1220 2694
1221 1327
1222 700 1125
1223 798
1224 2731
1225 696
1226 703
1227 979
1228 1042
1229 730 701
1230 859
1231 1177 1362
1232 836 803
1233 2763
1234 411 1661 2821
1235 435
1236 816 826
1237 817
1238 443
1239 1391
1240 1399
1241 789
1242 820
1243 506
1244 930
1245 1610
1246 640
1247 715
1248 2757
1249 758
1250 805
1251 814
1252 825
1253 865
1254 898
1255 976
1256 1223 1373
1257 1096
1258 1057
1259 2642
1260 1317
1261 1260
1262 2809
1263 1585
1264 1627
1265 399
1266 1305
1267 403
1268 1033
1269 2877
1270 2053
1271 1409
1272 504
1273 653
1274 1140 1159
1275 404
1276 405
1277 412
1278 410
1279 413
1280 415
1281 2780
1282 2848
1283 923
1284 1222
1285 427
1286 704
1287 440
1288 489 445
1289 445 489
1290 470
1291 473
1292 2145
1293 455
1294 1038
1295 1394 1364
1296 466
1297 2135
1298 1397
1299 448
1300 454
1301 456
1302 532 1097 1339 1459 1927
1303 1797 1316
1304 1630
1305 2719
1306 952 753
1307 1578
1308 1036
1309 2036 526
1310 1782 1653
1311 2393
1312 1380 1643 2011 2093
1313 2764
1314 1658
1315 1810 1822
1316 2376 2570
1317 2677
1318 1965
1319 1581
1320 1728
1321 2900
1322 2522 2113
1323 1813
1324 2813
1325 2509
1326 2675
1327 2664
1328 513
1329 2706
1330 2315
1331 911
1332 907
1333 2513
1334 1761
1335 2756
1336 481
1337 1779
1338 526 956 1804 1920 2036 2886
1339 2771
1340 912
1341 760
1342 1663
1343 2782
1344 2788
1345 2494
1346 474
1347 475
1348 476
1349 477
1350 478
1351 480
1352 2624
1353 2792
1354 1153
1355 534 596
1356 684
1357 671
1358 566
1359 2644
1360 1166
1361 586
1362 629
1363 2698
1364 644
1365 1625
1366 683
1367 483
1368 525 651
1369 564
1370 607
1371 635
1372 745
1373 2746
1374 1286
1375 487
1376 499
1377 2856
1378 669
1379 502
1380 780
1381 501
1382 776
1383 505
1384 808 846 1776 1861
1385 1382
1386 508
1387 755
1388 2042
1389 1158
1390 610 1269
1391 1069
1392 628 650 1076 1892
1393 2820
1394 2717 2859
1395 1786 2340
1396 2077
1397 515
1398 647
1399 1290
1400 530
1401 1312
1402 533
1403 537
1404 538
1405 542
1406 550
1407 882
1408 1086
1409 551
1410 593
1411 977
1412 1994
1413 552
1414 555
1415 556
1416 557
1417 560
1418 844
1419 568
1420 850
1421 1773
1422 569
1423 1914
1424 2708
1425 570
1426 572
1427 1405
1428 574
1429 664
1430 926
1431 1064
1432 2712
1433 2894
1434 2243
1435 2358
1436 1980
1437 579
1438 580 620
1439 720
1440 804
1441 622
1442 719
1443 2898
1444 581
1445 599
1446 597
1447 673
1448 2838
1449 594
1450 612
1451 2632
1452 695 687
1453 909
1454 648
1455 587
1456 595
1457 1809 2241
1458 1801
1459 1604
1460 1653 1782 1867 1932 1999 2137 2314 2483 2623
1461 2511
1462 2340 1786
1463 2855 2155
1464 2006
1465 1853
1466 2019 1916
1467 2127
1468 1857 2794
1469 2359
1470 2658
1471 2790
1472 1934
1473 1888
1474 1807
1475 2324 2415
1476 2234
1477 2107
1478 2274
1479 2459 2556
1480 2332
1481 2383
1482 2523
1483 2592
1484 605
1485 609
1486 613
1487 614
1488 615
1489 2741
1490 616
1491 735
1492 618
1493 1659
1494 621
1495 624
1496 625
1497 1969
1498 627
1499 630
1500 2630
1501 2830
1502 1122
1503 2725
1504 706 2903
1505 643
1506 1161
1507 1856 1746
1508 1805
1509 1903
1510 1755
1511 2738
1512 925
1513 914
1514 661
1515 667
1516 928
1517 895
1518 934
1519 830
1520 958
1521 675
1522 672
1523 674
1524 680
1525 2317
1526 677
1527 806
1528 679
1529 1298
1530 2337
1531 1379
1532 689
1533 690
1534 707
1535 737
1536 2866
1537 1624
1538 712
1539 1103
1540 734
1541 738
1542 740
1543 793
1544 1611
1545 750
1546 754
1547 2861
1548 877
1549 936 945
1550 773
1551 761
1552 1200
1553 1201
1554 1516
1555 764
1556 769
1557 2426
1558 2565
1559 775
1560 799 1083 1393 1418 1567
1561 1293 1452 2284 2751
1562 1133
1563 872
1564 1088
1565 2306
1566 1670
1567 1685
1568 2774
1569 940
1570 1429
1571 1656
1572 1679
1573 2528
1574 2477
1575 2492
1576 801 1800 1924 2781
1577 1485
1578 870
1579 784
1580 1734
1581 1522
1582 2155 2855
1583 2676
1584 2589
1585 2363
1586 2558
1587 2100
1588 1638 2068
1589 1863
1590 2030
1591 1493
1592 2231
1593 2334
1594 2004
1595 2121
1596 792 790
1597 2635
1598 802
1599 839
1600 1714
1601 2681
1602 852 1024 1090 1211 1243 1344 2787
1603 811
1604 978
1605 1268
1606 2690
1607 1197
1608 973
1609 1866
1610 818
1611 2754
1612 1138
1613 2434 2728
1614 970
1615 2845
1616 1035
1617 2810
1618 1273
1619 1299
1620 1605
1621 2140
1622 862
1623 2724
1624 1099
1625 821
1626 1912
1627 1233
1628 827
1629 829
1630 833
1631 843
1632 2369
1633 2336
1634 1403 2701
1635 1309
1636 1633
1637 1716
1638 905
1639 847
1640 2736
1641 1795
1642 1851
1643 2797
1644 2870
1645 1707
1646 2057 2416
1647 1942
1648 1731
1649 1766
1650 2226
1651 2018
1652 2131
1653 2261 2486
1654 2740
1655 863
1656 1034
1657 1864
1658 2543
1659 932
1660 1128
1661 2322
1662 892
1663 891 899 947
1664 908
1665 886
1666 935
1667 949
1668 887
1669 1095
1670 920 1089
1671 1302 1324
1672 888
1673 2158
1674 2348
1675 2154 2157 2417
1676 2141 1831
1677 2470
1678 2225
1679 1868
1680 2156
1681 2167 2202
1682 2202 2167
1683 2354
1684 2437
1685 2452
1686 889
1687 893
1688 913
1689 894
1690 900
1691 903
1692 2686
1693 2639
1694 906
1695 915
1696 916
1697 918
1698 1005
1699 919
1700 2380
1701 2457
1702 2047
1703 1496
1704 1571 2798 2844
1705 1843
1706 2292
1707 1383 2013 2175
1708 2506
1709 1190 1277 1395 1847 1876 1893 2033 2179 2191 2398 2454 2529 2555 2737
1710 1182
1711 1495 1591 1859 1887 2382
1712 2413
1713 2578
1714 1837 1844 1894 1978 2039 2150 2392
1715 1869
1716 2041
1717 922 1621 1849 1985 2641
1718 1944
1719 2863
1720 2579
1721 933
1722 2436
1723 1901
1724 2049
1725 1195
1726 2228
1727 1986 2035
1728 1987
1729 1899
1730 2378
1731 1839 1862 1902
1732 1369
1733 2827
1734 1576
1735 1541
1736 1543
1737 1975
1738 1580
1739 1691
1740 2817
1741 2220
1742 1891
1743 2007
1744 2101
1745 2412
1746 2379
1747 2387
1748 2419
1749 2547
1750 2577
1751 1710
1752 2028
1753 938
1754 939
1755 942
1756 1149 1051
1757 953
1758 1015
1759 1244
1760 1330
1761 2011 1380
1762 1596
1763 2009
1764 2072
1765 955
1766 961
1767 2869
1768 965
1769 966
1770 969
1771 2647
1772 1282
1773 971
1774 1521
1775 972
1776 974
1777 975
1778 1037
1779 2688
1780 985
1781 2785
1782 991
1783 1008
1784 1219
1785 992
1786 2759
1787 1134
1788 1078
1789 1043
1790 993
1791 1218
1792 994
1793 2829
1794 995
1795 1013
1796 1001
1797 1016 1029
1798 1000
1799 1017
1800 1028
1801 1007
1802 1002
1803 1003
1804 2014
1805 1081 1055
1806 1717
1807 1328
1808 1193
1809 1019
1810 2730
1811 1006
1812 1221
1813 1112 1240
1814 1018
1815 1020
1816 1092
1817 1071
1818 1171 1127
1819 1068
1820 1373 1223
1821 1428
1822 1484
1823 2055
1824 1030
1825 2418 2130
1826 1048
1827 1619
1828 1737
1829 1321 1482 1647
1830 1050
1831 1061
1832 2735
1833 1113
1834 1063
1835 1065
1836 1225
1837 1067
1838 1070
1839 1074
1840 1077
1841 1082
1842 2819
1843 1094
1844 1101
1845 1102
1846 1919
1847 2181 2464
1848 2056
1849 1106
1850 1961
1851 1721
1852 2275
1853 2106
1854 2259
1855 2177
1856 1107
1857 2265
1858 2221
1859 2399 1671
1860 2502 2595
1861 2253 2409 2447
1862 2323
1863 2567
1864 2446
1865 2497
1866 2237 2311
1867 2251 2427 2531
1868 2345
1869 2653
1870 2232
1871 2255
1872 2312 2405 2476
1873 2313
1874 2318
1875 2406
1876 2532
1877 2568
1878 2600
1879 1151
1880 1114
1881 1116
1882 1449
1883 1470
1884 1283
1885 2687 1308
1886 1313 1331
1887 1307
1888 1371
1889 2732
1890 1126
1891 1135
1892 1442
1893 1142
1894 1340
1895 1612
1896 1909 2040
1897 1600 1425
1898 2640
1899 1555 1759 1939
1900 1907
1901 1896
1902 1374
1903 1921
1904 1916 1918 2019 2098 2662
1905 1848
1906 1181
1907 1152
1908 1162
1909 1163
1910 1180
1911 1189
1912 1228
1913 1192
1914 2429 2095
1915 2390
1916 1753
1917 2416 2057
1918 2408
1919 1964
1920 1285
1921 1199
1922 1258
1923 1207
1924 1455
1925 1263
1926 1441
1927 1209
1928 1210
1929 1350
1930 1224
1931 1227
1932 1229
1933 1230
1934 1231
1935 1529
1936 1232
1937 2474
1938 1242
1939 1247
1940 1246
1941 1250
1942 1270
1943 1254
1944 1259
1945 1718
1946 1267
1947 1271
1948 2673
1949 1280
1950 2621
1951 1287
1952 1288
1953 1300
1954 1306
1955 1314
1956 1464
1957 1315
1958 1320
1959 1322
1960 1329
1961 2656
1962 2142
1963 1341 1337
1964 1589
1965 1771 2776
1966 1674
1967 1862 1839
1968 1792
1969 1738
1970 1524
1971 1838
1972 1343
1973 1360
1974 1363
1975 1365
1976 2791
1977 2835
1978 2038
1979 1474
1980 1370
1981 2530
1982 1563 1547
1983 1601
1984 1785
1985 2828
1986 2496
1987 1536
1988 1715
1989 2268
1990 2017
1991 2020
1992 1456
1993 1377
1994 1881
1995 1378
1996 1381
1997 1385
1998 1387
1999 1388
2000 1389
2001 1390
2002 1443
2003 1457
2004 1392
2005 1398
2006 1401
2007 2695
2008 1402 1963
2009 2112 1845
2010 1417
2011 2463
2012 2841
2013 1406
2014 1410
2015 1411
2016 1444
2017 1413
2018 1414
2019 2666
2020 1431
2021 2769
2022 1421
2023 1422
2024 1423
2025 1427
2026 1433
2027 2714
2028 1435
2029 1438
2030 2707
2031 1878
2032 2400
2033 2902
2034 1448
2035 1490
2036 1451
2037 1507
2038 1904 1574
2039 1634
2040 1466
2041 1908
2042 2295
2043 1713
2044 2734
2045 1458
2046 1460
2047 1593
2048 1512 1586 1825 1852 2350 2602
2049 2302
2050 1874
2051 2282
2052 1467
2053 1469
2054 2094
2055 1588 1830 1943
2056 1583
2057 1566
2058 2080
2059 1941
2060 1824
2061 2280
2062 2462
2063 1473
2064 1476
2065 1767
2066 1817
2067 1784 1790
2068 1742
2069 1479
2070 1480
2071 1481
2072 1483
2073 1487
2074 1492
2075 1501
2076 1494
2077 1498
2078 1506
2079 1499
2080 1511
2081 1502
2082 1504
2083 1505
2084 1510
2085 2291
2086 1517
2087 1519
2088 1520
2089 1616
2090 1910
2091 1646
2092 1525
2093 2824
2094 1635
2095 1695
2096 1542
2097 1595
2098 2455
2099 2293
2100 1533
2101 2519
2102 2815
2103 2479
2104 2488
2105 2587
2106 1557
2107 1534
2108 1535
2109 1538
2110 1539
2111 1602
2112 1540
2113 1984 2262
2114 1973
2115 1544
2116 1626
2117 2233
2118 1929
2119 1933
2120 1937
2121 1556
2122 1676
2123 1561
2124 1572
2125 1693
2126 1636
2127 2799
2128 1870
2129 1959
2130 1997
2131 1577
2132 1579
2133 2146
2134 2678
2135 1587
2136 1592
2137 2143 2168
2138 1950 2562
2139 2432
2140 2069
2141 2431
2142 2557
2143 1660
2144 2745
2145 1623
2146 1632
2147 1609
2148 1608
2149 1613
2150 2111 2139
2151 1617
2152 2360
2153 2311 2237
2154 2294
2155 1620
2156 1622
2157 1628
2158 1631
2159 1642
2160 1641
2161 2219
2162 1657
2163 1724
2164 1654
2165 1662
2166 2637
2167 1666
2168 1669
2169 1673
2170 2126
2171 1701
2172 1703
2173 1681
2174 1846
2175 2795
2176 1684
2177 1688
2178 1689
2179 1690
2180 1783
2181 1995
2182 1692
2183 1699
2184 2696
2185 1705
2186 1708
2187 2064
2188 1709
2189 1821
2190 1711
2191 1727
2192 1719
2193 1722
2194 2896
2195 1723
2196 1725
2197 1726
2198 1729
2199 2851
2200 1732
2201 1735
2202 1736
2203 1749
2204 1757
2205 1816
2206 2668
2207 1744
2208 1750
2209 1751
2210 1756
2211 2149
2212 1758
2213 2515
2214 1956
2215 1762
2216 1960
2217 1763
2218 1764
2219 1765
2220 1769
2221 2110
2222 2061
2223 2189
2224 1938
2225 1970
2226 1772
2227 2067
2228 1979
2229 1842
2230 1967
2231 1928 1860
2232 1957
2233 1926
2234 1925
2235 2071
2236 2076
2237 1794
2238 1974
2239 1820
2240 1836
2241 1774
2242 1780
2243 1788 1947
2244 2801
2245 1811
2246 1958
2247 1789
2248 1791
2249 1871
2250 2073
2251 1793
2252 2103
2253 2124
2254 1798
2255 1799
2256 1803
2257 2665
2258 2545
2259 2113 2193 2211 2239 2246 2254 2257 2279 2370 2395 2522 2710
2260 2289
2261 2415 2324
2262 2561
2263 2217
2264 2235
2265 2588
2266 2213
2267 2560
2268 2185
2269 2200
2270 2303
2271 2435
2272 1814
2273 1815
2274 1818
2275 1823
2276 1829
2277 1834
2278 1835
2279 2832
2280 1840
2281 1897
2282 1841
2283 2059
2284 1854
2285 1855
2286 2320
2287 1858
2288 1872
2289 1875
2290 2777
2291 1877
2292 2114
2293 2122
2294 1883
2295 1885
2296 1890
2297 1900
2298 1911
2299 2758
2300 1935
2301 2339
2302 2612
2303 2608
2304 2610
2305 1940
2306 1951
2307 1953
2308 1954
2309 1962
2310 2199
2311 2438
2312 2365 2789
2313 2188 2227 2498
2314 2581
2315 1968
2316 2601
2317 2596
2318 2212
2319 2229
2320 2256
2321 2224
2322 2223
2323 2505
2324 2342
2325 1971
2326 1981
2327 1983
2328 2025 2029
2329 2729
2330 1988
2331 1989
2332 2048
2333 2022
2334 2117
2335 1990
2336 1992
2337 1996
2338 2001
2339 2002
2340 2634
2341 2015
2342 2003
2343 2705
2344 2180
2345 2748
2346 2021
2347 2023
2348 2024
2349 2026
2350 2027
2351 2037
2352 2044
2353 2761
2354 2281
2355 2054
2356 2063
2357 2066
2358 2671
2359 2074
2360 2079
2361 2500
2362 2085
2363 2299
2364 2088
2365 2083
2366 2609
2367 2440
2368 2423
2369 2473
2370 2507 2517 2599
2371 2089
2372 2283
2373 2248
2374 2308
2375 2082
2376 2084
2377 2086
2378 2407
2379 2800
2380 2629
2381 2385
2382 2375
2383 2460
2384 2087
2385 2090
2386 2542
2387 2091
2388 2092
2389 2186
2390 2115
2391 2119
2392 2128
2393 2129
2394 2138
2395 2176 2767
2396 2159
2397 2178
2398 2160
2399 2564
2400 2162
2401 2549
2402 2471
2403 2525
2404 2304
2405 2508
2406 2272
2407 2278
2408 2194
2409 2204
2410 2269
2411 2169
2412 2171
2413 2173
2414 2174
2415 2190
2416 2192
2417 2197
2418 2249
2419 2326
2420 2271
2421 2201
2422 2203
2423 2209
2424 2216
2425 2218
2426 2709
2427 2230
2428 2297
2429 2264
2430 2263
2431 2593
2432 2236
2433 2245 2516
2434 2760
2435 2287 2296
2436 2381
2437 2711
2438 2461
2439 2584
2440 2613
2441 2258
2442 2260
2443 2267
2444 2772
2445 2273
2446 2276
2447 2277
2448 2465
2449 2840
2450 2307
2451 2321
2452 2300
2453 2598
2454 2301
2455 2305
2456 2309 2310
2457 2341
2458 2372
2459 2512
2460 2357 2397
2461 2356
2462 2475
2463 2556 2459
2464 2405 2312
2465 2904
2466 2606
2467 2875
2468 2553
2469 2443
2470 2319
2471 2338
2472 2327
2473 2445
2474 2404
2475 2328
2476 2329
2477 2347
2478 2361
2479 2355
2480 2362
2481 2364
2482 2366
2483 2371
2484 2384
2485 2449
2486 2386
2487 2391
2488 2403
2489 2576
2490 2411
2491 2414
2492 2420
2493 2573
2494 2552
2495 2439
2496 2422
2497 2424
2498 2491
2499 2430
2500 2441
2501 2518
2502 2539
2503 2469 2503
2504 2590
2505 2572
2506 2536 2727
2507 2521
2508 2563
2509 2450
2510 2451
2511 2456
2512 2466
2513 2852
2514 2453
2515 2559
2516 2458
2517 2467
2518 2468
2519 2499
2520 2604
2521 2472
2522 2484
2523 2489
2524 2493
2525 2495
2526 2591 2594
2527 2533
2528 2504
2529 2517 2507
2530 2611
2531 2605
2532 2544
2533 2582
2534 2514
2535 2520
2536 2650
2537 2524
2538 2534
2539 2538
2540 2546
2541 2550
2542 2551
2543 2566
2544 2615
2545 2569
2546 2574
2547 2575
2548 2583
2549 2586
2550 2733
2551 2597
2552 2607
2553 2614
