AnswererNewID OriginalID
0 20
1 13
2 11517
3 7743
4 194034
5 71
6 4864
7 42
8 59
9 78
10 97
11 11205
12 82
13 95
14 574
15 1350
16 1236
17 1403
18 1341
19 1458
20 20391
21 141
22 345
23 6432
24 56
25 74
26 48
27 79
28 838
29 1287
30 29
31 30051
32 40
33 353
34 43351
35 369
36 166
37 19
38 66
39 329
40 134
41 11062
42 124
43 15
44 7786
45 116
46 133
47 50583
48 9624
49 1335
50 1013
51 6901
52 386
53 4066
54 1255
55 1492
56 107
57 383
58 392
59 1352
60 126
61 121
62 869
63 176
64 23119
65 18
66 26076
67 29011
68 75882
69 89839
70 142
71 391
72 84967
73 163
74 139
75 144
76 47
77 347
78 306
79 7427
80 4075
81 11686
82 1268
83 57855
84 70256
85 59215
86 62
87 50
88 411
89 775
90 225
91 165
92 184
93 1337
94 8753
95 100917
96 651
97 173
98 5223
99 7117
100 12998
101 22138
102 373
103 327
104 358
105 292
106 100
107 2045
108 301
109 28
110 539
111 217
112 1631
113 380
114 399
115 2451
116 3150
117 516
118 405
119 1462
120 489
121 472
122 61
123 1241
124 1353
125 1782
126 17026
127 68919
128 46757
129 92058
130 474
131 518
132 11
133 504
134 529
135 4552
136 520
137 46365
138 701
139 28524
140 7142
141 29621
142 1039
143 69
144 562
145 420
146 35944
147 636
148 3735
149 632
150 266
151 661
152 670
153 683
154 695
155 377
156 793
157 26969
158 154
159 188
160 829
161 149
162 3702
163 396
164 37
165 7924
166 8563
167 800
168 744
169 762
170 791
171 52261
172 2359
173 1504
174 8571
175 832
176 724
177 34167
178 98822
179 1708
180 761
181 5284
182 890
183 193072
184 1382
185 1186
186 938
187 3018
188 3970
189 3540
190 5975
191 930
192 909
193 304
194 11320
195 959
196 948
197 995
198 2525
199 22749
200 36863
201 717
202 861
203 871
204 36209
205 1252
206 1272
207 1460
208 1284
209 2936
210 919
211 62689
212 1495
213 1311
214 9444
215 20774
216 966
217 429
218 43588
219 955
220 6389
221 1469
222 115
223 19837
224 1486
225 1228
226 16222
227 1390
228 16520
229 31729
230 24093
231 1172
232 1609
233 1648
234 8338
235 5603
236 5912
237 2469
238 1560
239 1641
240 1501
241 1655
242 1588
243 1670
244 8940
245 1656
246 673
247 1695
248 821
249 16660
250 15693
251 238
252 2843
253 1855
254 1046
255 565
256 2314
257 1928
258 393
259 1847
260 1918
261 1370
262 1945
263 1663
264 1959
265 224
266 1971
267 2084
268 2121
269 57823
270 83172
271 102170
272 169351
273 47489
274 20545
275 1671
276 4020
277 667
278 2192
279 1257
280 29846
281 2151
282 592
283 7667
284 8609
285 7252
286 78739
287 80640
288 40726
289 41634
290 1761
291 1814
292 2809
293 2652
294 51994
295 1543
296 2350
297 10615
298 20170
299 56926
300 25589
301 2751
302 2418
303 2420
304 1573
305 1545
306 117725
307 1012
308 2238
309 2415
310 965
311 2535
312 44126
313 63994
314 2708
315 1844
316 2643
317 45117
318 3939
319 2898
320 3811
321 1423
322 3411
323 30173
324 2754
325 2710
326 8981
327 2072
328 48885
329 8564
330 16962
331 2931
332 5660
333 7670
334 4582
335 4587
336 4600
337 4615
338 4040
339 4651
340 4683
341 5646
342 3197
343 35879
344 2190
345 185558
346 27898
347 2299
348 417
349 2098
350 27384
351 302
352 3281
353 3252
354 5097
355 164463
356 1471
357 2599
358 622
359 3460
360 1233
361 1618
362 3527
363 3515
364 9357
365 3395
366 3415
367 3601
368 975
369 66086
370 2714
371 1876
372 12200
373 3752
374 3064
375 2146
376 1727
377 83408
378 105689
379 6162
380 1924
381 35991
382 2058
383 3876
384 3632
385 4014
386 3572
387 3624
388 4131
389 4202
390 7902
391 14215
392 6126
393 4248
394 3694
395 4034
396 4191
397 4461
398 4107
399 65572
400 4292
401 3936
402 3887
403 3360
404 3066
405 1345
406 4306
407 4289
408 4883
409 4657
410 25620
411 4483
412 4554
413 1576
414 6564
415 4857
416 6499
417 4574
418 4257
419 16383
420 4112
421 2445
422 4769
423 5012
424 103
425 1635
426 2433
427 38454
428 4551
429 4916
430 76503
431 4945
432 176093
433 70460
434 1739
435 4237
436 35354
437 5020
438 4210
439 5068
440 9939
441 14202
442 40110
443 21546
444 5113
445 4337
446 4976
447 27395
448 5477
449 5253
450 24142
451 4984
452 4887
453 3677
454 7911
455 34445
456 1201
457 8868
458 11275
459 5441
460 4438
461 5563
462 5144
463 56424
464 6384
465 5729
466 5732
467 5739
468 232
469 3948
470 2828
471 3099
472 5771
473 5669
474 56188
475 5528
476 3329
477 3397
478 5063
479 6189
480 10379
481 21432
482 5928
483 4312
484 4636
485 35340
486 5644
487 16770
488 25385
489 9887
490 29639
491 5447
492 1196
493 6695
494 6324
495 5379
496 4646
497 6412
498 6446
499 16690
500 6004
501 5885
502 6800
503 37161
504 6560
505 4983
506 6456
507 1325
508 6686
509 6089
510 6775
511 9199
512 5374
513 64951
514 6374
515 2715
516 7041
517 4435
518 6911
519 7282
520 8007
521 55446
522 24873
523 16691
524 6974
525 7409
526 5931
527 4919
528 59139
529 63097
530 7050
531 7485
532 7375
533 5473
534 4160
535 7507
536 7964
537 7433
538 9205
539 7330
540 234048
541 6634
542 7711
543 4521
544 5201
545 35024
546 36834
547 10652
548 10892
549 42618
550 6986
551 180269
552 10522
553 21102
554 73081
555 8626
556 14443
557 12810
558 91
559 5819
560 8131
561 6247
562 28958
563 8090
564 9290
565 6982
566 5176
567 8257
568 8310
569 4262
570 1600
571 50493
572 3237
573 52112
574 8260
575 8492
576 71344
577 26633
578 8580
579 8154
580 11088
581 68079
582 16421
583 8556
584 8579
585 8570
586 8841
587 8521
588 36935
589 4173
590 8075
591 4463
592 8066
593 9542
594 23473
595 898
596 335
597 11227
598 612
599 1225
600 3925
601 8895
602 11157
603 34393
604 4
605 85354
606 1207
607 884
608 6136
609 4578
610 3825
611 6749
612 3550
613 2498
614 4550
615 8202
616 4320
617 2872
618 5902
619 5089
620 6440
621 7349
622 12023
623 17556
624 174
625 3641
626 8048
627 8234
628 4877
629 3998
630 2782
631 6353
632 5192
633 1611
634 770
635 3351
636 5191
637 8901
638 711
639 7207
640 7266
641 4888
642 9044
643 26071
644 24721
645 25627
646 9101
647 8318
648 9131
649 21253
650 7154
651 7167
652 1256
653 11053
654 9190
655 9296
656 9355
657 8857
658 9484
659 16581
660 9438
661 4967
662 9481
663 42704
664 5880
665 5876
666 8554
667 9565
668 7616
669 9824
670 9914
671 12489
672 4974
673 8137
674 6441
675 63690
676 9564
677 16140
678 10468
679 9526
680 9873
681 9903
682 6627
683 59346
684 23660
685 1502
686 71990
687 9204
688 10050
689 9886
690 9719
691 9082
692 9070
693 10347
694 2170
695 42641
696 10289
697 3864
698 15942
699 10447
700 10455
701 10480
702 550
703 10635
704 76820
705 40456
706 10598
707 11152
708 9018
709 8435
710 143152
711 10725
712 29174
713 9594
714 10755
715 10965
716 128779
717 10696
718 9173
719 4485
720 2962
721 11118
722 11133
723 31965
724 11176
725 12041
726 10068
727 110781
728 11452
729 726
730 21441
731 11637
732 11701
733 11707
734 11708
735 11696
736 4926
737 7348
738 11740
739 11757
740 11945
741 11943
742 11529
743 6605
744 29483
745 45533
746 730
747 16035
748 12053
749 10833
750 12094
751 12395
752 12398
753 12136
754 119
755 11930
756 11625
757 12151
758 10352
759 8797
760 30185
761 9960
762 12312
763 12350
764 7692
765 11547
766 29216
767 24683
768 31119
769 12720
770 16409
771 12951
772 14182
773 69098
774 12669
775 8014
776 134658
777 8160
778 12623
779 7712
780 36246
781 57154
782 12787
783 4455
784 12502
785 12762
786 22278
787 151236
788 34937
789 77809
790 12957
791 10938
792 8869
793 12808
794 14018
795 81917
796 198887
797 6319
798 105445
799 25301
800 6735
801 11933
802 10456
803 68067
804 109683
805 45218
806 2578
807 14174
808 12798
809 14263
810 7403
811 14275
812 98634
813 14292
814 1673
815 10712
816 25678
817 442
818 14400
819 14089
820 15735
821 126806
822 56960
823 14105
824 12513
825 15584
826 15606
827 14473
828 25420
829 15742
830 31635
831 12696
832 10334
833 12613
834 15830
835 32169
836 22360
837 9784
838 23389
839 15629
840 20715
841 16004
842 7460
843 73720
844 9174
845 8758
846 22406
847 24116
848 16115
849 6887
850 552
851 7574
852 16459
853 16334
854 67710
855 40358
856 16435
857 16591
858 16630
859 16689
860 15933
861 16652
862 17497
863 17320
864 16794
865 12019
866 16872
867 16878
868 23016
869 15543
870 21944
871 14494
872 17068
873 11833
874 153534
875 47511
876 16725
877 17198
878 17311
879 16843
880 23515
881 17584
882 17581
883 5901
884 25102
885 17645
886 9643
887 17308
888 6178
889 18788
890 18764
891 19841
892 4952
893 63002
894 5699
895 28092
896 19945
897 24038
898 9662
899 19976
900 29454
901 45801
902 4252
903 5455
904 10335
905 16077
906 20842
907 18685
908 44176
909 21006
910 20947
911 18800
912 4993
913 17609
914 671
915 21144
916 20967
917 35220
918 21160
919 20779
920 2473
921 960
922 6312
923 20848
924 123188
925 30522
926 21123
927 21361
928 21299
929 7182
930 10304
931 27750
932 21600
933 927
934 21692
935 36028
936 21733
937 21742
938 21754
939 143016
940 25349
941 6170
942 11668
943 21337
944 12874
945 22148
946 22212
947 22229
948 22354
949 20267
950 22494
951 18740
952 24452
953 11012
954 10788
955 88899
956 22423
957 9480
958 21169
959 22131
960 6316
961 26140
962 189469
963 22698
964 20250
965 12234
966 22786
967 7128
968 22725
969 56364
970 1224
971 33968
972 22892
973 23029
974 22365
975 22623
976 21108
977 23158
978 17607
979 15615
980 10001
981 16015
982 130302
983 22399
984 23253
985 20985
986 38216
987 235507
988 24124
989 24773
990 76931
991 22302
992 22334
993 23339
994 22320
995 23107
996 21341
997 16114
998 23873
999 16802
1000 23941
1001 3131
1002 21712
1003 23984
1004 24285
1005 21994
1006 21817
1007 24495
1008 70551
1009 71627
1010 10236
1011 20071
1012 26505
1013 23564
1014 46708
1015 24314
1016 25168
1017 24791
1018 14
1019 24812
1020 21843
1021 57780
1022 6848
1023 12240
1024 8142
1025 24913
1026 52394
1027 148751
1028 32245
1029 24571
1030 22140
1031 25175
1032 17215
1033 16464
1034 12563
1035 19950
1036 26363
1037 21308
1038 25729
1039 12781
1040 9397
1041 10613
1042 6860
1043 25617
1044 25575
1045 24066
1046 25352
1047 11751
1048 25069
1049 26418
1050 25176
1051 24983
1052 21495
1053 207910
1054 78842
1055 26857
1056 25664
1057 26847
1058 10881
1059 20003
1060 20898
1061 4530
1062 26875
1063 10896
1064 11213
1065 40737
1066 20747
1067 25403
1068 27120
1069 2322
1070 27048
1071 22254
1072 9541
1073 27279
1074 8821
1075 25735
1076 24042
1077 7656
1078 25907
1079 26437
1080 27732
1081 27858
1082 29944
1083 20973
1084 16842
1085 76830
1086 27746
1087 28080
1088 51873
1089 61930
1090 28161
1091 27680
1092 3816
1093 1864
1094 25151
1095 132157
1096 28942
1097 27489
1098 29118
1099 27661
1100 1193
1101 28244
1102 29978
1103 21256
1104 15559
1105 29733
1106 26074
1107 26955
1108 24653
1109 26690
1110 26686
1111 134153
1112 45292
1113 30146
1114 30136
1115 12736
1116 30162
1117 30246
1118 83398
1119 30365
1120 25701
1121 524
1122 23065
1123 28040
1124 29576
1125 28940
1126 30717
1127 20148
1128 30124
1129 22182
1130 26654
1131 37061
1132 108789
1133 30922
1134 140964
1135 43188
1136 25794
1137 31450
1138 31934
1139 30247
1140 56578
1141 11361
1142 26322
1143 31496
1144 24678
1145 32168
1146 8824
1147 31183
1148 31572
1149 32410
1150 8736
1151 33539
1152 23741
1153 33922
1154 11484
1155 9023
1156 34002
1157 27276
1158 22358
1159 24774
1160 26169
1161 34219
1162 21049
1163 33880
1164 43362
1165 38551
1166 24237
1167 34641
1168 34649
1169 34681
1170 34823
1171 34521
1172 22375
1173 27481
1174 20467
1175 34840
1176 20835
1177 56997
1178 30887
1179 21942
1180 32076
1181 98623
1182 35224
1183 35922
1184 37562
1185 57094
1186 26033
1187 19872
1188 35997
1189 135802
1190 37028
1191 32185
1192 85391
1193 21386
1194 36158
1195 29726
1196 23785
1197 31748
1198 29202
1199 28410
1200 22927
1201 72446
1202 36235
1203 8116
1204 11050
1205 29453
1206 32163
1207 36474
1208 36502
1209 25572
1210 30217
1211 24018
1212 19979
1213 34039
1214 31895
1215 31782
1216 9993
1217 57184
1218 108906
1219 50546
1220 85443
1221 36577
1222 31422
1223 36695
1224 36709
1225 15849
1226 37513
1227 146032
1228 19898
1229 29866
1230 36384
1231 36744
1232 36723
1233 26063
1234 37364
1235 35120
1236 37176
1237 12813
1238 111925
1239 37653
1240 37633
1241 37548
1242 10887
1243 52111
1244 29762
1245 37731
1246 37739
1247 37751
1248 37752
1249 37759
1250 37758
1251 25680
1252 37861
1253 37640
1254 24471
1255 26932
1256 38409
1257 35964
1258 38613
1259 38625
1260 37496
1261 36248
1262 35311
1263 37573
1264 38424
1265 38861
1266 26502
1267 25606
1268 89386
1269 35652
1270 47353
1271 38302
1272 11659
1273 40176
1274 300
1275 40222
1276 40229
1277 40282
1278 130253
1279 21737
1280 36559
1281 16672
1282 5788
1283 37070
1284 40829
1285 37390
1286 37510
1287 26834
1288 272
1289 26143
1290 68030
1291 14198
1292 16211
1293 102117
1294 46012
1295 84305
1296 41278
1297 29019
1298 37945
1299 40580
1300 41422
1301 9077
1302 40759
1303 30175
1304 41712
1305 41898
1306 41858
1307 42548
1308 2300
1309 42187
1310 41953
1311 3257
1312 32050
1313 87602
1314 42299
1315 42420
1316 42495
1317 41072
1318 42514
1319 42591
1320 34382
1321 36923
1322 40614
1323 28512
1324 41757
1325 41729
1326 43129
1327 28853
1328 42650
1329 58234
1330 185793
1331 34803
1332 42562
1333 26803
1334 16229
1335 43515
1336 24234
1337 43488
1338 38497
1339 36941
1340 43591
1341 52126
1342 59948
1343 27660
1344 21626
1345 43889
1346 43962
1347 42975
1348 41676
1349 22157
1350 43331
1351 42537
1352 44034
1353 118782
1354 44200
1355 44224
1356 51889
1357 129525
1358 18721
1359 6395
1360 22770
1361 40930
1362 41066
1363 44516
1364 38111
1365 40021
1366 123186
1367 139673
1368 38242
1369 26098
1370 44822
1371 41147
1372 37789
1373 35399
1374 37779
1375 30695
1376 12262
1377 45164
1378 44033
1379 19917
1380 8983
1381 31984
1382 52741
1383 41771
1384 22637
1385 15997
1386 29580
1387 41996
1388 40441
1389 23278
1390 52914
1391 30795
1392 45100
1393 16554
1394 45728
1395 45770
1396 45786
1397 59023
1398 23975
1399 204634
1400 46059
1401 45784
1402 49026
1403 150551
1404 8223
1405 44257
1406 22829
1407 43402
1408 38055
1409 46522
1410 22498
1411 46585
1412 40688
1413 38294
1414 44576
1415 41799
1416 46728
1417 46147
1418 44216
1419 43728
1420 46304
1421 37182
1422 20557
1423 46530
1424 122574
1425 10027
1426 49019
1427 48802
1428 38159
1429 42999
1430 47332
1431 3220
1432 17565
1433 27043
1434 46399
1435 3107
1436 24140
1437 21420
1438 48657
1439 48740
1440 5963
1441 29074
1442 37816
1443 7993
1444 49040
1445 48989
1446 44013
1447 14050
1448 45649
1449 50703
1450 32426
1451 41010
1452 47293
1453 10261
1454 20116
1455 50745
1456 51992
1457 38666
1458 51948
1459 26044
1460 52088
1461 49105
1462 52161
1463 31316
1464 52318
1465 77475
1466 25697
1467 43847
1468 45539
1469 38601
1470 52521
1471 52543
1472 52555
1473 36188
1474 55703
1475 31335
1476 55790
1477 52682
1478 31732
1479 52668
1480 52728
1481 73020
1482 31585
1483 52580
1484 48663
1485 43233
1486 34984
1487 52787
1488 50207
1489 53120
1490 40773
1491 45095
1492 53175
1493 132190
1494 38674
1495 55303
1496 41263
1497 77210
1498 53113
1499 55610
1500 55621
1501 55662
1502 58132
1503 50535
1504 44119
1505 26539
1506 45640
1507 47432
1508 55930
1509 55970
1510 44205
1511 45688
1512 56308
1513 21218
1514 50515
1515 14091
1516 34264
1517 51988
1518 55751
1519 56299
1520 56572
1521 70207
1522 45693
1523 55893
1524 28370
1525 57116
1526 50154
1527 30475
1528 57157
1529 57217
1530 31129
1531 31264
1532 57285
1533 26415
1534 1247
1535 17516
1536 57666
1537 786
1538 52590
1539 165813
1540 6835
1541 23161
1542 58059
1543 58230
1544 57640
1545 49024
1546 58329
1547 58193
1548 45075
1549 5953
1550 57595
1551 125285
1552 52805
1553 55909
1554 58801
1555 25843
1556 58928
1557 20564
1558 58937
1559 142657
1560 33849
1561 58877
1562 59151
1563 45476
1564 85448
1565 59258
1566 10293
1567 59673
1568 17489
1569 41376
1570 115391
1571 117446
1572 148444
1573 62434
1574 31790
1575 59437
1576 59949
1577 45613
1578 60032
1579 59993
1580 22316
1581 65081
1582 58348
1583 60212
1584 59161
1585 59969
1586 16272
1587 60628
1588 31231
1589 27574
1590 3763
1591 43062
1592 3253
1593 72649
1594 62094
1595 57303
1596 34182
1597 3234
1598 59998
1599 40569
1600 59406
1601 30833
1602 10226
1603 38069
1604 31637
1605 41637
1606 37452
1607 60201
1608 21133
1609 42116
1610 40686
1611 7051
1612 87635
1613 21529
1614 63445
1615 46698
1616 63448
1617 62326
1618 38259
1619 62952
1620 63533
1621 42327
1622 70293
1623 48856
1624 76162
1625 53083
1626 50622
1627 64003
1628 59644
1629 52149
1630 52996
1631 64025
1632 43101
1633 50227
1634 64108
1635 64497
1636 20667
1637 64603
1638 57777
1639 64673
1640 64695
1641 6466
1642 71618
1643 82228
1644 64874
1645 64880
1646 31227
1647 31258
1648 30370
1649 65066
1650 43768
1651 65077
1652 87611
1653 64082
1654 63547
1655 57075
1656 65166
1657 65242
1658 16107
1659 63023
1660 103041
1661 65526
1662 9684
1663 65617
1664 11835
1665 65780
1666 65811
1667 63767
1668 65706
1669 63055
1670 28544
1671 14073
1672 45854
1673 66180
1674 66272
1675 66313
1676 24284
1677 23300
1678 34274
1679 66376
1680 66378
1681 26918
1682 35821
1683 82919
1684 65708
1685 67627
1686 59273
1687 62868
1688 67833
1689 67987
1690 67531
1691 68181
1692 67685
1693 60080
1694 68194
1695 68216
1696 25354
1697 15764
1698 35736
1699 75518
1700 40168
1701 62726
1702 67825
1703 68549
1704 37677
1705 64473
1706 67847
1707 42300
1708 58382
1709 68948
1710 8850
1711 70429
1712 63798
1713 59444
1714 32149
1715 44612
1716 71421
1717 4962
1718 47472
1719 63535
1720 24089
1721 28464
1722 59208
1723 55856
1724 311
1725 51934
1726 118449
1727 56876
1728 72047
1729 8533
1730 73243
1731 73206
1732 73184
1733 73381
1734 65728
1735 1555
1736 68860
1737 73798
1738 37102
1739 25908
1740 43294
1741 42892
1742 74040
1743 74053
1744 52988
1745 60658
1746 74387
1747 72068
1748 44881
1749 59991
1750 74451
1751 73626
1752 74685
1753 73010
1754 35297
1755 74763
1756 29419
1757 68743
1758 64166
1759 75333
1760 28227
1761 71841
1762 40644
1763 59724
1764 67949
1765 22596
1766 73762
1767 75628
1768 52514
1769 76428
1770 114696
1771 111581
1772 76405
1773 76712
1774 76807
1775 76986
1776 73490
1777 112909
1778 72228
1779 76984
1780 77310
1781 57961
1782 72299
1783 66442
1784 26129
1785 8494
1786 10762
1787 73864
1788 77542
1789 59527
1790 79217
1791 68645
1792 78757
1793 78919
1794 50559
1795 76233
1796 77679
1797 65173
1798 153814
1799 78108
1800 79199
1801 72659
1802 78942
1803 79368
1804 78813
1805 71868
1806 76589
1807 23679
1808 47634
1809 22646
1810 80706
1811 80818
1812 75057
1813 53098
1814 68278
1815 81330
1816 53062
1817 1280
1818 82215
1819 55841
1820 74850
1821 65263
1822 63420
1823 6690
1824 81133
1825 55225
1826 77737
1827 53026
1828 52648
1829 82554
1830 82685
1831 94772
1832 52072
1833 62872
1834 70710
1835 82553
1836 40357
1837 82528
1838 83478
1839 55421
1840 77928
1841 78776
1842 83802
1843 53077
1844 83988
1845 71860
1846 78466
1847 84696
1848 94322
1849 71740
1850 70454
1851 70236
1852 84488
1853 85267
1854 45177
1855 70708
1856 83267
1857 85968
1858 74534
1859 85986
1860 71784
1861 59052
1862 45232
1863 43712
1864 77091
1865 23788
1866 58602
1867 40173
1868 77208
1869 56485
1870 63290
1871 70242
1872 59281
1873 90887
1874 131034
1875 175
1876 89080
1877 86889
1878 87600
1879 89161
1880 3773
1881 12245
1882 89415
1883 79423
1884 81404
1885 55341
1886 88885
1887 27753
1888 90081
1889 87624
1890 45019
1891 76885
1892 89965
1893 86769
1894 92630
1895 90415
1896 58316
1897 115736
1898 58448
1899 98263
1900 92168
1901 92817
1902 66201
1903 68620
1904 60857
1905 92956
1906 86822
1907 92981
1908 82798
1909 94305
1910 83545
1911 30181
1912 95149
1913 65837
1914 73214
1915 72487
1916 80878
1917 81818
1918 77741
1919 96797
1920 96157
1921 139177
1922 50480
1923 21248
1924 93237
1925 73380
1926 83835
1927 98027
1928 98308
1929 97792
1930 98561
1931 84977
1932 92883
1933 99145
1934 93451
1935 97957
1936 43164
1937 38010
1938 89797
1939 100052
1940 206096
1941 95576
1942 25167
1943 16371
1944 86244
1945 52294
1946 9167
1947 10319
1948 99740
1949 101320
1950 111915
1951 40266
1952 148704
1953 100529
1954 101986
1955 96054
1956 24738
1957 99370
1958 45384
1959 98358
1960 70842
1961 37630
1962 45627
1963 89220
1964 42047
1965 77435
1966 74069
1967 101770
1968 77496
1969 101954
1970 83663
1971 77368
1972 65110
1973 56987
1974 104639
1975 104635
1976 101965
1977 104696
1978 105275
1979 41680
1980 105590
1981 21502
1982 106905
1983 105973
1984 78230
1985 57925
1986 90491
1987 106504
1988 106330
1989 106502
1990 77476
1991 47594
1992 22412
1993 46486
1994 106205
1995 4272
1996 95440
1997 68611
1998 107007
1999 5705
2000 354
2001 107153
2002 43987
2003 185643
2004 108414
2005 50770
2006 70239
2007 110417
2008 29899
2009 75706
2010 46900
2011 105987
2012 57604
2013 67712
2014 90893
2015 106192
2016 85736
2017 102639
2018 181319
2019 109968
2020 25629
2021 111969
2022 75777
2023 112041
2024 43762
2025 63559
2026 112207
2027 64286
2028 109538
2029 82301
2030 112768
2031 106752
2032 113242
2033 139781
2034 62519
2035 140002
2036 87483
2037 83931
2038 76666
2039 109849
2040 109357
2041 133661
2042 6741
2043 113350
2044 45821
2045 114723
2046 46415
2047 68410
2048 111055
2049 90283
2050 113654
2051 115553
2052 99403
2053 37911
2054 55657
2055 115186
2056 97890
2057 115834
2058 68136
2059 113338
2060 92343
2061 115976
2062 94761
2063 110116
2064 64170
2065 115244
2066 89597
2067 56073
2068 89318
2069 86073
2070 93729
2071 109742
2072 21146
2073 55597
2074 110834
2075 117799
2076 116799
2077 108533
2078 116905
2079 114472
2080 117719
2081 81003
2082 102243
2083 23008
2084 77364
2085 80687
2086 100142
2087 118178
2088 16767
2089 118066
2090 98068
2091 107211
2092 115887
2093 97235
2094 92262
2095 116591
2096 36562
2097 119125
2098 102308
2099 2307
2100 28924
2101 20427
2102 118819
2103 113134
2104 118847
2105 14088
2106 5033
2107 120582
2108 115157
2109 119172
2110 46863
2111 11459
2112 96973
2113 121239
2114 165299
2115 27209
2116 121464
2117 40545
2118 60046
2119 121000
2120 116392
2121 95629
2122 30005
2123 62295
2124 108333
2125 46512
2126 60644
2127 109928
2128 40840
2129 100640
2130 109388
2131 76573
2132 52772
2133 72900
2134 93982
2135 122672
2136 71440
2137 122066
2138 37440
2139 122781
2140 111067
2141 114390
2142 86051
2143 121235
2144 101555
2145 124244
2146 123879
2147 123971
2148 94260
2149 24157
2150 56184
2151 123236
2152 111951
2153 55261
2154 92654
2155 124613
2156 10381
2157 12150
2158 1954
2159 114200
2160 112507
2161 42453
2162 96636
2163 125101
2164 124904
2165 124834
2166 83405
2167 22185
2168 47033
2169 97397
2170 124141
2171 60891
2172 103303
2173 125321
2174 70958
2175 122958
2176 47351
2177 149880
2178 87355
2179 124352
2180 89403
2181 118021
2182 120730
2183 115879
2184 128087
2185 127807
2186 37350
2187 78574
2188 115037
2189 127955
2190 59003
2191 128265
2192 47360
2193 34342
2194 95976
2195 113419
2196 853
2197 6422
2198 90492
2199 58692
2200 129414
2201 73809
2202 129433
2203 130255
2204 130264
2205 90744
2206 127203
2207 156
2208 130868
2209 36360
2210 131284
2211 94041
2212 17547
2213 116059
2214 95248
2215 98011
2216 132233
2217 132227
2218 129209
2219 28745
2220 123046
2221 41592
2222 129056
2223 26061
2224 132229
2225 27454
2226 117533
2227 97831
2228 133318
2229 99277
2230 76619
2231 133923
2232 134178
2233 28265
2234 77669
2235 111056
2236 121677
2237 117029
2238 134764
2239 55689
2240 44169
2241 28468
2242 135116
2243 49022
2244 135842
2245 135145
2246 130986
2247 139543
2248 45253
2249 209544
2250 58319
2251 41998
2252 137289
2253 137267
2254 115574
2255 136463
2256 120513
2257 138162
2258 135334
2259 128146
2260 138242
2261 911
2262 83721
2263 136719
2264 133629
2265 82010
2266 139706
2267 72043
2268 92744
2269 129089
2270 101188
2271 138439
2272 136152
2273 119161
2274 92400
2275 140371
2276 135315
2277 70545
2278 128264
2279 99654
2280 66395
2281 141052
2282 121888
2283 128186
2284 141331
2285 141628
2286 42070
2287 131821
2288 141963
2289 92490
2290 57983
2291 104964
2292 36194
2293 58997
2294 46416
2295 104551
2296 142318
2297 142326
2298 141932
2299 142506
2300 109382
2301 142834
2302 82079
2303 118807
2304 73455
2305 143317
2306 142543
2307 143866
2308 144002
2309 60251
2310 143764
2311 92233
2312 144498
2313 133070
2314 114017
2315 75633
2316 113699
2317 134007
2318 71247
2319 96494
2320 123941
2321 20572
2322 136727
2323 145667
2324 124266
2325 146324
2326 52459
2327 146558
2328 108987
2329 145969
2330 99922
2331 68497
2332 147952
2333 106939
2334 145600
2335 141475
2336 144734
2337 148558
2338 138746
2339 151176
2340 148827
2341 113464
2342 139540
2343 149169
2344 123261
2345 110166
2346 82339
2347 147472
2348 148461
2349 121554
2350 34991
2351 142085
2352 101226
2353 123649
2354 98437
2355 140084
2356 137980
2357 149533
2358 133131
2359 149663
2360 152441
2361 72314
2362 149839
2363 64360
2364 27136
2365 153255
2366 146999
2367 96435
2368 154596
2369 148229
2370 154645
2371 154026
2372 132272
2373 12014
2374 50696
2375 139130
2376 113443
2377 155715
2378 126415
2379 156637
2380 96416
2381 65074
2382 157014
2383 156882
2384 130541
2385 22717
2386 157877
2387 24470
2388 45708
2389 159099
2390 143755
2391 57649
2392 156748
2393 28299
2394 38675
2395 156023
2396 4846
2397 96749
2398 127931
2399 115645
2400 59154
2401 160622
2402 159486
2403 116382
2404 155638
2405 159391
2406 85515
2407 96218
2408 85785
2409 149259
2410 163236
2411 156710
2412 825
2413 164877
2414 156895
2415 63383
2416 84086
2417 83380
2418 140905
2419 157625
2420 165236
2421 163247
2422 20114
2423 160976
2424 165348
2425 158666
2426 57670
2427 133418
2428 98513
2429 135807
2430 165150
2431 166321
2432 130269
2433 111476
2434 166432
2435 103983
2436 167139
2437 154072
2438 65802
2439 167636
2440 167648
2441 103631
2442 167702
2443 166032
2444 106990
2445 119010
2446 120609
2447 130499
2448 74720
2449 74105
2450 121574
2451 16617
2452 147310
2453 162964
2454 73478
2455 168332
2456 155490
2457 137359
2458 164879
2459 95184
2460 40681
2461 127780
2462 170549
2463 148599
2464 37297
2465 68712
2466 43919
2467 130301
2468 227500
2469 126441
2470 148184
2471 101892
2472 114241
2473 71341
2474 134823
2475 146039
2476 163255
2477 116526
2478 22916
2479 108554
2480 154563
2481 44080
2482 174725
2483 174190
2484 8790
2485 174847
2486 48841
2487 101243
2488 123921
2489 63776
2490 128412
2491 176834
2492 2073
2493 118578
2494 145688
2495 172139
2496 40292
2497 2617
2498 47373
2499 170640
2500 177297
2501 56119
2502 143214
2503 178081
2504 157405
2505 70245
2506 154816
2507 177136
2508 179281
2509 127364
2510 89004
2511 179737
2512 140996
2513 179366
2514 155733
2515 180385
2516 29933
2517 178489
2518 162611
2519 152711
2520 78761
2521 175150
2522 7542
2523 181964
2524 181037
2525 111712
2526 181875
2527 25851
2528 179462
2529 3170
2530 137202
2531 182946
2532 177855
2533 126714
2534 148854
2535 185678
2536 157704
2537 139202
2538 167500
2539 9525
2540 186456
2541 178462
2542 183700
2543 71292
2544 182329
2545 170832
2546 150025
2547 173560
2548 159953
2549 179105
2550 70633
2551 137176
2552 187582
2553 164729
2554 76263
2555 10336
2556 5638
2557 44301
2558 71122
2559 52290
2560 184523
2561 189477
2562 118984
2563 191733
2564 182025
2565 171780
2566 191089
2567 170552
2568 5922
2569 132371
2570 185893
2571 9192
2572 189728
2573 150237
2574 80649
2575 182129
2576 105719
2577 110744
2578 117820
2579 146870
2580 192873
2581 49126
2582 190194
2583 32045
2584 576
2585 137908
2586 106977
2587 12727
2588 140404
2589 195613
2590 193317
2591 186128
2592 195585
2593 195713
2594 197146
2595 183212
2596 194291
2597 167242
2598 179151
2599 123208
2600 59863
2601 94409
2602 198144
2603 198170
2604 70392
2605 173904
2606 195469
2607 186017
2608 199312
2609 199330
2610 176400
2611 192212
2612 199957
2613 196890
2614 140679
2615 200299
2616 31784
2617 63698
2618 183889
2619 201926
2620 200265
2621 126674
2622 157187
2623 102550
2624 193221
2625 198003
2626 58900
2627 156405
2628 143774
2629 199893
2630 202920
2631 105169
2632 127159
2633 165935
2634 139605
2635 203972
2636 151083
2637 170472
2638 110719
2639 194999
2640 198847
2641 21009
2642 89784
2643 177734
2644 204834
2645 204101
2646 174766
2647 101270
2648 72459
2649 206183
2650 105078
2651 204028
2652 206564
2653 206559
2654 200019
2655 206601
2656 206761
2657 201856
2658 202225
2659 207031
2660 189604
2661 207010
2662 205052
2663 42937
2664 192515
2665 207558
2666 135935
2667 175400
2668 97960
2669 207856
2670 207767
2671 199904
2672 208103
2673 208136
2674 95114
2675 138491
2676 206083
2677 186304
2678 10909
2679 208465
2680 67614
2681 199552
2682 197798
2683 205738
2684 83591
2685 41122
2686 209706
2687 20455
2688 45944
2689 208654
2690 139020
2691 70701
2692 110708
2693 206691
2694 152752
2695 172874
2696 26275
2697 199630
2698 211169
2699 77505
2700 209383
2701 198194
2702 194331
2703 157908
2704 113773
2705 212282
2706 210181
2707 212603
2708 86431
2709 212686
2710 130929
2711 12226
2712 211783
2713 211759
2714 71429
2715 1619
2716 70897
2717 48881
2718 160136
2719 29541
2720 212160
2721 110443
2722 214004
2723 211935
2724 215028
2725 201924
2726 215047
2727 215078
2728 215084
2729 28646
2730 150162
2731 4016
2732 183259
2733 178306
2734 215710
2735 215946
2736 11645
2737 216137
2738 11632
2739 183885
2740 217295
2741 47261
2742 195443
2743 194757
2744 145846
2745 50761
2746 178206
2747 207381
2748 98414
2749 174972
2750 56599
2751 198185
2752 19980
2753 219043
2754 27542
2755 219080
2756 186579
2757 218567
2758 208245
2759 184314
2760 179226
2761 219916
2762 162407
2763 190012
2764 220873
2765 217542
2766 219954
2767 153306
2768 202379
2769 126646
2770 218502
2771 129338
2772 137661
2773 222205
2774 222225
2775 60683
2776 221798
2777 16713
2778 189760
2779 223411
2780 161132
2781 221664
2782 184540
2783 148491
2784 134692
2785 93054
2786 224072
2787 45664
2788 218864
2789 153826
2790 224540
2791 217875
2792 221190
2793 181243
2794 204843
2795 201807
2796 4932
2797 144747
2798 222902
2799 131812
2800 201709
2801 95503
2802 173255
2803 222840
2804 226787
2805 214639
2806 152660
2807 70333
2808 227035
2809 66167
2810 226357
2811 214256
2812 35615
2813 36793
2814 124232
2815 187065
2816 227992
2817 228043
2818 186874
2819 146310
2820 228539
2821 178266
2822 204458
2823 41704
2824 63797
2825 227860
2826 215742
2827 86981
2828 230503
2829 198073
2830 142582
2831 222493
2832 218022
2833 46853
2834 195504
2835 204563
2836 230937
2837 178649
2838 156675
2839 132433
2840 151073
2841 228543
2842 27045
2843 230132
2844 231137
2845 233959
2846 202336
2847 97690
2848 81273
2849 198833
2850 208017
2851 569
2852 86222
2853 226214
2854 233739
2855 206413
2856 202416
2857 75916
2858 142578
2859 205969
2860 233931
2861 62297
2862 234549
2863 231959
2864 233597
2865 234732
2866 65373
2867 221111
2868 137269
2869 55770
2870 198811
2871 235262
2872 235183
2873 198212
2874 196314
2875 196171
2876 197129
2877 234182
2878 105620
2879 40020
2880 171547
2881 236795
2882 92665
2883 34193
2884 224659
2885 194558
2886 37286
2887 133767
2888 64865
2889 173434
2890 230281
2891 238965
2892 72219
2893 211658
2894 239095
2895 139287
2896 193094
2897 25462
2898 205997
2899 233837
2900 226117
2901 238680
2902 93715
2903 139376
2904 123334
2905 242949
2906 98041
2907 90152
2908 244090
2909 35699
2910 73635
2911 244158
2912 242930
2913 244116
2914 238956
2915 89996
2916 225661
2917 235874
2918 244858
2919 204534
2920 133373
2921 245141
2922 245529
2923 245574
2924 47309
2925 245941
2926 165965
2927 233666
2928 160509
2929 239484
2930 243287
2931 160278
2932 248238
2933 196140
2934 71434
2935 135372
2936 141147
2937 214791
