ExpertID   TeamID    QuestionIDwithBestAnswer    Score 
17476 4074 3289 21.0
17477 412 46 363.0
17480 1044 209 43.0
17481 66 4692 23.0
17482 62 1 9.0
17483 68 2 30.0
17484 68 2 13.0
17485 68 2 4.0
17486 68 2 29.0
17487 68 2 310.0
17488 68 2 96.0
17489 1883 914 55.0
17490 230 210 12.0
17491 4599 4371 79.0
17495 236 111 37.0
17496 1424 371 258.0
17497 235 3 7.0
17498 273 4 23.0
17479 518 118 75.0
17502 61 5 6.0
17501 680 26 83.0
17503 17 586 6.0
17504 284 6 41.0
17505 314 3841 211.0
17506 323 150 20.0
17493 319 7 5.0
17507 335 44 46.0
17508 340 871 28.0
17471 0 4850 22.0
17509 680 26 170.0
17510 380 554 42.0
17511 381 10 12.0
17512 1888 1142 20.0
17514 449 11 12.0
17515 449 11 11.0
17516 283 12 19.0
17517 450 79 12.0
17478 281 13 30.0
17513 1313 200 173.0
17518 458 2161 217.0
17519 975 73 47.0
17520 1313 200 29.0
17521 515 157 10.0
17522 56 17 6.0
17523 838 4559 44.0
17472 8 147 114.0
17524 528 1659 18.0
17525 1890 1066 33.0
17526 541 697 157.0
17528 917 71 186.0
17529 3412 2279 48.0
17530 664 318 22.0
17531 918 77 56.0
17532 667 23 17.0
17533 672 617 38.0
17535 4533 4169 12.0
17536 680 26 29.0
17537 680 26 119.0
17538 680 26 11.0
17539 4604 4383 13.0
17540 680 26 4.0
17541 917 71 51.0
17542 1311 130 23.0
17543 728 3345 54.0
17544 1293 4833 32.0
17545 412 46 70.0
17546 670 33 4.0
17547 751 34 19.0
17548 4200 3575 59.0
17549 410 35 11.0
17550 410 35 4.0
17551 410 35 15.0
17552 410 35 9.0
17553 798 1568 64.0
17554 410 35 5.0
17555 410 35 6.0
17556 410 35 47.0
17557 247 54 15.0
17558 58 37 4.0
17559 332 39 5.0
17560 811 814 32.0
17561 391 41 14.0
17562 813 42 13.0
17563 814 93 5.0
17564 813 42 13.0
17565 813 42 4.0
17566 813 42 7.0
17567 411 45 9.0
17568 412 46 9.0
17569 820 3011 68.0
17570 412 46 5.0
17571 23 1114 11.0
17572 412 46 5.0
17573 65 188 69.0
17527 237 4671 22.0
17576 641 50 20.0
17580 841 51 5.0
17581 841 51 19.0
17582 286 53 9.0
17583 1423 605 12.0
17584 787 55 4.0
17585 852 364 39.0
17586 872 904 54.0
17587 325 60 5.0
17588 342 66 13.0
17589 1027 83 30.0
17590 840 67 5.0
17591 917 71 12.0
17592 919 72 37.0
17593 917 71 271.0
17594 925 194 58.0
17595 1451 4529 46.0
17596 956 312 50.0
17597 917 71 8.0
17598 2498 2492 7.0
17599 917 71 4.0
17600 3998 3156 75.0
17601 919 72 18.0
17602 649 127 21.0
17603 975 73 12.0
17604 980 76 19.0
17605 975 73 13.0
17606 8 147 126.0
17607 1068 536 94.0
17608 918 77 35.0
17609 1114 238 20.0
17577 252 106 14.0
17610 334 81 6.0
17611 3216 2098 15.0
17612 334 81 5.0
17613 1120 156 14.0
17614 1124 86 23.0
17615 2871 1629 19.0
17616 644 87 5.0
17534 676 639 71.0
17617 348 88 29.0
17618 974 89 4.0
17619 648 90 7.0
17620 1130 91 15.0
17621 366 167 12.0
17622 1147 1151 39.0
17499 274 135 32.0
17623 1150 102 7.0
17624 833 103 5.0
17625 322 104 7.0
17626 1151 4739 25.0
17627 355 107 4.0
17628 1201 3001 203.0
17629 326 109 4.0
17632 236 111 8.0
17633 646 112 4.0
17634 1211 113 7.0
17635 351 114 6.0
17636 1231 1057 80.0
17637 1270 4839 378.0
17638 249 117 19.0
17639 643 119 4.0
17640 338 120 8.0
17641 1293 4833 49.0
17642 329 121 7.0
17630 372 272 12.0
17644 1304 1750 84.0
17645 649 127 44.0
17646 1309 129 53.0
17647 1311 130 116.0
17648 1311 130 10.0
17649 1914 3508 16.0
17650 571 270 54.0
17643 255 4481 40.0
17651 277 134 14.0
17652 274 135 9.0
17653 370 136 11.0
17654 349 137 23.0
17655 982 142 11.0
17656 1319 143 93.0
17657 1319 143 125.0
17658 1319 143 16.0
17659 1332 581 59.0
17660 1916 4457 104.0
17661 1319 143 7.0
17663 1316 144 7.0
17664 419 145 4.0
17665 8 147 4.0
17666 1351 148 6.0
17667 1352 162 29.0
17668 256 1196 32.0
17669 1394 3829 167.0
17670 347 152 4.0
17671 810 153 5.0
17672 339 154 4.0
17673 1054 159 6.0
17674 1401 859 14.0
17675 1352 162 4.0
17676 920 249 21.0
17677 1405 535 37.0
17678 257 363 15.0
17575 106 189 24.0
17679 1413 179 8.0
17680 1424 371 74.0
17681 83 180 6.0
17682 83 180 9.0
17683 571 270 30.0
17684 1418 182 14.0
17685 279 1545 23.0
17494 541 697 21.0
17686 86 184 5.0
17687 1687 494 48.0
17688 1421 187 27.0
17689 1421 187 4.0
17690 1423 605 22.0
17691 1437 1947 52.0
17692 1443 741 45.0
17693 139 192 6.0
17695 1447 3547 33.0
17500 760 335 21.0
17696 1451 4529 12.0
17697 569 197 4.0
17698 3949 3144 23.0
17699 142 199 4.0
17700 1313 200 7.0
17701 1313 200 17.0
17702 1218 748 10.0
17706 1474 1637 79.0
17707 983 556 33.0
17708 259 214 5.0
17709 539 234 20.0
17710 148 223 8.0
17711 681 227 97.0
17712 2258 4562 42.0
17713 1499 437 56.0
17714 239 294 6.0
17715 1505 4537 21.0
17716 1505 4537 13.0
17717 1504 235 22.0
17719 4209 3549 63.0
17720 152 241 73.0
17721 4112 4835 10.0
17722 153 396 16.0
17723 541 697 26.0
17724 1509 275 23.0
17725 154 258 26.0
17726 1417 261 7.0
17727 1417 261 4.0
17728 1510 265 10.0
17729 1510 265 5.0
17730 1511 266 10.0
17662 1349 1934 39.0
17731 155 286 8.0
17732 571 270 49.0
17733 571 270 39.0
17734 571 270 25.0
17735 571 270 25.0
17736 571 270 212.0
17737 571 270 36.0
17738 571 270 23.0
17739 571 270 740.0
17740 571 270 15.0
17741 571 270 4.0
17742 571 270 11.0
17743 571 270 7.0
17744 372 272 6.0
17745 669 273 4.0
17746 943 277 6.0
17747 2224 1045 17.0
17748 278 281 12.0
17749 1523 283 11.0
17750 239 294 38.0
17751 1523 283 5.0
17752 1524 293 27.0
17753 1524 293 4.0
17754 1524 293 4.0
17755 426 4743 13.0
17756 1524 293 9.0
17757 1524 293 12.0
17758 1524 293 12.0
17759 872 904 5.0
17760 3196 2081 23.0
17762 102 365 25.0
17763 239 294 6.0
17764 1535 296 15.0
17765 3234 4771 105.0
17766 157 297 13.0
17718 1408 4428 6.0
17767 1142 302 7.0
17768 1142 302 5.0
17769 1142 302 5.0
17770 1142 302 13.0
17771 1061 305 8.0
17773 159 307 4.0
17774 944 308 17.0
17775 664 318 21.0
17776 160 311 4.0
17777 3043 4046 44.0
17778 374 343 59.0
17779 945 320 21.0
17780 1546 321 4.0
17781 1063 324 8.0
17782 1553 851 9.0
17783 1576 3848 154.0
17784 3974 3458 20.0
17785 1583 414 8.0
17786 1585 334 4.0
17787 1587 336 9.0
17788 1587 336 5.0
17789 1544 337 5.0
17790 1588 360 7.0
17791 2872 1735 67.0
17792 1595 341 4.0
17793 374 343 10.0
17794 374 343 8.0
17795 2451 1217 52.0
17796 3389 2243 11.0
17797 163 346 7.0
17798 1584 348 4.0
17799 1056 351 22.0
17800 1363 355 8.0
17801 1588 360 5.0
17802 1369 361 7.0
17803 102 365 7.0
17804 1082 790 120.0
17805 1424 371 60.0
17806 1424 371 7.0
17807 1424 371 13.0
17808 1424 371 11.0
17809 1424 371 8.0
17810 1424 371 7.0
17811 1424 371 23.0
17812 1873 662 71.0
17813 1221 1124 50.0
17814 1611 4261 17.0
17815 1613 549 41.0
17816 1624 381 4.0
17817 4548 4161 12.0
17818 576 386 6.0
17819 1627 818 26.0
17820 1632 391 11.0
17821 167 397 5.0
17822 1067 398 7.0
17823 1687 494 153.0
17824 1143 403 21.0
17825 1633 1616 9.0
17826 673 407 4.0
17827 1634 408 13.0
17828 1635 558 32.0
17704 1838 1000 13.0
17829 168 417 13.0
17830 540 420 11.0
17831 1636 421 22.0
17832 947 424 5.0
17833 523 425 6.0
17834 1638 427 10.0
17835 1290 431 7.0
17836 1639 4812 22.0
17837 1640 436 8.0
17838 1640 436 10.0
17839 1499 437 25.0
17840 1840 3710 32.0
17841 1648 438 16.0
17842 1651 501 8.0
17844 1653 445 53.0
17846 170 446 14.0
17847 1658 449 16.0
17848 1658 449 4.0
17849 1325 451 4.0
17850 171 452 7.0
17851 2695 1485 12.0
17852 1141 455 4.0
17853 376 456 6.0
17854 1663 457 7.0
17855 1664 463 9.0
17856 1649 467 4.0
17857 1329 473 6.0
17858 1665 474 4.0
17859 1666 479 9.0
17860 4374 3891 14.0
17861 1667 484 4.0
17862 1667 484 7.0
17863 2542 1200 25.0
17631 1405 535 26.0
17864 3225 2786 17.0
17865 1534 488 9.0
17866 1409 489 4.0
17867 1682 490 10.0
17868 1682 490 6.0
17869 1682 490 10.0
17870 1682 490 7.0
17871 1684 491 8.0
17872 2703 1363 41.0
17873 1687 494 26.0
17874 1690 495 15.0
17875 1770 4877 13.0
17876 173 629 12.0
17877 1651 501 4.0
17878 1693 502 17.0
17879 1366 506 4.0
17880 1697 508 9.0
17881 1697 508 4.0
17882 1601 1148 22.0
17884 1699 519 9.0
17885 1699 519 7.0
17886 652 522 8.0
17845 363 524 11.0
17887 1530 544 6.0
17888 1701 530 17.0
17889 1701 530 6.0
17890 1701 530 5.0
17891 1703 570 14.0
17892 379 533 6.0
17893 1704 534 4.0
17894 1068 536 4.0
17895 1068 536 51.0
17883 993 539 7.0
17896 1331 540 5.0
17897 1705 541 7.0
17898 1372 545 6.0
17899 2259 850 17.0
17900 1709 548 8.0
17901 533 550 6.0
17902 957 553 10.0
17903 957 553 4.0
17904 380 554 8.0
17905 579 557 23.0
17906 1635 558 45.0
17907 1733 2080 100.0
17908 1739 698 27.0
17909 1744 826 16.0
17910 289 564 25.0
17911 289 564 10.0
17912 1754 1449 31.0
17913 285 565 4.0
17914 35 566 14.0
17915 394 568 5.0
17916 1756 582 8.0
17917 1698 572 16.0
17918 1758 573 4.0
17919 1767 1404 67.0
17922 1778 584 14.0
17923 1779 710 25.0
17924 1778 584 4.0
17925 1657 1514 11.0
17926 17 586 12.0
17928 1520 590 11.0
17929 1520 590 7.0
17930 1420 592 6.0
17931 1652 600 6.0
17932 2424 4654 38.0
17933 1789 603 18.0
17934 1789 603 13.0
17935 38 606 4.0
17936 1791 611 8.0
17937 1791 611 6.0
17938 3933 3086 86.0
17939 1805 4788 24.0
17940 1809 1333 41.0
17941 1808 613 6.0
17942 1817 657 36.0
17943 1816 614 7.0
17944 1823 615 6.0
17945 4356 4135 14.0
17946 1825 616 4.0
17947 1826 622 23.0
17948 1751 1387 8.0
17949 177 626 4.0
17950 1827 627 13.0
17772 1539 1357 12.0
17951 173 629 6.0
17952 1377 633 12.0
17953 1828 634 5.0
17954 1936 1055 17.0
17955 1713 635 4.0
17956 1713 635 4.0
17957 1830 636 5.0
17958 178 637 12.0
17959 676 639 14.0
17960 2409 1448 62.0
17961 676 639 7.0
17962 1867 640 39.0
17963 1869 780 30.0
17964 1868 642 7.0
17965 2126 712 16.0
17966 1871 709 49.0
17968 1872 647 4.0
17969 403 649 13.0
17970 1378 652 6.0
17971 1873 662 20.0
17972 1875 654 13.0
17973 1875 654 9.0
17974 1875 654 6.0
17975 1671 655 5.0
17976 1817 657 13.0
17977 1878 1210 9.0
17978 1896 2309 413.0
17979 1076 1292 7.0
17980 2080 1218 8.0
17981 2082 666 4.0
17982 2082 666 4.0
17983 1443 741 11.0
17984 1457 671 4.0
17985 1940 672 17.0
17986 2260 837 31.0
17987 2096 678 4.0
17988 1819 691 4.0
17989 2097 692 6.0
17990 44 694 13.0
17991 2104 3040 74.0
17992 541 697 6.0
17993 541 697 14.0
17994 1739 698 6.0
17995 1576 3848 33.0
17996 1118 702 4.0
17997 2138 706 14.0
17998 2127 705 10.0
17999 2127 705 7.0
18000 3943 3091 49.0
18001 2138 706 23.0
18002 2139 708 6.0
18003 1871 709 35.0
18004 1779 710 4.0
18005 1592 711 10.0
18006 2126 712 12.0
18007 1486 713 7.0
18008 2825 1548 40.0
18009 2115 1512 28.0
18010 2155 719 79.0
18011 2155 719 6.0
18012 2166 1955 76.0
18013 2169 729 4.0
18014 2169 729 5.0
18015 1116 730 6.0
18016 2171 1889 81.0
18018 2386 1032 7.0
18019 1784 732 4.0
18020 1784 732 4.0
18021 2173 740 16.0
18022 4587 4309 21.0
18023 2177 1025 33.0
18024 1443 741 5.0
18025 1335 742 5.0
18026 2179 746 6.0
18027 2179 746 4.0
18028 2180 1257 7.0
18029 2181 758 10.0
18030 2183 749 9.0
18031 2112 750 7.0
18032 1948 786 14.0
18033 2186 1837 28.0
18034 1145 754 4.0
18036 2197 2182 56.0
18037 1497 759 5.0
18038 1340 764 12.0
18039 1604 766 13.0
18040 1950 769 11.0
18041 2144 770 15.0
18042 4455 4132 107.0
18043 1382 774 10.0
18044 3311 2119 225.0
18045 2215 777 5.0
18046 2215 777 7.0
18047 437 778 5.0
18048 1869 780 32.0
18050 1081 784 9.0
18051 1948 786 8.0
18052 1948 786 7.0
18053 1662 1244 12.0
18055 1082 790 16.0
18056 2221 918 18.0
18054 2217 791 5.0
18057 2223 965 17.0
18058 2228 4774 91.0
18059 1247 798 7.0
18060 1540 799 7.0
18061 2004 2033 9.0
18062 4347 3874 43.0
18063 2230 801 12.0
18064 589 1327 9.0
18065 3019 2300 79.0
18066 2263 4652 10.0
18067 2248 812 29.0
18068 2247 810 13.0
18069 2252 811 15.0
18070 2252 811 17.0
18071 2254 813 6.0
18072 2284 847 18.0
18073 811 814 6.0
18074 811 814 4.0
18075 2268 815 4.0
18077 2269 817 7.0
18078 2269 817 4.0
18079 2250 819 8.0
18080 1631 821 7.0
18081 2270 823 5.0
18082 2271 866 19.0
18084 2277 833 44.0
18085 2280 832 5.0
18086 2277 833 12.0
18083 423 931 20.0
18087 2266 840 5.0
17967 2958 2006 455.0
18089 2284 847 18.0
18090 2284 847 4.0
18091 2284 847 6.0
17921 181 1391 80.0
18092 1553 851 8.0
18093 1088 1600 14.0
18088 2282 854 11.0
18094 2290 971 36.0
18095 2267 861 5.0
18096 1083 863 7.0
18097 2287 864 5.0
18098 1564 3331 66.0
18099 4468 4768 19.0
18100 881 1455 26.0
18101 2298 873 10.0
18103 2300 874 19.0
18104 2300 874 5.0
18105 746 877 6.0
18106 2301 879 5.0
18107 2302 880 66.0
18108 2302 880 35.0
18109 2302 880 7.0
17920 1770 4877 28.0
18110 1771 881 17.0
18111 1228 4459 24.0
18112 2305 2773 47.0
18113 186 890 5.0
18114 858 891 5.0
18115 858 891 5.0
18116 858 891 7.0
18117 2307 892 5.0
18118 2308 894 15.0
17705 2325 4772 25.0
18119 2309 898 10.0
18120 47 899 7.0
18121 2310 905 14.0
18122 2311 906 11.0
18123 2314 908 11.0
18124 3175 2132 116.0
18125 1229 910 17.0
18126 1229 910 4.0
18127 590 912 4.0
18128 2323 913 4.0
18129 439 916 24.0
18130 836 917 14.0
18131 2324 919 6.0
18133 431 920 21.0
18134 2777 2459 12.0
18135 2327 922 41.0
18136 2327 922 20.0
18143 2333 981 7.0
18144 2335 928 4.0
18145 1231 1057 16.0
18146 2339 2777 36.0
18147 2340 932 14.0
18148 2340 932 8.0
18149 266 935 10.0
18151 2342 939 4.0
18152 2343 940 14.0
18153 1959 942 4.0
18154 1960 944 4.0
18155 1895 1676 15.0
18156 2346 947 5.0
18157 1962 950 12.0
18159 1688 955 8.0
18160 1963 959 9.0
18161 2350 4489 14.0
18162 2353 966 8.0
18163 684 3126 11.0
18164 1301 1234 27.0
18165 2362 2067 18.0
18166 1609 976 6.0
18167 1605 979 7.0
18168 1085 980 8.0
18169 1085 980 13.0
18170 2369 1040 16.0
18171 2372 984 5.0
18172 2373 985 4.0
18173 2368 988 9.0
18174 3175 2132 12.0
17474 29 991 16.0
18175 29 991 5.0
18177 2375 1002 4.0
18178 2375 1002 6.0
18179 1847 1003 17.0
18180 1383 1005 4.0
18181 1788 1006 6.0
18182 4308 4091 16.0
18183 1518 1620 18.0
18184 2379 1013 5.0
18185 2379 1013 5.0
18186 2313 1015 35.0
18187 2313 1015 10.0
18188 2380 1018 5.0
18190 821 1019 8.0
18191 821 1019 11.0
18192 2382 1020 8.0
18193 2086 1023 9.0
18194 2177 1025 6.0
18195 2385 1030 10.0
18196 2386 1032 4.0
18197 1968 1260 10.0
18198 2388 1038 27.0
18199 2226 1039 15.0
18200 2369 1040 7.0
18201 4303 4077 91.0
18202 1521 1046 4.0
18203 22 1049 26.0
18204 22 1049 4.0
18205 22 1049 4.0
18206 2398 1050 4.0
18207 50 1051 6.0
18208 50 1051 15.0
18209 50 1051 4.0
18210 2399 1052 54.0
18211 2399 1052 11.0
18212 1231 1057 14.0
18213 1231 1057 28.0
18214 1231 1057 21.0
18215 1231 1057 6.0
18216 1231 1057 6.0
18217 1969 1059 6.0
18218 2902 1650 14.0
18219 593 1062 7.0
18220 2405 1965 19.0
18221 2407 4809 12.0
18222 2403 1064 19.0
18223 2403 1064 5.0
18224 1087 1336 9.0
18225 1890 1066 4.0
18226 2389 1067 9.0
18227 2408 1068 19.0
18228 2408 1068 16.0
18229 2412 1365 8.0
18230 2413 1071 19.0
18231 2413 1071 4.0
18232 3581 3563 14.0
18233 2417 1074 24.0
18234 2421 1995 47.0
18235 2422 1076 57.0
18236 2613 1321 27.0
18237 2431 2483 41.0
18238 2419 1077 4.0
18239 2419 1077 4.0
18240 189 1080 4.0
18241 189 1080 8.0
18242 1973 4723 9.0
18243 2514 1162 17.0
18244 2434 1082 4.0
18245 774 1084 4.0
18246 267 1087 6.0
18247 883 1089 7.0
18248 594 1090 4.0
18035 2191 1091 10.0
18249 999 1473 28.0
18250 595 1093 4.0
18251 1371 1094 10.0
18252 1371 1094 4.0
18253 879 1096 4.0
18254 2440 1098 16.0
18255 2440 1098 4.0
18256 2441 1100 22.0
18257 2442 1998 47.0
18258 1216 1106 6.0
18259 1232 1109 6.0
18260 1232 1109 4.0
18261 2443 1121 16.0
18262 1849 1112 5.0
18263 885 1113 6.0
18265 1341 1115 4.0
18266 51 1117 5.0
18137 2330 3507 21.0
18267 2328 1118 6.0
18268 2451 1217 25.0
18269 1907 1120 4.0
18270 2464 1737 110.0
18272 2475 4446 13.0
18273 2533 4638 5.0
18274 2476 1123 9.0
18275 2476 1123 5.0
18276 1221 1124 16.0
18279 2479 1129 28.0
18280 2479 1129 4.0
18281 2479 1129 6.0
18282 4346 4262 64.0
18283 2480 1131 4.0
18284 2195 1132 10.0
18285 1219 1134 4.0
18286 1679 3350 13.0
18277 2477 1137 6.0
18288 1976 1138 16.0
18289 1976 1138 8.0
18290 2481 1141 4.0
18291 596 1147 8.0
18292 1601 1148 13.0
18264 2444 1176 16.0
18293 2447 1149 7.0
18294 2488 2105 34.0
18295 1147 1151 14.0
18296 1147 1151 9.0
18297 2492 1152 6.0
18298 1386 1310 13.0
18299 2494 1154 6.0
18300 2496 1156 4.0
18301 2765 1722 25.0
18302 2510 1159 5.0
18303 2515 1207 8.0
18304 2521 2446 29.0
18305 2525 1164 5.0
18306 137 1165 8.0
18307 2526 1167 5.0
18308 2527 1168 4.0
18309 597 4203 94.0
18310 1251 1171 5.0
18311 2539 1173 6.0
18312 1977 1175 5.0
18313 1978 1184 4.0
18314 547 1185 6.0
18315 2540 1186 5.0
18316 2152 1191 7.0
18317 1090 1192 11.0
18318 458 2161 12.0
18320 256 1196 7.0
18321 256 1196 5.0
18322 2541 2325 37.0
18323 2542 1200 23.0
18324 2542 1200 144.0
18325 2542 1200 5.0
18326 2542 1200 27.0
17475 13 4160 22.0
18327 2487 1203 11.0
18328 2515 1207 10.0
18329 1878 1210 11.0
18330 2682 1348 23.0
18331 2370 1530 34.0
18332 2547 1213 8.0
18333 1783 1214 7.0
18334 2549 1681 94.0
18335 1035 1222 5.0
18336 2562 1226 19.0
18337 1387 1228 17.0
18338 1387 1228 6.0
18339 192 1231 6.0
18341 2563 1236 7.0
18342 1641 1238 11.0
18343 2565 1239 14.0
18344 2566 1240 7.0
18345 2567 1242 6.0
18346 2459 2679 19.0
18347 1752 1283 42.0
18348 4542 4333 11.0
18349 1813 1248 36.0
18350 2574 1272 10.0
18351 2227 1253 8.0
18352 2180 1257 10.0
18353 1461 1258 10.0
18354 1767 1404 11.0
18355 3554 2577 18.0
18356 2577 1277 11.0
18357 2576 1262 8.0
18358 2578 1267 10.0
18359 2586 2101 75.0
18360 630 2950 43.0
18361 2589 1271 4.0
18362 193 1274 5.0
18363 1689 1278 10.0
18364 2577 1277 8.0
18365 2592 1279 6.0
18366 1606 1280 4.0
18367 2593 1281 9.0
18368 887 1282 4.0
18369 819 1284 5.0
18370 2558 1303 91.0
18371 1814 1287 11.0
18372 1427 1288 9.0
18373 1253 1313 10.0
18374 599 1293 5.0
18375 2021 2159 11.0
18376 2425 1298 14.0
18377 1983 1301 6.0
18378 2633 1306 7.0
18379 2635 2227 22.0
18380 1304 1750 7.0
18381 2637 1304 17.0
18382 441 1305 10.0
18383 4152 3652 33.0
18384 1637 1381 39.0
18385 2646 1307 7.0
18386 2650 1445 13.0
18387 2676 4733 59.0
18388 2634 1309 5.0
18389 1386 1310 10.0
18390 3122 1840 14.0
18391 2747 1506 15.0
18392 2654 1316 4.0
18393 891 1318 8.0
18394 2662 1567 39.0
18395 2669 3412 132.0
18396 2613 1321 5.0
18397 2672 1324 10.0
18398 2672 1324 7.0
18399 2673 1329 5.0
18400 2674 3242 104.0
18401 1753 1332 15.0
18402 1753 1332 4.0
18403 1809 1333 4.0
18405 2559 1335 4.0
18406 1985 1337 4.0
18407 2754 1434 52.0
18408 2677 1338 8.0
18409 2707 1370 32.0
18410 824 1341 4.0
18411 795 1342 23.0
18412 2679 1343 4.0
18413 2682 1348 21.0
18414 2683 1349 14.0
18415 2683 1349 47.0
18416 3143 4764 121.0
18417 2688 1354 9.0
18418 386 1355 11.0
18419 2691 1358 6.0
18420 2691 1358 6.0
18421 2993 1714 81.0
18422 3088 4038 21.0
18423 473 2331 8.0
18424 2703 1363 31.0
18425 2704 4640 8.0
18426 2412 1365 5.0
18427 2707 1370 4.0
18428 2707 1370 24.0
18429 1986 1371 23.0
18430 1986 1371 13.0
18431 2967 1677 16.0
18432 268 1633 6.0
18433 1989 1375 6.0
18435 2715 1426 31.0
18436 3176 2094 14.0
18437 2717 1383 6.0
18438 2702 1384 26.0
18439 2719 1385 11.0
18440 1852 1386 6.0
18441 2720 1390 8.0
18442 1876 1392 9.0
18434 442 4630 11.0
18443 196 1396 9.0
18444 2721 1399 4.0
18445 2722 1400 4.0
18446 2722 1400 12.0
18447 2724 1425 6.0
18448 2791 1478 68.0
18449 1767 1404 5.0
18450 387 1405 7.0
18451 2582 1441 9.0
18452 198 1410 8.0
18453 198 1410 4.0
18454 2725 1411 5.0
18455 2726 1412 5.0
18456 2727 1413 9.0
18457 2716 1416 5.0
18458 199 1417 22.0
18459 2764 1447 14.0
18460 2817 1528 13.0
18461 2732 4878 61.0
18462 2432 1420 4.0
18463 2378 2642 33.0
18464 2739 4903 28.0
18465 2724 1425 5.0
18466 2620 1427 11.0
18467 776 1428 4.0
18468 2750 1431 8.0
18469 2752 2452 11.0
18470 2754 1434 11.0
18471 2754 1434 5.0
18472 2755 1467 6.0
18473 2756 1435 5.0
18319 886 1439 23.0
18474 2758 1440 9.0
18475 2101 1442 5.0
18476 2759 1443 4.0
18477 2765 1722 172.0
18478 1754 1449 4.0
18479 1754 1449 10.0
18480 2573 4403 15.0
18481 2770 1463 16.0
18482 2773 3066 12.0
18483 1471 1458 5.0
18484 3619 2729 145.0
18486 1134 1465 7.0
18489 2622 1472 20.0
18490 603 1474 10.0
18491 202 1475 5.0
18492 2784 2781 38.0
18494 2791 1478 56.0
18488 2791 1478 14.0
18495 4435 3972 13.0
18496 2793 1480 14.0
18497 2794 4539 31.0
18498 2793 1480 6.0
18499 2102 1482 6.0
18500 604 1483 5.0
18501 2801 1487 4.0
18502 2801 1487 15.0
18503 4336 3853 15.0
18504 893 1651 12.0
18505 2803 1493 4.0
18506 205 1496 4.0
18509 2664 1503 9.0
18510 2747 1506 4.0
18511 2713 1510 4.0
18512 2115 1512 5.0
18513 2318 1513 5.0
18514 2806 1515 7.0
18515 2806 1515 5.0
18516 2807 1516 4.0
18517 2808 1555 26.0
18518 2099 1522 10.0
18519 2809 2209 29.0
18520 2812 1523 4.0
18521 2815 1559 22.0
18522 1336 1526 4.0
18523 2817 1528 4.0
18524 2823 4083 57.0
18525 2751 1537 4.0
18526 2824 1538 4.0
18527 2825 1548 5.0
18528 2826 1539 5.0
18529 2827 1540 20.0
18530 2827 1540 4.0
18531 2546 1576 15.0
18532 2827 1540 5.0
18533 2832 2844 27.0
18139 2132 3464 27.0
18534 1633 1616 51.0
18535 2837 1547 15.0
18536 2837 1547 17.0
18537 1508 1549 5.0
18538 2838 1815 16.0
18539 2808 1555 4.0
18540 2815 1559 5.0
18541 2841 4703 13.0
18542 2836 1565 25.0
18543 2836 1565 11.0
18544 2836 1565 5.0
18545 2849 2928 23.0
18546 798 1568 5.0
18189 49 4813 5.0
18547 2852 1571 5.0
18548 2712 1572 7.0
18549 2853 1578 6.0
18550 3919 3069 8.0
18552 2856 1585 6.0
18507 2804 1588 4.0
18553 2804 1588 37.0
18554 2393 1589 5.0
18555 2862 1591 8.0
18556 895 1592 5.0
18557 2835 1593 24.0
18558 2624 1595 4.0
18559 2394 1596 5.0
18560 208 1599 4.0
18551 2967 1677 73.0
18561 2863 1605 7.0
18562 1149 1609 4.0
18563 2864 1611 10.0
18564 2865 1612 10.0
18565 896 1617 12.0
18566 4271 4037 17.0
18568 2868 1624 6.0
18569 2869 1627 28.0
18570 2874 1636 13.0
18571 2876 1635 4.0
18572 2876 1635 7.0
18573 1474 1637 4.0
18574 209 1639 5.0
18575 2877 2527 25.0
18576 2878 1642 5.0
18577 2880 1643 5.0
18578 1257 1645 4.0
18579 2890 2681 88.0
18580 2901 1649 4.0
18581 2902 1650 15.0
18582 4174 3478 7.0
18583 1626 1654 5.0
18584 2905 1655 4.0
18585 2905 1655 4.0
18586 2905 1655 5.0
18587 2905 1655 6.0
18588 2906 2630 26.0
18589 2930 3175 187.0
18590 2953 1662 4.0
18591 2765 1722 242.0
18592 2954 1663 5.0
18593 2954 1663 26.0
18596 2956 1665 30.0
18597 2961 1719 77.0
18598 2963 1668 5.0
18599 630 2950 30.0
18600 1389 1729 75.0
18603 2967 1677 14.0
18604 1390 1678 20.0
18605 2969 3545 63.0
18606 2153 1688 10.0
18607 2970 4348 52.0
18608 2972 1691 12.0
18609 2972 1691 9.0
18610 210 3099 36.0
18611 2536 2252 41.0
18612 1348 1698 13.0
18613 2983 1700 5.0
18614 2986 2291 11.0
18615 2989 1704 13.0
18616 2766 1705 13.0
18617 2991 3444 42.0
18618 2992 1709 94.0
18619 1261 1711 5.0
18620 898 1712 8.0
18621 2993 1714 12.0
18622 2993 1714 9.0
18623 1999 1904 70.0
18624 2506 1716 6.0
18625 2961 1719 53.0
18626 2961 1719 6.0
18627 2961 1719 15.0
18628 2961 1719 4.0
18629 2961 1719 6.0
18630 3000 3341 107.0
18632 2765 1722 16.0
18633 2778 2380 16.0
18634 2765 1722 5.0
18635 1988 1724 5.0
18636 1728 3389 47.0
18637 1389 1729 7.0
18638 1389 1729 52.0
18639 1389 1729 4.0
18640 1389 1729 4.0
18641 3008 1736 5.0
18642 2228 4774 20.0
18643 2464 1737 42.0
18644 1762 1739 45.0
18645 3442 4826 11.0
18646 2507 1741 6.0
18647 3011 1743 4.0
18648 2736 2343 80.0
18649 2893 2248 20.0
18650 3035 1747 4.0
18651 2626 1749 6.0
18653 1304 1750 23.0
18654 1304 1750 4.0
18655 1304 1750 15.0
18656 3036 2494 13.0
18595 2955 4574 10.0
18658 3039 1754 7.0
18659 3040 1758 7.0
18660 3040 1758 4.0
18661 3041 4433 9.0
18663 2627 1762 4.0
18664 2463 1765 6.0
18665 2118 1766 4.0
18666 3047 1769 4.0
18667 3053 2395 10.0
18668 584 1771 21.0
18669 3057 2010 40.0
18670 3058 1772 5.0
18671 3066 4907 43.0
18673 3067 1777 4.0
18674 2520 1779 4.0
18675 607 1819 84.0
18676 2767 1784 15.0
18677 2767 1784 9.0
18678 2767 1784 23.0
18679 2767 1784 4.0
18680 4277 4531 27.0
18681 608 3447 40.0
18682 3078 1786 17.0
18683 3079 3471 10.0
18684 3081 1788 5.0
18685 3085 1790 34.0
18686 3085 1790 6.0
18687 1097 1792 23.0
18688 3085 1790 4.0
18689 3085 1790 9.0
18690 3097 2680 10.0
18691 305 4197 13.0
18694 1057 1794 5.0
18695 2371 1796 6.0
18696 2904 1797 5.0
18697 3102 1798 7.0
18698 3102 1798 6.0
18699 3103 1802 9.0
18700 3103 1802 5.0
18701 3104 2269 12.0
18702 3107 1804 5.0
18704 3111 2040 8.0
18705 3113 2653 108.0
18706 3123 1811 13.0
18707 2879 1808 4.0
18708 3247 1978 6.0
18709 1776 1814 9.0
18711 2666 1816 11.0
18712 3124 1817 12.0
18713 3960 4532 12.0
18714 854 1818 7.0
18715 2636 2321 46.0
18716 607 1819 49.0
18717 607 1819 11.0
18718 607 1819 25.0
18719 607 1819 24.0
18720 607 1819 5.0
18721 607 1819 119.0
18722 3339 2962 28.0
18723 3133 1823 4.0
18726 2164 1826 20.0
18727 2164 1826 6.0
18728 2895 2297 7.0
18729 2429 1828 26.0
18730 2429 1828 10.0
18731 3454 4068 29.0
18732 212 1834 5.0
18733 2007 1845 9.0
18734 2497 1836 6.0
18735 3140 1839 7.0
18736 2809 2209 5.0
18737 213 1842 7.0
18738 1089 1843 6.0
18739 3071 1844 11.0
18740 1266 2174 8.0
18741 2167 2065 100.0
18742 2363 1847 12.0
18747 1099 1849 5.0
18748 3144 1850 5.0
18749 2896 1852 4.0
18750 214 1855 4.0
18743 3143 4764 36.0
18751 2639 1862 7.0
18752 3051 1863 4.0
18753 3154 3348 59.0
18754 3158 1869 29.0
18755 3059 1867 5.0
18756 3158 1869 10.0
18757 3028 2737 8.0
18758 3162 3499 18.0
18759 3161 1872 4.0
18760 3163 1874 5.0
18761 2730 2767 31.0
18725 3135 1875 6.0
18762 2996 1876 37.0
18763 2996 1876 39.0
18764 2190 1878 4.0
18765 1267 1880 4.0
18766 2110 1881 65.0
18767 3166 1895 19.0
18724 3134 4525 24.0
18768 3167 1885 4.0
18769 3167 1885 4.0
18770 3168 1886 20.0
18771 2962 2029 20.0
18772 3168 1886 13.0
18773 3170 1888 8.0
18774 3170 1888 13.0
18775 2171 1889 7.0
18776 2171 1889 9.0
18777 3172 1891 6.0
18778 3172 1891 7.0
18779 3173 3851 15.0
18780 3159 1894 4.0
18781 782 1916 13.0
18782 3166 1895 28.0
18783 3005 1933 6.0
18784 3171 1899 4.0
18785 2297 1900 4.0
18786 3179 1903 4.0
18787 3179 1903 7.0
18788 3186 2087 64.0
18789 1999 1904 9.0
18790 1999 1904 4.0
18791 3196 2081 50.0
18792 2165 1910 4.0
18793 3207 1911 9.0
18794 3208 1918 9.0
18795 3208 1918 8.0
18796 3210 1919 22.0
18797 2157 1921 5.0
18798 3211 1922 10.0
18799 3212 1923 5.0
18800 3214 1924 5.0
18801 3214 1924 4.0
18802 215 1925 8.0
18803 3215 1929 7.0
18804 1781 1932 8.0
18806 1349 1934 21.0
18807 1349 1934 6.0
18808 3217 2189 22.0
18809 3221 1940 14.0
18810 3379 3553 50.0
18811 2212 2314 7.0
18812 2813 1941 4.0
18813 2352 1942 6.0
18814 3229 1943 56.0
18815 3229 1943 15.0
18816 1437 1947 6.0
18817 1437 1947 10.0
18818 3230 1948 44.0
18819 3230 1948 8.0
18820 3232 1949 8.0
18821 3406 2644 18.0
18822 3237 2003 8.0
18823 3238 1953 4.0
18824 2166 1955 5.0
18827 3231 1960 49.0
18828 3231 1960 4.0
18829 3125 1961 17.0
18830 3239 2376 25.0
18831 1730 1963 8.0
18832 1391 1964 12.0
18833 2405 1965 8.0
18834 3241 1966 5.0
18835 3241 1966 15.0
18836 3242 1970 5.0
18837 3242 1970 5.0
18838 3242 1970 4.0
18839 3243 1971 34.0
18840 3243 1971 4.0
18841 2465 1972 6.0
18842 3126 1973 26.0
18843 3126 1973 68.0
18844 3244 2551 14.0
18845 3187 1976 8.0
18846 3247 1978 24.0
18847 3201 1980 5.0
18848 3255 3552 176.0
18849 2348 1981 7.0
18850 3260 2425 28.0
18851 3262 1985 4.0
18852 3263 1986 10.0
18853 3263 1986 4.0
18854 3264 1987 30.0
18855 1570 1988 4.0
18856 1101 1993 9.0
18857 3266 1991 23.0
18858 2421 1995 48.0
18859 2732 4878 78.0
18860 3267 1999 16.0
18861 3189 2001 4.0
18862 3268 2004 5.0
18863 3268 2004 16.0
18865 1803 2115 12.0
18866 2958 2006 17.0
18867 2958 2006 47.0
18868 3548 2562 12.0
18869 3057 2010 19.0
18871 2234 2017 6.0
18872 3273 2048 6.0
18873 3274 2020 9.0
18874 3274 2020 15.0
18875 3275 2024 5.0
18876 1571 2028 15.0
18877 3276 2030 11.0
18878 1893 2042 13.0
18879 611 2034 19.0
18880 611 2034 9.0
18881 611 2034 5.0
18882 611 2034 4.0
18883 3278 2035 7.0
18884 3278 2035 7.0
18885 3280 2843 44.0
18886 725 3833 8.0
18887 2977 2043 5.0
18888 3281 2049 19.0
18889 3281 2049 41.0
18890 3281 2049 9.0
18891 2329 3026 8.0
18892 3283 2051 23.0
18893 2014 2052 6.0
18894 3284 2053 6.0
18895 965 2055 4.0
18896 2015 2956 55.0
18897 1902 2060 14.0
18898 3209 2061 8.0
18899 3290 2609 24.0
18900 2167 2065 17.0
18901 1269 2066 4.0
18902 2362 2067 24.0
18903 2748 2072 12.0
18904 3291 2074 9.0
18905 3292 2075 29.0
18906 3292 2075 9.0
18907 2809 2209 69.0
18908 3295 2076 6.0
18909 3295 2076 4.0
18910 799 2078 11.0
18911 4347 3874 37.0
18912 3196 2081 4.0
18913 4540 4148 77.0
18914 4324 3810 59.0
18915 3186 2087 4.0
18916 3297 2088 8.0
18805 3297 2088 12.0
18917 3298 2103 14.0
18918 3391 3978 18.0
18919 3190 2096 9.0
18920 2586 2101 10.0
18921 3303 3159 52.0
18922 3305 2106 12.0
18923 699 2109 8.0
18924 2018 2112 10.0
18925 2018 2112 4.0
18926 3307 2114 9.0
18927 3307 2114 19.0
18928 3818 3834 68.0
18929 3309 2117 6.0
18930 2019 2175 13.0
18931 1573 2118 5.0
18932 3311 2119 32.0
18933 3311 2119 10.0
18693 3100 2120 6.0
18934 3760 3105 26.0
18935 3316 2121 7.0
18936 3316 2121 7.0
18939 3323 2735 45.0
18940 3327 2126 17.0
18941 3327 2126 34.0
18942 3327 2126 77.0
18943 3327 2126 15.0
18944 612 2127 15.0
18945 3328 2131 6.0
18946 3328 2131 19.0
18947 3328 2131 5.0
18948 3175 2132 6.0
18937 486 4810 23.0
18176 3640 2789 16.0
18949 627 3153 13.0
18950 3127 2135 4.0
18951 585 2136 6.0
18952 803 2637 8.0
18953 487 2140 4.0
18954 1860 2142 5.0
18958 3302 2144 5.0
18959 2887 2145 18.0
18962 3333 2148 5.0
18963 3335 2210 17.0
18964 1804 2155 5.0
18965 3336 2156 7.0
18966 2021 2159 5.0
18967 3337 2160 5.0
18968 3338 3307 13.0
18969 3308 2164 4.0
18970 3132 2166 5.0
18971 3132 2166 9.0
18972 3345 3368 86.0
18973 1537 2171 5.0
18974 1075 2172 18.0
18975 3356 2173 7.0
18977 3358 2177 24.0
18976 3358 2177 42.0
18978 3348 2178 4.0
18979 446 2179 7.0
18980 2197 2182 12.0
18981 3096 2183 6.0
18982 3360 2190 9.0
18983 1910 2191 7.0
18984 3361 2263 5.0
18985 1560 2197 8.0
18986 4122 3378 30.0
18987 3364 2204 4.0
18990 3373 2792 31.0
18992 3566 4044 98.0
18993 4132 3522 165.0
18994 3022 2222 9.0
18996 3381 2223 5.0
18997 3382 3620 61.0
18998 656 2226 23.0
18999 3384 2228 10.0
19000 3385 2229 13.0
19002 3387 2231 5.0
19003 3387 2231 11.0
19004 2025 2235 8.0
19005 3388 2237 109.0
19006 3340 2239 15.0
19007 3389 2243 4.0
19008 3389 2243 26.0
19010 4259 3692 43.0
19011 3924 3082 12.0
19012 3393 2253 8.0
19013 3394 2257 5.0
19014 3322 2258 5.0
19015 3395 2260 5.0
19016 3607 2592 26.0
19017 3396 2262 4.0
19018 2243 2264 5.0
19019 2886 2265 5.0
19020 2849 2928 11.0
19021 3399 2278 54.0
19022 217 2270 4.0
19023 828 2271 175.0
19024 2377 2272 8.0
19025 2519 3197 23.0
19026 3412 2279 4.0
19027 2656 2283 17.0
19028 2544 2284 13.0
19029 3487 2390 16.0
19030 3413 2285 5.0
19031 2978 2288 4.0
19032 3202 2338 16.0
19033 1102 2294 8.0
19034 3414 2296 12.0
19036 3019 2300 39.0
19037 3019 2300 5.0
19038 1180 2305 31.0
19039 2900 2306 18.0
19040 1103 2308 15.0
19041 1896 2309 14.0
19042 1896 2309 19.0
19043 4145 3487 22.0
19044 1896 2309 6.0
19045 3418 3416 91.0
19046 3428 2320 39.0
19047 3429 2315 4.0
19048 3437 3247 31.0
19049 3407 2317 6.0
19050 1181 2319 4.0
19051 3439 4580 8.0
19052 3442 4826 77.0
19053 3455 2324 7.0
19054 3455 2324 14.0
19055 3373 2792 6.0
19056 3457 2332 11.0
19057 3457 2332 4.0
19058 3458 2336 8.0
19059 900 2366 12.0
19060 3877 4510 16.0
19061 3462 2341 8.0
19062 2736 2343 4.0
19063 2474 2633 8.0
19064 2736 2343 6.0
18989 3430 2360 23.0
19065 3463 2347 5.0
19066 3459 2351 6.0
19067 2861 3075 19.0
19068 1008 2355 7.0
19069 3464 2356 8.0
19071 3466 2620 19.0
19072 3471 3574 12.0
19073 2134 3699 16.0
19074 447 3166 8.0
19077 1009 2371 5.0
19079 1576 3848 13.0
19080 2699 2374 4.0
19081 2050 2849 11.0
19082 3483 2740 21.0
19083 1446 2381 4.0
19084 3484 2383 29.0
19085 3484 2383 5.0
19086 609 3456 45.0
19087 3485 2385 5.0
19088 3485 2385 4.0
19078 3626 2616 12.0
19089 3485 2385 5.0
19090 3487 2390 42.0
19091 3487 2390 5.0
19092 3408 2391 8.0
19093 3408 2391 4.0
19094 3761 3324 26.0
19095 2832 2844 102.0
19096 2031 2394 7.0
19097 492 2396 12.0
19098 307 2398 12.0
19099 3489 2400 6.0
19100 2244 2403 31.0
19101 3499 2414 18.0
19102 615 2404 4.0
19103 3829 2991 45.0
19104 701 2407 4.0
19105 617 2409 4.0
19107 3499 2414 20.0
19108 3499 2414 4.0
19109 3325 2415 25.0
19110 3325 2415 5.0
19111 3325 2415 4.0
19112 3325 2415 6.0
19113 3503 2416 4.0
19114 1010 2417 21.0
19115 1182 2419 4.0
19116 1182 2419 5.0
19117 2032 2420 4.0
19123 4170 4438 25.0
19124 2364 2427 7.0
19125 3511 2922 64.0
19126 2034 2785 33.0
19127 3374 2434 4.0
19128 3515 4455 20.0
19129 1242 2435 30.0
19130 3517 2440 13.0
19131 3517 2440 7.0
19132 1462 2441 9.0
19133 1462 2441 9.0
19135 308 2442 8.0
18662 3045 2443 35.0
19136 2245 2444 5.0
19137 2245 2444 10.0
19138 3519 2445 5.0
19139 3519 2445 14.0
19140 3954 3338 31.0
19141 3006 2453 10.0
19142 3516 2455 29.0
19143 2777 2459 4.0
19144 2777 2459 6.0
19145 2777 2459 6.0
19146 2777 2459 4.0
19148 3349 2460 6.0
19149 619 2461 14.0
19150 3449 2462 35.0
19151 3449 2462 5.0
19152 3449 2462 11.0
19153 3521 2466 12.0
19154 3450 2470 4.0
19155 3025 2471 10.0
19156 2468 2472 35.0
19157 2469 2479 16.0
19075 3481 2475 41.0
19158 3481 2475 76.0
19159 3523 2482 32.0
19160 2431 2483 11.0
19161 3524 2486 15.0
19162 3527 3999 25.0
19163 3526 2490 62.0
19164 3529 2491 49.0
19165 3529 2491 5.0
19166 3036 2494 8.0
19167 3529 2491 36.0
19168 3838 2983 7.0
19169 3531 2497 4.0
19170 3535 4626 29.0
19171 3534 2502 7.0
19172 3537 2506 67.0
19173 3223 2507 11.0
19174 3545 2508 4.0
19175 3546 4359 21.0
19176 3465 2511 5.0
19177 3548 2562 45.0
19178 2470 2520 6.0
19179 3549 3310 50.0
19180 2877 2527 6.0
19181 2036 2953 79.0
19182 2749 2530 6.0
19183 1184 2531 9.0
19184 3554 2577 7.0
19185 1680 2536 11.0
19076 1416 2541 20.0
19186 3525 2542 6.0
19187 3490 2545 4.0
19188 3579 4136 103.0
19189 3589 3397 135.0
19190 3244 2551 7.0
19191 1186 2552 233.0
19192 3599 2846 14.0
19193 3613 4731 23.0
19194 310 2555 9.0
19195 310 2555 4.0
19198 493 2576 9.0
19199 3603 2579 6.0
19200 3604 2581 6.0
19201 3496 2582 9.0
19202 801 2583 4.0
19204 265 2585 4.0
19205 3240 2586 6.0
19206 3605 2587 28.0
19207 220 2799 36.0
19208 2471 2589 4.0
19209 2471 2589 23.0
19210 2040 2590 5.0
19211 3607 2592 44.0
19212 3610 3825 23.0
19213 2121 2593 6.0
19214 2121 2593 13.0
19215 3392 2594 14.0
19216 2524 2598 9.0
19217 3409 2600 12.0
19218 3608 2601 25.0
19219 3609 2603 7.0
19220 3610 3825 85.0
19221 3611 2606 5.0
19224 3621 2607 36.0
19225 1187 2608 5.0
19222 3617 2673 221.0
19226 3623 2614 43.0
19227 3623 2614 12.0
19228 2545 2615 18.0
19229 3627 2723 58.0
19230 1188 2617 11.0
19231 2979 2618 13.0
19233 3628 2621 7.0
19234 3628 2621 6.0
19235 3629 2623 4.0
19236 4302 4495 7.0
19238 3614 2632 9.0
19239 3630 2861 138.0
18271 2474 2633 10.0
19240 2474 2633 9.0
19241 3592 3491 69.0
19242 3287 2634 4.0
19243 1189 2635 27.0
19223 3619 2729 8.0
19245 1157 2638 18.0
19246 1863 2643 4.0
19247 2787 2832 55.0
19248 3641 2646 16.0
19249 3615 2647 9.0
19250 2043 2648 9.0
19251 3644 2652 8.0
19252 3422 2714 6.0
19253 3645 2656 16.0
19254 3645 2656 4.0
19255 3646 2972 11.0
19256 3649 2658 4.0
19257 3650 2692 13.0
19258 2044 2663 83.0
19259 3652 2666 14.0
19260 3652 2666 6.0
19261 3653 2848 10.0
19262 3556 2669 11.0
19263 3213 2670 6.0
19264 3617 2673 14.0
19265 3654 2674 6.0
19266 3655 2675 6.0
19267 3655 2675 16.0
19268 3657 2900 48.0
19269 3656 2676 7.0
19270 3097 2680 4.0
19271 3659 2683 6.0
19272 3659 2683 14.0
19273 220 2799 71.0
19274 3662 2694 25.0
19275 3020 2690 5.0
19276 3650 2692 20.0
19277 3662 2694 9.0
19278 3288 2698 10.0
19279 633 3306 14.0
19280 3391 3978 7.0
19281 3668 4669 51.0
19282 3670 2755 9.0
19283 2046 3537 19.0
19284 3672 2709 14.0
19285 3673 2710 12.0
19286 3674 2715 5.0
19287 3675 2716 52.0
19291 3512 2717 4.0
19292 2924 3058 117.0
19293 3677 2719 4.0
19294 496 2720 10.0
19295 3679 3979 141.0
19296 3690 2825 39.0
19297 3627 2723 39.0
19298 3692 2724 6.0
19299 2925 3326 34.0
19300 3693 2726 9.0
19301 3027 2728 6.0
19302 3699 3004 41.0
19303 1105 2838 7.0
19304 1798 2960 135.0
19305 3700 2733 19.0
19306 3700 2733 4.0
19307 2832 2844 12.0
19308 3376 2765 19.0
19309 3028 2737 5.0
19310 271 2738 9.0
19311 3701 2739 4.0
19312 3483 2740 11.0
19313 3565 2741 8.0
19314 2246 2742 12.0
19315 3702 2743 13.0
19316 3702 2743 4.0
19317 3064 2746 5.0
19318 3704 3235 93.0
19319 3152 2756 4.0
19320 3818 3834 19.0
19323 3713 4564 27.0
19324 3711 2761 100.0
19325 3711 2761 9.0
19327 3376 2765 9.0
19329 3714 4827 17.0
19331 704 2774 15.0
19332 2339 2777 6.0
19333 3717 2778 4.0
19334 2214 2779 4.0
19335 2784 2781 6.0
19336 3718 2783 5.0
19337 3719 2784 40.0
19338 3719 2784 4.0
19339 2034 2785 64.0
19321 3707 4884 15.0
19340 475 2790 4.0
19341 3720 2794 11.0
19342 3721 3016 17.0
19343 3724 3756 20.0
19344 3542 2798 7.0
19345 1193 2800 4.0
19346 3703 2801 18.0
19347 3725 2802 4.0
19348 3730 3396 101.0
19349 3732 2803 19.0
19350 2049 2804 5.0
19351 2039 2805 8.0
19352 114 2806 14.0
19196 2501 4861 21.0
19353 3226 2807 5.0
19354 3740 2808 11.0
19355 3740 2808 42.0
19356 1194 2809 65.0
19357 3742 2810 4.0
19358 3742 2810 13.0
19360 3642 2834 11.0
19361 3177 2822 13.0
19362 3743 2823 6.0
19363 3733 2824 4.0
19364 4103 3806 25.0
19365 1594 2826 5.0
19366 628 2827 12.0
19367 628 2827 5.0
19368 4004 3180 59.0
19369 3332 2830 5.0
19370 3752 3994 12.0
19372 3280 2843 14.0
19373 2832 2844 8.0
19375 3653 2848 5.0
19376 2050 2849 12.0
19377 4486 4053 20.0
19378 3492 2851 6.0
19379 3757 2856 120.0
19381 2926 3087 25.0
19382 3630 2861 13.0
19383 3253 2864 4.0
19384 629 2865 4.0
19385 3765 3612 37.0
19386 3766 2867 15.0
19387 3767 2870 8.0
19388 3695 2871 19.0
19389 3769 2876 16.0
19391 3696 2881 44.0
19392 3696 2881 6.0
19393 1468 4151 13.0
19394 3770 2885 44.0
19395 3683 2918 35.0
19396 2306 2889 8.0
19397 3775 4641 11.0
19398 3777 2893 24.0
19399 1196 2897 25.0
19400 3778 2899 6.0
19401 3778 2899 7.0
19402 3669 2903 4.0
19403 3779 2904 13.0
19404 3779 2904 21.0
19405 3782 3637 24.0
19406 903 2906 4.0
19407 1197 2944 9.0
19408 3784 2908 10.0
19409 3785 2911 15.0
19410 3786 2912 8.0
19411 3566 4044 115.0
19412 3788 2968 5.0
19413 3789 2914 4.0
19415 3683 2918 7.0
19416 1798 2960 39.0
19419 3383 2921 6.0
19420 3511 2922 6.0
19422 3648 2929 6.0
19423 3030 2930 7.0
19424 3030 2930 6.0
19425 3031 2931 4.0
19426 3795 2937 10.0
19427 3796 2939 5.0
19428 3796 2939 5.0
19429 3797 2940 11.0
19430 3798 2941 6.0
19431 3798 2941 15.0
19432 3245 2946 5.0
19433 1576 3848 23.0
19434 630 2950 118.0
19435 630 2950 10.0
19436 3802 3492 8.0
19437 3804 2958 14.0
19438 4159 3663 29.0
19439 3807 3008 21.0
19440 1798 2960 4.0
19441 1798 2960 13.0
19442 1798 2960 8.0
19443 1798 2960 9.0
19119 3504 4893 10.0
19444 1199 2961 4.0
19445 3809 2963 9.0
19446 3810 2964 4.0
19447 3810 2964 6.0
19448 3023 3010 102.0
19449 3827 2967 96.0
19450 3827 2967 4.0
19453 1200 2973 9.0
19455 3830 2993 94.0
19456 4022 3311 8.0
19457 3906 3048 42.0
19458 3833 2980 29.0
19459 3833 2980 13.0
19460 4294 3819 88.0
19461 3838 2983 8.0
19462 2789 2996 37.0
19463 3998 3156 16.0
19464 3351 2985 9.0
19465 3249 4759 14.0
19466 4409 4458 40.0
19467 3400 2986 6.0
19468 3851 2988 76.0
19469 3851 2988 17.0
19470 3857 3497 112.0
19471 3379 3553 29.0
19473 3868 2992 5.0
19474 3868 2992 4.0
19475 3830 2993 37.0
19476 3871 2994 7.0
19477 3871 2994 4.0
19478 734 3000 6.0
19479 1201 3001 91.0
19480 3872 3002 13.0
19481 3872 3002 6.0
19482 3699 3004 12.0
19483 3699 3004 5.0
19484 3873 3005 6.0
19485 3873 3005 4.0
19486 3877 4510 42.0
19487 1098 3769 8.0
19488 1580 3007 11.0
19489 3691 3009 5.0
19490 3878 3013 5.0
19491 3879 3018 29.0
19492 3881 3257 14.0
19493 3870 3019 7.0
19494 297 3020 7.0
19421 3790 4505 13.0
19497 3791 3023 6.0
19498 3805 3024 16.0
19500 3862 3681 12.0
19502 3846 3030 4.0
19503 3884 3031 8.0
19504 4498 4808 52.0
19505 3891 3033 4.0
19506 3900 3690 24.0
19507 3901 3034 8.0
19508 3901 3034 4.0
19509 3902 3039 8.0
19417 3713 4564 28.0
19510 3903 3042 13.0
19511 3903 3042 6.0
19512 864 3043 6.0
18938 3318 3044 9.0
19513 3318 3044 7.0
19515 3905 3046 9.0
19516 3905 3046 4.0
19517 3410 3047 27.0
19518 3906 3048 7.0
19472 3867 4226 226.0
19519 3907 3050 6.0
19520 3793 3051 6.0
19521 3909 3055 35.0
19522 1037 3056 21.0
19523 907 3057 5.0
19524 4469 4023 14.0
19525 3863 3059 12.0
19526 3910 3060 7.0
19527 4174 3478 16.0
19528 3032 3061 34.0
19529 3911 3062 9.0
19530 3912 3063 11.0
19531 3912 3063 5.0
19532 3913 3064 8.0
19533 3913 3064 9.0
19534 3915 3079 5.0
19538 1582 3068 4.0
19539 3919 3069 14.0
19001 2466 4456 16.0
19540 3920 3070 8.0
19542 2320 3071 10.0
19543 3922 3722 18.0
19544 3024 3076 6.0
19545 3923 3078 10.0
19546 2229 3081 5.0
19547 3924 3082 7.0
19548 3924 3082 6.0
19549 3925 3083 5.0
19550 3925 3083 8.0
19551 4004 3180 42.0
19553 4210 3559 19.0
19554 3933 3086 7.0
19555 1393 3088 7.0
19556 4182 3495 78.0
19557 3943 3091 25.0
19558 710 3147 27.0
19559 2737 3092 5.0
19560 3944 3095 9.0
19561 3944 3095 47.0
19563 499 3098 27.0
19565 222 3100 6.0
19566 3946 3101 6.0
19567 223 3104 32.0
19568 223 3104 14.0
19569 223 3104 27.0
19570 3730 3396 24.0
19571 3948 3106 6.0
19572 3952 4395 44.0
19573 3951 3107 21.0
19574 4016 3196 8.0
19575 3953 3111 15.0
19577 3956 3113 7.0
19580 3982 3135 17.0
19581 3958 3118 14.0
19582 3958 3118 11.0
19585 3964 4269 69.0
19586 3970 4492 9.0
19587 3974 3458 39.0
19588 3973 3125 11.0
19589 3973 3125 11.0
19592 3975 3231 22.0
19541 3921 3128 52.0
19593 3921 3128 9.0
19594 3589 3397 98.0
19564 634 4872 9.0
19596 2060 3263 17.0
19597 4209 3549 27.0
19590 3452 4684 55.0
19598 3988 3521 31.0
19595 3304 3450 24.0
19599 3990 3138 29.0
19600 3990 3138 24.0
19374 3990 3138 24.0
19134 3442 4826 10.0
19601 3443 3139 10.0
19602 3992 3214 14.0
19603 3993 3143 6.0
19604 3949 3144 17.0
19605 3994 3146 6.0
19606 710 3147 10.0
19607 3995 3157 64.0
19608 3999 3151 18.0
19609 627 3153 111.0
19610 909 4448 10.0
19611 1164 3155 7.0
19612 1109 3158 6.0
19613 4065 3275 5.0
19614 3997 3164 7.0
19615 4002 3686 19.0
19616 4003 3169 4.0
19617 2930 3175 25.0
19618 4004 3180 6.0
19619 4005 3181 7.0
19620 2980 3183 4.0
19621 4006 3185 7.0
19622 4007 3186 8.0
19624 4009 3803 49.0
19631 4015 4047 57.0
19632 4016 3196 9.0
19630 3453 4783 8.0
19633 4017 3794 22.0
19634 3320 3200 5.0
19635 4018 3202 16.0
19636 910 3203 7.0
19637 4011 3205 11.0
19638 4019 3206 10.0
19639 4021 3208 55.0
19640 4021 3208 121.0
19641 4023 3209 28.0
19535 4023 3209 12.0
19642 4026 3462 32.0
19643 4027 3210 5.0
19644 4031 3211 43.0
19645 4031 3211 12.0
19646 4032 4533 10.0
19647 2122 3213 8.0
19648 1308 3216 4.0
19649 4033 3221 18.0
19650 4034 3222 15.0
19651 508 3227 7.0
19652 2058 3228 6.0
19653 3528 3298 10.0
19654 3735 3230 4.0
19655 3704 3235 7.0
19237 2041 3236 5.0
19660 1939 3237 8.0
19661 4037 3238 8.0
19663 4052 3786 99.0
19664 4047 3239 5.0
19665 856 3241 5.0
19666 2674 3242 7.0
19667 3976 3243 4.0
19668 4159 3663 20.0
19669 4054 3251 8.0
19670 2933 3254 5.0
19671 4056 3256 4.0
19672 4057 3260 12.0
19673 1577 3261 127.0
19674 2060 3263 20.0
19675 2060 3263 23.0
19676 4059 3264 4.0
19677 4060 3266 7.0
19678 3401 3267 7.0
19514 3904 4487 59.0
19679 4061 3269 6.0
19680 4063 3270 32.0
19681 4273 3902 15.0
19682 1202 3273 10.0
19683 3818 3834 12.0
19684 3038 3299 8.0
19685 2922 3276 20.0
19686 4067 3399 46.0
19687 635 3281 8.0
19688 4070 3282 28.0
19689 4072 3809 30.0
19690 3847 3288 6.0
19691 4148 3415 31.0
19692 4080 3292 7.0
19693 4080 3292 4.0
19694 3747 3293 7.0
19695 4081 3294 6.0
19696 3955 3295 26.0
19697 4012 3296 33.0
18657 3037 4875 10.0
19698 3593 3351 20.0
19699 4082 3300 7.0
19700 4083 3303 5.0
19701 4083 3303 8.0
18485 1799 3764 21.0
19703 4085 3312 50.0
19704 4085 3312 9.0
19705 2537 3315 7.0
19706 2537 3315 45.0
19707 1111 3451 10.0
19709 465 4682 9.0
19710 4089 3342 5.0
19711 1112 3322 22.0
19712 3477 3323 88.0
19713 4075 3327 4.0
19714 4090 3328 50.0
19715 4090 3328 12.0
19716 4094 4828 68.0
19717 1564 3331 16.0
19718 4097 3518 7.0
19721 3954 3338 4.0
19722 510 3340 4.0
19723 4103 3806 166.0
19724 4089 3342 7.0
19725 4105 3346 7.0
19726 4106 3470 75.0
19727 3154 3348 25.0
19729 3593 3351 31.0
19730 4110 3352 100.0
19731 4110 3352 8.0
19733 1394 3829 126.0
19734 2168 3358 12.0
19735 3794 3362 8.0
19736 4114 3363 43.0
19737 4114 3363 4.0
19738 4325 3812 25.0
19739 3931 3422 6.0
19740 4115 3385 20.0
19741 4117 3371 7.0
19742 2136 3372 5.0
19743 4118 3375 4.0
19744 4123 3387 5.0
19745 4121 3377 24.0
19746 4121 3377 6.0
19747 4122 3378 5.0
19748 4122 3378 14.0
19749 3205 3380 5.0
19751 4123 3387 28.0
19752 4124 3388 19.0
19753 4125 3392 14.0
19754 4126 4283 49.0
19755 3423 3393 9.0
19756 3589 3397 11.0
19757 2064 3400 29.0
19758 4129 3401 7.0
19759 4068 3405 21.0
19760 3595 3407 27.0
19761 4131 3479 5.0
19762 4334 3840 30.0
19763 4141 3868 42.0
19764 2669 3412 92.0
19765 2669 3412 21.0
19766 2669 3412 12.0
19767 2669 3412 61.0
19768 2669 3412 10.0
19769 4174 3478 56.0
19770 4148 3415 16.0
19772 1282 3419 4.0
19773 3498 3420 5.0
19552 3931 3422 8.0
19774 4149 3750 9.0
19775 4150 3425 40.0
19776 4150 3425 35.0
19777 4151 4696 15.0
19778 3596 3434 16.0
19779 2066 3436 10.0
19780 4152 3652 40.0
19781 4154 3440 6.0
19783 4156 3446 4.0
19784 4156 3446 38.0
19785 4158 3448 7.0
19786 3745 3639 23.0
19787 3570 3452 5.0
19788 3939 3453 4.0
19789 3939 3453 17.0
19790 4168 4097 43.0
19791 4361 4060 102.0
19792 4169 3457 5.0
19793 3974 3458 13.0
19794 1992 3459 9.0
19795 4144 3463 5.0
19798 4171 3467 4.0
19799 3054 3468 5.0
19800 4172 3474 9.0
19583 3960 4532 42.0
19801 4173 3476 5.0
19802 4174 3478 7.0
19803 4174 3478 6.0
19804 4175 3480 14.0
19805 3823 3485 19.0
19806 4176 3486 6.0
19807 4176 3486 22.0
19808 4145 3487 4.0
19809 4179 3691 36.0
19810 637 3488 6.0
19811 3592 3491 9.0
19812 3495 3493 6.0
19813 4181 3494 8.0
19814 3527 3999 11.0
19815 3857 3497 30.0
19816 4058 3498 4.0
19817 3043 4046 32.0
19818 4187 3501 5.0
19820 4390 4795 16.0
19821 2330 3507 10.0
19824 4191 3510 15.0
19719 1447 3547 67.0
19826 4097 3518 8.0
19827 4097 3518 5.0
19828 4196 3798 71.0
19829 4198 3524 16.0
19657 4036 4780 195.0
19831 1191 3527 4.0
19832 4205 3531 6.0
19833 4205 3531 4.0
19834 4185 3533 26.0
19537 4361 4060 33.0
19835 295 3534 10.0
19836 4207 3535 4.0
19837 2450 3536 5.0
19838 4208 3540 5.0
19839 4208 3540 4.0
19840 3983 3541 7.0
19841 3983 3541 4.0
19842 1447 3547 8.0
19843 4200 3575 80.0
19844 4209 3549 6.0
19845 3255 3552 5.0
19846 3379 3553 31.0
19847 3379 3553 4.0
19848 911 3554 5.0
19849 4469 4023 106.0
19850 4211 3560 28.0
19851 4211 3560 10.0
19852 4602 4365 18.0
19853 968 3561 21.0
19854 4213 3562 4.0
19855 738 3564 4.0
19856 1203 3570 4.0
19857 1204 3571 14.0
19830 4203 4484 32.0
19858 1004 4026 25.0
19859 3749 3582 13.0
19860 2068 3584 4.0
19861 4215 3586 7.0
19862 715 3589 7.0
19863 3514 3590 7.0
19864 969 3593 6.0
19865 1014 3594 30.0
19866 4216 3598 6.0
19867 4218 3600 4.0
19868 4218 3600 17.0
19869 4221 3724 295.0
19870 4219 3603 4.0
19871 4225 3604 4.0
19872 4226 3606 4.0
19873 4227 3609 4.0
19874 3765 3612 8.0
19875 1013 3613 5.0
19876 4228 3616 6.0
19879 3382 3620 6.0
19732 4113 3727 131.0
19880 3584 3625 11.0
19881 4265 3685 68.0
19882 4375 3892 7.0
19883 4230 3634 8.0
19884 3782 3637 18.0
19885 4240 4199 44.0
19886 4238 3640 24.0
19887 3895 3641 9.0
19888 3895 3641 5.0
19890 4094 4828 39.0
19891 4135 3644 10.0
19892 4135 3644 7.0
19893 4247 3645 7.0
19894 4247 3645 4.0
19895 4248 3646 14.0
19896 4249 3649 7.0
19897 3858 3650 4.0
19899 4250 3653 6.0
19900 4251 3654 13.0
19901 4254 3782 18.0
19902 4255 3659 5.0
19903 4256 3660 6.0
19904 4256 3660 17.0
19905 716 3662 36.0
19906 4257 3666 21.0
19907 4257 3666 5.0
19908 4260 4170 105.0
19909 4576 4277 81.0
19910 2769 3674 9.0
19911 2769 3674 46.0
19912 3566 4044 31.0
19913 4263 3676 7.0
19914 4265 3685 15.0
19915 4265 3685 5.0
19916 3835 3910 52.0
19917 4002 3686 9.0
19918 4237 3688 4.0
19919 1398 4112 18.0
19920 4259 3692 143.0
19921 4267 3717 22.0
19922 3606 3697 4.0
19923 3606 3697 6.0
19924 2069 3698 17.0
19925 638 3700 4.0
19926 2137 3701 4.0
19927 2137 3701 7.0
19928 4268 3705 10.0
19929 4270 3706 46.0
19930 4441 4278 15.0
19931 3762 3714 4.0
19932 4275 3715 6.0
19933 4275 3715 11.0
19934 4051 3718 7.0
19935 4051 3718 4.0
19936 4221 3724 17.0
19878 4302 4495 62.0
19937 4113 3727 4.0
19938 4276 3730 26.0
19939 4276 3730 13.0
19940 2070 3731 7.0
19942 316 3732 50.0
19943 1283 3733 6.0
19945 4284 3735 9.0
19946 4522 4098 105.0
19948 3065 3739 13.0
19949 913 3743 6.0
19950 4287 3744 14.0
19951 4287 3744 25.0
19953 4288 3746 13.0
19954 4289 3748 5.0
19955 4290 3749 226.0
19956 4290 3749 35.0
19957 914 3753 5.0
19944 4282 4702 41.0
19958 4316 3784 12.0
19959 4292 3759 7.0
19960 4253 3760 8.0
19961 3737 3761 34.0
19962 4293 3762 6.0
19963 4312 3777 7.0
19964 1799 3764 5.0
19965 1799 3764 6.0
19966 3658 3765 7.0
19967 4302 4495 157.0
19968 1098 3769 10.0
19969 970 3770 6.0
19970 4310 3771 8.0
19971 4311 3772 44.0
19972 3256 3775 5.0
19973 4312 3777 95.0
19974 4313 3779 26.0
19975 4314 3780 4.0
19976 4316 3784 21.0
19977 4301 3785 5.0
19978 4052 3786 18.0
19979 1113 3790 6.0
19980 2071 3793 9.0
19983 740 3795 7.0
19984 740 3795 4.0
19985 3624 3878 9.0
19986 4596 4362 41.0
19822 3840 3899 64.0
19987 4076 3800 7.0
19988 2200 3802 4.0
19989 4202 3818 193.0
19990 4157 3805 5.0
19982 4103 3806 15.0
19991 4103 3806 9.0
19992 741 3807 6.0
19993 4072 3809 4.0
19994 4325 3812 18.0
19995 4325 3812 126.0
19996 4325 3812 68.0
19997 4326 3814 4.0
19998 4327 3817 8.0
19999 4202 3818 117.0
20001 4077 3821 35.0
20002 4077 3821 8.0
20003 4330 4254 25.0
20004 1394 3829 11.0
20005 1350 4259 54.0
20006 2072 3835 6.0
20007 4465 4747 96.0
20008 4333 3839 4.0
20009 4333 3839 9.0
20010 4334 3840 4.0
20011 717 3842 4.0
20012 2073 3872 15.0
20013 3842 3845 6.0
20014 1576 3848 9.0
20015 1576 3848 8.0
20016 3843 3849 21.0
20017 4336 3853 6.0
20018 4337 3854 6.0
20019 4338 3855 31.0
20020 4339 3857 23.0
20021 915 3860 5.0
20022 4340 3862 5.0
20023 4341 3864 5.0
20024 4341 3864 4.0
20025 4342 3866 5.0
20026 4346 4262 24.0
20027 1898 3873 4.0
20028 4347 3874 100.0
20029 4347 3874 4.0
20030 4348 3879 17.0
20031 4356 4135 73.0
20032 4360 4019 54.0
20034 4363 3887 11.0
20035 4078 3885 4.0
20036 4363 3887 28.0
20040 4369 3990 11.0
20041 4373 3890 4.0
20042 4373 3890 7.0
20043 4374 3891 19.0
20044 4375 3892 15.0
20045 1554 3894 5.0
20046 4426 3950 91.0
20047 4377 3897 7.0
19941 4277 4531 10.0
20048 4286 3898 6.0
20049 3840 3899 33.0
20050 4378 3901 7.0
20051 4379 3965 6.0
20052 3077 3906 5.0
20053 812 3908 9.0
20054 4381 3909 6.0
20055 3835 3910 8.0
20056 4382 3912 38.0
20057 4382 3912 12.0
20058 4519 4073 33.0
20060 4384 3916 5.0
20061 4384 3916 19.0
20062 4386 3917 8.0
20063 4386 3917 5.0
19750 3155 4681 6.0
20064 4387 3921 5.0
20065 3575 3929 4.0
20066 4389 4021 47.0
20067 4393 3932 4.0
20068 2917 4263 51.0
19418 3561 3934 4.0
20069 4408 4360 119.0
20070 2943 3987 151.0
20071 4424 3940 4.0
20072 4424 3940 6.0
20073 1396 3941 30.0
20074 1396 3941 15.0
20076 4426 3950 27.0
20077 4426 3950 28.0
20078 2944 4102 23.0
20079 2289 3952 4.0
20080 2289 3952 137.0
20081 2105 3953 42.0
20082 4370 3954 4.0
20083 4432 3959 6.0
20084 4433 3962 62.0
20085 4433 3962 10.0
20086 4433 3962 162.0
20087 4309 4318 34.0
20088 1286 3967 7.0
20089 4434 3968 4.0
20090 4245 3969 4.0
20091 4304 3970 12.0
20092 3598 3971 46.0
20093 4435 3972 24.0
20094 4435 3972 4.0
20095 4394 3973 4.0
20096 511 3974 8.0
20097 3391 3978 52.0
20098 3679 3979 12.0
20099 4305 3980 5.0
20100 4503 4252 103.0
20101 4446 3996 13.0
20102 1019 3983 7.0
20103 4447 3984 7.0
20104 4447 3984 6.0
20105 4448 3988 5.0
20106 2945 3989 4.0
20107 4395 3995 11.0
20108 2321 3997 6.0
20109 3763 3998 4.0
20113 2078 4005 70.0
18870 2920 4214 9.0
20115 4461 4015 50.0
20116 4453 4007 6.0
20117 4457 4009 151.0
20118 4457 4009 16.0
20119 4457 4009 57.0
20120 4458 4011 4.0
20121 4460 4014 52.0
20122 4461 4015 48.0
20123 4460 4014 5.0
20124 4461 4015 4.0
20125 4461 4015 6.0
20126 4461 4015 4.0
20127 4413 4016 5.0
20110 4449 4617 26.0
20129 4466 4018 5.0
20130 4360 4019 17.0
20131 4467 4020 5.0
20132 4467 4020 7.0
20134 4469 4023 26.0
20135 4469 4023 17.0
20136 4469 4023 8.0
20137 4471 4024 6.0
20138 4471 4024 5.0
20139 1004 4026 4.0
20140 4472 4028 168.0
20141 4473 4029 8.0
20142 1397 4030 10.0
20143 1397 4030 8.0
20144 1397 4030 8.0
20145 4474 4031 4.0
20146 4177 4032 4.0
20147 4475 4033 18.0
20148 4476 4034 9.0
20149 4476 4034 24.0
20150 4476 4034 5.0
20151 3088 4038 83.0
20152 3088 4038 10.0
20000 4203 4484 15.0
20153 3618 4041 14.0
20154 4361 4060 8.0
20155 4477 4043 11.0
20156 3566 4044 10.0
20157 3566 4044 14.0
20158 3566 4044 21.0
20159 3566 4044 4.0
20160 4478 4104 44.0
20161 4015 4047 13.0
20162 2079 4048 8.0
20163 4479 4049 4.0
20164 4239 4072 106.0
20165 4485 4050 9.0
20166 4486 4053 9.0
20167 4486 4053 6.0
20169 1866 4058 5.0
20170 4512 4059 5.0
20171 4513 4061 5.0
20172 4513 4061 5.0
20173 4513 4061 6.0
20174 4513 4061 39.0
20128 4464 4123 8.0
20177 3354 4256 10.0
20175 4515 4686 45.0
20168 4490 4276 74.0
20178 4517 4070 64.0
20179 4517 4070 32.0
20180 4517 4070 6.0
20181 4518 4071 15.0
20182 4519 4073 8.0
20183 4520 4074 64.0
20184 4520 4074 15.0
20185 4520 4074 24.0
20186 3643 4180 13.0
20187 4505 4078 4.0
20188 4521 4080 5.0
19782 4155 4081 38.0
20189 4128 4082 48.0
20190 2823 4083 9.0
20191 2948 4089 4.0
20192 4308 4091 21.0
20193 4308 4091 45.0
20194 3138 4092 5.0
20195 4168 4097 5.0
20196 4522 4098 35.0
20197 4522 4098 4.0
20198 4522 4098 4.0
20199 4522 4098 5.0
20200 4522 4098 12.0
20201 4522 4098 22.0
20202 4522 4098 5.0
20203 4552 4179 20.0
20204 4528 4101 4.0
20205 4528 4101 5.0
20206 2944 4102 7.0
20207 4478 4104 4.0
20208 4478 4104 4.0
20214 4526 4108 12.0
20215 4531 4105 5.0
20216 4532 4106 16.0
20218 2949 4107 5.0
20219 1399 4109 17.0
20220 3258 4113 9.0
20221 4533 4169 42.0
20222 4484 4119 38.0
20223 3882 4120 19.0
20225 4500 4124 22.0
20226 4500 4124 130.0
20227 4500 4124 20.0
19797 4500 4124 30.0
20228 4537 4125 11.0
20230 4356 4135 4.0
20231 3579 4136 12.0
20232 3579 4136 4.0
20233 4538 4138 11.0
20234 4539 4140 5.0
20235 3756 4141 15.0
20236 3850 4147 16.0
20237 4540 4148 29.0
20238 1020 4390 40.0
20239 4540 4148 4.0
20240 1468 4151 5.0
20241 1468 4151 5.0
20242 1468 4151 7.0
20209 4094 4828 24.0
20243 13 4160 35.0
20244 4548 4161 4.0
20245 4548 4161 4.0
20246 4428 4166 5.0
20247 4428 4166 25.0
20248 4428 4166 6.0
20249 4260 4170 4.0
20250 4260 4170 19.0
20251 4260 4170 5.0
20252 1287 4171 7.0
20253 4551 4174 6.0
20229 4390 4795 8.0
20254 4442 4176 4.0
20255 4442 4176 21.0
20256 4442 4176 18.0
20257 4442 4176 4.0
20258 3739 4178 13.0
20259 4552 4179 9.0
20260 4554 4181 7.0
20261 4197 4183 17.0
20262 4555 4184 6.0
20263 4556 4186 11.0
20264 4557 4187 6.0
20265 4558 4191 4.0
20266 4559 4192 8.0
20267 505 4194 13.0
20270 4240 4199 5.0
20271 4261 4201 4.0
20272 597 4203 12.0
20273 4602 4365 9.0
20274 4563 4346 44.0
20275 4564 4206 14.0
20276 4564 4206 6.0
20277 4053 4209 17.0
20278 4053 4209 4.0
20279 4545 4210 4.0
20280 4545 4210 5.0
20281 4566 4247 11.0
20282 4567 4217 23.0
20283 4567 4217 4.0
20284 4568 4219 10.0
20288 4415 4220 7.0
20289 3493 4223 5.0
20290 3867 4226 20.0
20291 3867 4226 5.0
20292 4367 4228 11.0
20293 4570 4229 36.0
20294 4570 4229 11.0
20295 4571 4232 6.0
20296 4506 4233 51.0
20297 4506 4233 5.0
20298 2951 4235 24.0
20299 2951 4235 15.0
20300 512 4238 4.0
20301 512 4238 7.0
20302 4572 4239 6.0
20303 4572 4239 5.0
20305 1543 4241 5.0
20306 3969 4242 5.0
19562 3877 4510 9.0
20308 4186 4245 8.0
20309 4147 4248 4.0
20310 4147 4248 4.0
20311 4243 4251 6.0
20313 4573 4257 4.0
20314 1350 4259 16.0
20315 4502 4260 15.0
20316 1611 4261 5.0
20317 4582 4315 8.0
20318 4443 4268 4.0
20319 4546 4272 22.0
20320 3427 4273 15.0
20321 3427 4273 4.0
20322 1206 4274 14.0
20323 1579 4363 22.0
20324 4576 4277 22.0
20325 4576 4277 86.0
20326 4507 4279 6.0
20327 4577 4280 4.0
20328 4527 4282 19.0
20329 4579 4284 26.0
20330 4579 4284 20.0
20331 4444 4287 9.0
20332 4444 4287 24.0
20333 4444 4287 37.0
20334 4580 4290 14.0
20335 4456 4396 25.0
20336 4580 4290 5.0
20337 4580 4290 6.0
20338 3259 4291 17.0
20339 4583 4292 10.0
20340 4584 4293 10.0
20341 4509 4299 5.0
20342 4585 4300 8.0
20343 4585 4300 133.0
20344 4547 4301 14.0
20345 4510 4303 26.0
20346 4586 4306 4.0
20347 4587 4309 43.0
20348 1260 4312 5.0
20349 4423 4314 17.0
20350 4582 4315 69.0
20351 4589 4319 10.0
20352 4589 4319 17.0
20353 4589 4319 4.0
20354 4590 4321 13.0
20355 4590 4321 30.0
20356 4590 4321 6.0
20357 4611 4410 6.0
20359 4417 4324 36.0
20360 4591 4325 8.0
20361 3941 4328 8.0
20362 4592 4334 5.0
20363 4592 4334 4.0
20364 4593 4336 6.0
20365 4410 4342 4.0
20367 4445 4352 11.0
20368 4416 4353 9.0
20369 4416 4353 15.0
20370 4595 4354 4.0
20371 4596 4362 5.0
20372 1579 4363 5.0
20373 4598 4379 19.0
20374 4597 4364 5.0
20375 4597 4364 15.0
20376 4511 4370 41.0
20377 4602 4365 4.0
20378 4511 4370 4.0
20379 4599 4371 35.0
20380 4599 4371 10.0
20381 973 4372 72.0
20382 4323 4373 7.0
20383 4581 4381 8.0
20384 4418 4375 11.0
20385 4353 4377 21.0
20386 4353 4377 4.0
20387 4598 4379 21.0
20388 4603 4380 43.0
20389 3355 4382 10.0
20390 4604 4383 16.0
20391 4605 4385 11.0
20392 4419 4387 18.0
20393 1020 4390 8.0
20394 4499 4391 8.0
20395 1018 4392 42.0
20396 3952 4395 4.0
20397 1016 4397 14.0
20398 2952 4398 11.0
20399 4608 4402 11.0
20400 4609 4404 5.0
20401 4610 4405 7.0
20402 4611 4410 7.0
20403 4372 4412 8.0
20404 3738 4415 4.0
20405 3942 4416 6.0
20406 3899 4418 4.0
20407 4612 4419 19.0
20408 4508 4420 23.0
20304 1021 4422 5.0
19359 623 4429 7.0
18150 2341 4435 7.0
19796 4170 4438 9.0
18652 890 4444 10.0
19576 706 4450 8.0
19147 3515 4455 10.0
18710 1916 4457 21.0
19380 3758 4463 5.0
19289 3676 4467 5.0
19290 3676 4467 4.0
20224 4299 4468 9.0
18988 3365 4476 8.0
18487 2350 4489 7.0
20312 972 4490 4.0
18508 997 4616 9.0
18017 1787 4493 5.0
19981 4302 4495 24.0
19591 3751 4499 7.0
19579 3438 4501 6.0
18825 2888 4512 4.0
18826 2888 4512 4.0
19623 3590 4514 4.0
19702 4084 4521 10.0
19501 3883 4523 10.0
20211 3938 4543 21.0
19371 3753 4544 4.0
18287 1233 4549 5.0
18602 1889 4550 10.0
18138 1500 4556 8.0
18140 1500 4556 5.0
18141 1500 4556 4.0
18142 1500 4556 21.0
17574 837 4880 13.0
17578 838 4559 5.0
17579 838 4559 14.0
18631 3002 4561 13.0
19823 4190 4563 10.0
18340 1432 4565 4.0
17492 55 4566 7.0
18102 1625 4567 13.0
19244 2786 4568 7.0
20358 4331 4572 4.0
18594 2955 4574 6.0
18995 2024 4576 5.0
20075 4425 4577 7.0
19070 3439 4580 21.0
19106 2208 4582 9.0
19728 713 4585 7.0
20268 4560 4587 8.0
18493 2178 4593 8.0
19825 3060 4599 8.0
19536 3917 4607 5.0
20217 4096 4609 4.0
20059 4383 4613 4.0
20111 4449 4617 18.0
20112 4449 4617 8.0
18672 2867 4622 4.0
19288 3535 4626 25.0
18601 1998 4629 4.0
19578 707 4631 4.0
18567 3585 4633 9.0
19232 3585 4633 16.0
19819 4188 4644 11.0
19414 2052 4646 11.0
19720 4100 4662 7.0
19197 1467 4667 4.0
18864 3052 4672 5.0
20176 4515 4686 11.0
18703 3108 4687 12.0
19499 3792 4690 52.0
19326 1106 4698 7.0
18955 3330 4704 8.0
18956 3330 4704 7.0
18957 3330 4704 5.0
19662 3808 4705 4.0
17843 1144 4707 4.0
19035 489 4710 6.0
20033 4285 4721 12.0
18158 2347 4722 5.0
19584 3286 4724 4.0
18692 3099 4725 5.0
18404 2676 4733 18.0
19952 4136 4737 4.0
20269 4561 4741 5.0
19947 4146 4749 4.0
19122 2033 4754 8.0
19495 3249 4759 14.0
19496 3249 4759 9.0
17703 117 4762 8.0
18049 1146 4763 4.0
18744 3143 4764 34.0
18745 3143 4764 31.0
18746 3143 4764 19.0
20133 4468 4768 4.0
18960 3234 4771 4.0
18961 3234 4771 6.0
18132 2325 4772 9.0
19390 2228 4774 8.0
19877 2063 4775 5.0
20307 1578 4777 13.0
19009 3390 4779 10.0
19656 4036 4780 7.0
19658 4036 4780 8.0
19659 4036 4780 46.0
19625 3453 4783 10.0
19626 3453 4783 24.0
19627 3453 4783 5.0
19628 3453 4783 11.0
19629 3453 4783 28.0
19203 1805 4788 43.0
19451 3828 4793 6.0
19452 3828 4793 6.0
18076 1639 4812 5.0
20114 4223 4814 7.0
20212 4529 4815 5.0
20213 4529 4815 4.0
17761 352 4819 7.0
18278 2478 4823 5.0
19328 3714 4827 27.0
19330 3714 4827 5.0
20210 4094 4828 4.0
17694 658 4841 5.0
20038 4365 4842 14.0
20037 4365 4842 6.0
20039 4365 4842 6.0
19708 4087 4847 5.0
19121 3505 4849 4.0
17473 0 4850 7.0
17927 415 4851 11.0
19771 4107 4869 12.0
18991 2023 4876 4.0
19454 2732 4878 6.0
20366 4594 4881 7.0
19322 3707 4884 5.0
19898 3865 4886 15.0
19118 3504 4893 4.0
19120 3504 4893 12.0
19889 4220 4897 6.0
20285 4569 4898 21.0
20286 4569 4898 11.0
20287 4569 4898 6.0
