QuestionNewID OriginalID
0 2
1 7
2 15
3 29
4 31
5 71
6 78
7 79
8 85
9 89
10 90
11 94
12 102
13 111
14 122
15 123
16 129
17 142
18 147
19 166
20 185
21 208
22 236
23 237
24 239
25 286
26 290
27 296
28 304
29 312
30 317
31 335
32 339
33 341
34 361
35 363
36 384
37 389
38 391
39 408
40 409
41 427
42 437
43 463
44 466
45 478
46 535
47 541
48 542
49 575
50 615
51 630
52 634
53 651
54 661
55 679
56 704
57 721
58 728
59 756
60 783
61 799
62 810
63 814
64 850
65 862
66 879
67 893
68 916
69 917
70 925
71 937
72 961
73 1008
74 1039
75 1048
76 1060
77 1061
78 1075
79 1102
80 1128
81 1135
82 1165
83 1193
84 1203
85 1216
86 1220
87 1263
88 1289
89 1294
90 1302
91 1307
92 1336
93 1354
94 1361
95 1368
96 1372
97 1386
98 1402
99 1405
100 1410
101 1417
102 1430
103 1442
104 1479
105 1486
106 1493
107 1507
108 1513
109 1523
110 1528
111 1557
112 1566
113 1599
114 1601
115 1663
116 1673
117 1683
118 1686
119 1690
120 1706
121 1775
122 1801
123 1822
124 1876
125 1888
126 1894
127 1907
128 1915
129 1957
130 1984
131 2029
132 2032
133 2041
134 2045
135 2051
136 2059
137 2072
138 2095
139 2111
140 2131
141 2152
142 2166
143 2175
144 2187
145 2206
146 2228
147 2229
148 2239
149 2254
150 2269
151 2347
152 2355
153 2363
154 2392
155 2398
156 2409
157 2415
158 2425
159 2430
160 2447
161 2455
162 2490
163 2501
164 2554
165 2596
166 2597
167 2615
168 2625
169 2630
170 2644
171 2658
172 2670
173 2672
174 2690
175 2721
176 2725
177 2743
178 2767
179 2824
180 2900
181 2916
182 2928
183 2964
184 3009
185 3014
186 3038
187 3081
188 3158
189 3168
190 3182
191 3282
192 3315
193 3357
194 3436
195 3468
196 3495
197 3496
198 3503
199 3526
200 3534
201 3612
202 3645
203 3718
204 3759
205 3767
206 3769
207 3777
208 3798
209 3799
210 3824
211 3833
212 3863
213 3903
214 3906
215 3922
216 3933
217 3957
218 3986
219 4005
220 4010
221 4031
222 4034
223 4049
224 4071
225 4076
226 4094
227 4102
228 4116
229 4156
230 4172
231 4199
232 4200
233 4234
234 4238
235 4243
236 4284
237 4289
238 4299
239 4313
240 4334
241 4384
242 4407
243 4428
244 4445
245 4449
246 4519
247 4586
248 4637
249 4731
250 4761
251 4784
252 4799
253 4821
254 4831
255 4935
256 4959
257 4990
258 5005
259 5027
260 5029
261 5031
262 5066
263 5118
264 5190
265 5192
266 5194
267 5217
268 5224
269 5235
270 5265
271 5282
272 5304
273 5419
274 5535
275 5614
276 5669
277 5670
278 5682
279 5702
280 5721
281 5773
282 5792
283 5824
284 5839
285 5846
286 5851
287 5888
288 5899
289 5905
290 5963
291 6026
292 6052
293 6108
294 6157
295 6202
296 6220
297 6256
298 6271
299 6300
300 6302
301 6312
302 6329
303 6370
304 6438
305 6446
306 6461
307 6476
308 6488
309 6505
310 6518
311 6524
312 6561
313 6581
314 6588
315 6650
316 6682
317 6687
318 6720
319 6721
320 6750
321 6754
322 6782
323 6904
324 6906
325 6908
326 6946
327 6959
328 7008
329 7041
330 7053
331 7060
332 7073
333 7149
334 7158
335 7172
336 7202
337 7218
338 7231
339 7250
340 7251
341 7292
342 7322
343 7437
344 7441
345 7454
346 7470
347 7479
348 7487
349 7657
350 7663
351 7668
352 7680
353 7713
354 7738
355 7839
356 7843
357 7905
358 7907
359 7915
360 7936
361 7981
362 7993
363 8034
364 8049
365 8062
366 8074
367 8149
368 8151
369 8156
370 8221
371 8227
372 8248
373 8256
374 8282
375 8295
376 8314
377 8373
378 8420
379 8522
380 8589
381 8599
382 8602
383 8626
384 8636
385 8663
386 8673
387 8686
388 8715
389 8741
390 8850
391 8891
392 8895
393 8904
394 8914
395 8922
396 8923
397 8926
398 8947
399 8954
400 8981
401 8983
402 9059
403 9098
404 9106
405 9111
406 9183
407 9296
408 9300
409 9302
410 9314
411 9325
412 9349
413 9415
414 9421
415 9615
416 9616
417 9621
418 9665
419 9683
420 9686
421 9708
422 9720
423 9751
424 9773
425 9800
426 9814
427 9842
428 9876
429 9899
430 9969
431 10039
432 10052
433 10055
434 10089
435 10161
436 10184
437 10230
438 10308
439 10311
440 10362
441 10410
442 10420
443 10433
444 10463
445 10470
446 10565
447 10572
448 10582
449 10606
450 10615
451 10635
452 10690
453 10695
454 10701
455 10710
456 10759
457 10773
458 10827
459 10829
460 10863
461 10989
462 11003
463 11017
464 11039
465 11050
466 11054
467 11067
468 11241
469 11264
470 11321
471 11340
472 11398
473 11419
474 11449
475 11453
476 11500
477 11542
478 11562
479 11608
480 11646
481 11675
482 11707
483 11782
484 11799
485 11800
486 11803
487 11806
488 11820
489 11871
490 11878
491 11881
492 11882
493 11905
494 11940
495 11957
496 11986
497 12012
498 12046
499 12089
500 12094
501 12116
502 12154
503 12169
504 12183
505 12191
506 12200
507 12286
508 12307
509 12309
510 12322
511 12331
512 12341
513 12358
514 12404
515 12408
516 12435
517 12444
518 12520
519 12541
520 12602
521 12611
522 12634
523 12657
524 12664
525 12736
526 12744
527 12760
528 12785
529 12805
530 12806
531 12841
532 12973
533 12983
534 13043
535 13060
536 13157
537 13237
538 13245
539 13263
540 13282
541 13289
542 13354
543 13374
544 13388
545 13400
546 13426
547 13451
548 13474
549 13480
550 13571
551 13579
552 13581
553 13624
554 13654
555 13714
556 13757
557 13851
558 13861
559 13980
560 13989
561 14028
562 14070
563 14072
564 14074
565 14082
566 14140
567 14175
568 14182
569 14185
570 14235
571 14241
572 14276
573 14346
574 14377
575 14436
576 14481
577 14565
578 14571
579 14609
580 14622
581 14639
582 14800
583 14875
584 14881
585 14906
586 14939
587 14993
588 15002
589 15055
590 15083
591 15088
592 15098
593 15102
594 15135
595 15206
596 15231
597 15249
598 15366
599 15385
600 15516
601 15517
602 15587
603 15631
604 15640
605 15642
606 15666
607 15738
608 15742
609 15762
610 15791
611 15809
612 15841
613 15855
614 15858
615 15960
616 15963
617 15981
618 16018
619 16048
620 16091
621 16098
622 16114
623 16225
624 16231
625 16386
626 16390
627 16474
628 16561
629 16596
630 16676
631 16678
632 16681
633 16698
634 16711
635 16814
636 16850
637 17076
638 17087
639 17109
640 17169
641 17170
642 17200
643 17227
644 17362
645 17551
646 17587
647 17628
648 17676
649 17728
650 17741
651 17893
652 17989
653 18070
654 18088
655 18115
656 18174
657 18228
658 18255
659 18280
660 18405
661 18443
662 18446
663 18527
664 18539
665 18563
666 18623
667 18632
668 18670
669 18793
670 18795
671 18812
672 18853
673 18889
674 19043
675 19083
676 19195
677 19295
678 19302
679 19323
680 19330
681 19361
682 19378
683 19405
684 19636
685 19642
686 19690
687 19731
688 19747
689 19770
690 19775
691 19802
692 19813
693 19816
694 19852
695 19860
696 19886
697 20003
698 20034
699 20071
700 20123
701 20157
702 20201
703 20259
704 20331
705 20333
706 20371
707 20401
708 20430
709 20437
710 20460
711 20477
712 20480
713 20604
714 20643
715 20670
716 20675
717 20713
718 20726
719 20797
720 20813
721 20825
722 20832
723 20850
724 20919
725 20947
726 20954
727 20962
728 21017
729 21100
730 21276
731 21301
732 21336
733 21405
734 21595
735 21669
736 21677
737 21678
738 21753
739 21814
740 21830
741 21866
742 21877
743 21882
744 21903
745 21933
746 21942
747 21955
748 22010
749 22018
750 22030
751 22075
752 22116
753 22151
754 22201
755 22249
756 22306
757 22357
758 22377
759 22409
760 22542
761 22559
762 22577
763 22618
764 22665
765 22722
766 22792
767 22795
768 22842
769 22876
770 22916
771 22923
772 23083
773 23100
774 23104
775 23154
776 23197
777 23295
778 23358
779 23399
780 23469
781 23523
782 23542
783 23588
784 23605
785 23615
786 23647
787 23676
788 23681
789 23725
790 23797
791 23813
792 23879
793 24001
794 24110
795 24192
796 24263
797 24280
798 24309
799 24312
800 24314
801 24367
802 24425
803 24463
804 24580
805 24588
806 24668
807 24796
808 24852
809 24859
810 24869
811 24881
812 24912
813 24923
814 24934
815 25038
816 25076
817 25082
818 25131
819 25140
820 25145
821 25181
822 25215
823 25264
824 25278
825 25324
826 25369
827 25403
828 25407
829 25509
830 25524
831 25539
832 25564
833 25591
834 25657
835 25685
836 25708
837 25759
838 25779
839 25796
840 25883
841 25968
842 25978
843 25982
844 26007
845 26061
846 26153
847 26177
848 26182
849 26257
850 26271
851 26274
852 26317
853 26364
854 26372
855 26408
856 26451
857 26454
858 26507
859 26515
860 26574
861 26636
862 26674
863 26692
864 26720
865 26739
866 26742
867 26748
868 26764
869 26780
870 26798
871 26906
872 26983
873 27048
874 27176
875 27179
876 27195
877 27268
878 27332
879 27375
880 27402
881 27473
882 27479
883 27520
884 27643
885 27681
886 27746
887 27773
888 27794
889 27830
890 27837
891 27847
892 27849
893 27866
894 27909
895 27939
896 28093
897 28111
898 28118
899 28174
900 28312
901 28350
902 28407
903 28488
904 28505
905 28535
906 28568
907 28573
908 28583
909 28656
910 28720
911 28747
912 28783
913 28816
914 28895
915 28912
916 28931
917 28971
918 28982
919 29007
920 29082
921 29177
922 29235
923 29355
924 29363
925 29427
926 29443
927 29504
928 29561
929 29583
930 29624
931 29696
932 29737
933 29779
934 29785
935 29837
936 29877
937 29902
938 30037
939 30097
940 30198
941 30229
942 30242
943 30267
944 30268
945 30308
946 30338
947 30341
948 30343
949 30356
950 30366
951 30446
952 30448
953 30470
954 30555
955 30587
956 30597
957 30732
958 30735
959 30835
960 30863
961 30910
962 30922
963 30946
964 30973
965 31019
966 31068
967 31071
968 31105
969 31131
970 31199
971 31201
972 31247
973 31254
974 31326
975 31395
976 31429
977 31449
978 31482
979 31504
980 31514
981 31635
982 31672
983 31740
984 31764
985 31852
986 31872
987 31894
988 31909
989 31924
990 31997
991 32011
992 32088
993 32251
994 32269
995 32278
996 32296
997 32311
998 32368
999 32391
1000 32422
1001 32427
1002 32484
1003 32544
1004 32685
1005 32691
1006 32699
1007 32738
1008 32818
1009 32830
1010 32859
1011 32882
1012 32976
1013 33009
1014 33240
1015 33273
1016 33326
1017 33330
1018 33333
1019 33542
1020 33547
1021 33565
1022 33578
1023 33620
1024 33621
1025 33760
1026 33892
1027 33972
1028 34001
1029 34015
1030 34049
1031 34084
1032 34113
1033 34115
1034 34147
1035 34178
1036 34179
1037 34203
1038 34241
1039 34352
1040 34395
1041 34407
1042 34522
1043 34573
1044 34632
1045 34733
1046 34834
1047 34874
1048 34947
1049 34993
1050 35034
1051 35090
1052 35139
1053 35177
1054 35306
1055 35328
1056 35606
1057 35674
1058 35691
1059 35758
1060 35843
1061 35987
1062 36055
1063 36071
1064 36092
1065 36114
1066 36167
1067 36286
1068 36288
1069 36295
1070 36384
1071 37543
1072 37641
1073 37644
1074 37662
1075 37756
1076 37881
1077 37904
1078 37919
1079 37998
1080 38005
1081 38021
1082 38033
1083 38077
1084 38121
1085 38151
1086 38286
1087 38343
1088 38348
1089 38404
1090 38608
1091 38761
1092 38800
1093 38823
1094 38865
1095 38949
1096 39087
1097 39090
1098 39124
1099 39128
1100 39165
1101 39193
1102 39205
1103 39215
1104 39253
1105 39347
1106 39442
1107 39467
1108 39476
1109 39497
1110 39542
1111 39590
1112 39595
1113 39602
1114 39706
1115 39732
1116 40843
1117 40894
1118 40907
1119 40949
1120 40960
1121 40983
1122 41030
1123 41065
1124 41138
1125 41199
1126 41254
1127 41265
1128 41272
1129 41352
1130 41373
1131 41399
1132 41444
1133 41476
1134 41512
1135 41518
1136 41544
1137 41624
1138 41680
1139 41735
1140 41738
1141 41770
1142 41779
1143 41816
1144 41858
1145 41903
1146 41961
1147 43060
1148 43068
1149 43069
1150 43175
1151 43195
1152 43238
1153 43293
1154 43361
1155 43406
1156 43573
1157 43630
1158 43711
1159 43714
1160 43722
1161 43768
1162 43813
1163 43827
1164 43833
1165 43853
1166 43859
1167 43876
1168 43953
1169 43969
1170 43971
1171 44017
1172 44087
1173 44139
1174 44196
1175 44232
1176 44247
1177 44265
1178 44284
1179 44323
1180 44576
1181 44601
1182 44628
1183 44640
1184 44685
1185 44712
1186 44722
1187 44934
1188 44990
1189 45245
1190 45248
1191 45270
1192 45275
1193 45281
1194 45349
1195 45448
1196 45578
1197 45598
1198 45626
1199 45644
1200 45653
1201 45707
1202 45759
1203 45838
1204 45898
1205 45963
1206 45998
1207 46020
1208 46110
1209 46112
1210 46157
1211 46227
1212 46240
1213 46249
1214 46267
1215 46272
1216 46292
1217 46318
1218 46324
1219 46332
1220 46353
1221 46380
1222 46520
1223 46540
1224 46573
1225 46601
1226 46643
1227 46743
1228 46767
1229 46788
1230 46801
1231 46838
1232 46893
1233 46929
1234 47105
1235 47122
1236 47178
1237 47224
1238 47252
1239 47368
1240 47477
1241 47527
1242 47754
1243 47783
1244 47805
1245 47847
1246 47859
1247 47901
1248 47934
1249 47951
1250 48019
1251 48116
1252 48275
1253 48284
1254 48375
1255 48392
1256 48399
1257 48497
1258 48589
1259 48615
1260 48672
1261 49745
1262 49826
1263 49839
1264 49853
1265 49936
1266 50106
1267 50142
1268 50156
1269 50160
1270 51178
1271 51220
1272 51522
1273 51556
1274 51631
1275 51791
1276 51800
1277 51875
1278 52001
1279 52012
1280 52048
1281 52071
1282 52176
1283 52249
1284 52273
1285 52417
1286 52432
1287 52452
1288 52527
1289 52907
1290 52943
1291 53012
1292 53230
1293 53306
1294 53318
1295 53334
1296 53338
1297 53482
1298 53530
1299 53558
1300 53587
1301 53648
1302 53731
1303 53802
1304 54010
1305 54162
1306 54184
1307 54323
1308 54392
1309 54422
1310 54431
1311 54493
1312 54534
1313 54615
1314 54674
1315 54717
1316 54814
1317 54896
1318 54907
1319 54912
1320 54950
1321 54975
1322 54979
1323 54995
1324 55063
1325 55143
1326 55204
1327 55258
1328 55444
1329 55487
1330 55660
1331 55663
1332 55751
1333 55768
1334 56024
1335 56062
1336 56144
1337 56170
1338 56202
1339 56245
1340 56296
1341 56388
1342 56496
1343 56598
1344 56833
1345 56892
1346 56956
1347 57030
1348 57057
1349 57228
1350 57299
1351 57313
1352 57390
1353 57397
1354 57451
1355 57515
1356 57561
1357 57799
1358 57871
1359 57901
1360 58018
1361 58046
1362 58069
1363 58136
1364 58185
1365 59221
1366 59247
1367 59316
1368 59327
1369 59333
1370 59359
1371 59469
1372 59502
1373 59514
1374 59568
1375 59579
1376 59710
1377 59782
1378 59831
1379 59921
1380 59945
1381 59978
1382 60020
1383 60095
1384 60170
1385 60202
1386 60226
1387 60299
1388 60315
1389 60409
1390 60422
1391 60519
1392 60662
1393 60681
1394 60690
1395 60706
1396 60746
1397 60758
1398 60763
1399 60830
1400 60848
1401 60860
1402 61139
1403 61165
1404 61174
1405 61196
1406 61280
1407 61333
1408 61397
1409 61455
1410 61498
1411 61536
1412 61569
1413 61679
1414 61699
1415 61796
1416 61810
1417 61899
1418 61918
1419 62008
1420 62056
1421 62117
1422 62151
1423 62177
1424 62343
1425 62513
1426 62664
1427 62669
1428 62803
1429 62888
1430 62980
1431 63045
1432 63070
1433 63163
1434 63164
1435 63253
1436 63256
1437 63278
1438 63383
1439 63394
1440 63558
1441 63660
1442 63987
1443 64027
1444 64072
1445 64120
1446 64124
1447 64232
1448 64240
1449 64555
1450 64562
1451 64673
1452 64703
1453 64707
1454 64862
1455 64869
1456 64949
1457 65029
1458 65068
1459 65084
1460 65141
1461 65208
1462 65237
1463 65410
1464 65518
1465 65524
1466 65549
1467 65647
1468 65651
1469 65672
1470 65688
1471 65784
1472 65794
1473 65812
1474 65825
1475 65857
1476 66057
1477 66169
1478 66234
1479 66249
1480 66268
1481 66276
1482 66350
1483 66498
1484 66521
1485 66531
1486 66614
1487 66770
1488 66773
1489 66818
1490 66834
1491 66851
1492 67158
1493 67181
1494 67211
1495 67350
1496 67432
1497 67616
1498 67755
1499 67756
1500 67774
1501 67957
1502 67983
1503 68020
1504 68025
1505 68108
1506 68302
1507 68381
1508 68398
1509 68530
1510 68556
1511 68599
1512 68721
1513 68728
1514 68841
1515 68961
1516 69013
1517 69080
1518 69133
1519 69134
1520 69178
1521 69289
1522 69448
1523 69510
1524 69550
1525 69559
1526 69667
1527 69828
1528 69936
1529 69949
1530 69997
1531 70035
1532 70047
1533 70050
1534 70060
1535 70318
1536 70376
1537 70452
1538 70484
1539 70496
1540 70541
1541 70562
1542 70601
1543 70604
1544 70651
1545 70728
1546 70751
1547 70823
1548 70887
1549 70897
1550 70919
1551 70921
1552 70979
1553 70993
1554 71017
1555 71069
1556 71119
1557 71120
1558 71184
1559 71263
1560 71292
1561 71432
1562 71455
1563 71503
1564 71509
1565 71582
1566 71611
1567 71620
1568 71661
1569 71706
1570 71763
1571 71788
1572 71949
1573 71987
1574 71994
1575 72119
1576 72315
1577 72421
1578 72636
1579 72664
1580 72686
1581 72689
1582 72824
1583 73094
1584 73225
1585 73262
1586 73279
1587 73373
1588 73403
1589 73422
1590 73466
1591 73515
1592 73532
1593 73564
1594 73626
1595 73692
1596 73713
1597 73745
1598 73766
1599 73769
1600 73803
1601 73867
1602 73942
1603 73959
1604 73961
1605 73962
1606 74051
1607 74185
1608 74324
1609 74456
1610 74569
1611 74625
1612 74666
1613 74780
1614 74892
1615 75032
1616 75222
1617 75229
1618 75349
1619 75363
1620 75465
1621 75471
1622 75557
1623 75605
1624 75619
1625 75753
1626 75911
1627 75945
1628 76096
1629 76162
1630 76299
1631 76366
1632 76770
1633 76835
1634 76939
1635 76978
1636 77038
1637 77368
1638 77373
1639 77384
1640 77410
1641 77495
1642 77558
1643 77606
1644 77641
1645 77894
1646 77976
1647 78112
1648 78118
1649 78222
1650 78414
1651 78419
1652 78442
1653 78519
1654 78552
1655 78586
1656 78624
1657 78684
1658 78730
1659 78846
1660 79013
1661 79101
1662 79146
1663 79331
1664 79355
1665 79733
1666 79787
1667 79860
1668 79878
1669 80028
1670 80043
1671 80159
1672 80166
1673 80181
1674 80221
1675 80226
1676 80390
1677 80434
1678 80471
1679 80760
1680 80775
1681 80807
1682 80932
1683 80995
1684 81029
1685 81041
1686 81056
1687 81105
1688 81221
1689 81303
1690 81414
1691 81464
1692 81656
1693 81704
1694 81754
1695 81933
1696 82243
1697 82359
1698 82429
1699 82678
1700 82874
1701 82973
1702 83105
1703 83141
1704 83190
1705 83303
1706 83307
1707 83393
1708 83457
1709 83488
1710 83699
1711 83743
1712 83781
1713 83880
1714 86141
1715 86534
1716 86593
1717 86688
1718 86726
1719 86774
1720 86920
1721 86926
1722 87107
1723 87213
1724 87332
1725 87342
1726 87346
1727 87534
1728 87560
1729 87731
1730 87751
1731 87796
1732 87817
1733 87874
1734 87984
1735 87986
1736 88059
1737 88145
1738 88199
1739 88322
1740 88428
1741 88486
1742 88572
1743 88679
1744 88724
1745 88749
1746 88819
1747 88826
1748 88925
1749 88935
1750 89035
1751 89072
1752 89075
1753 89077
1754 89173
1755 89477
1756 89518
1757 89570
1758 89618
1759 89659
1760 89792
1761 89804
1762 90224
1763 90242
1764 90257
1765 90338
1766 90398
1767 90418
1768 90533
1769 90556
1770 90592
1771 90646
1772 90804
1773 90830
1774 90903
1775 90979
1776 91158
1777 91243
1778 91302
1779 91316
1780 91331
1781 91378
1782 91501
1783 91507
1784 91685
1785 91881
1786 91895
1787 92030
1788 92037
1789 92050
1790 92051
1791 92109
1792 92244
1793 92274
1794 92465
1795 92516
1796 92535
1797 92715
1798 92719
1799 92758
1800 92825
1801 92933
1802 92969
1803 93059
1804 93183
1805 93567
1806 93599
1807 93634
1808 93671
1809 93698
1810 93703
1811 93938
1812 94103
1813 94153
1814 94181
1815 94183
1816 94356
1817 94375
1818 94416
1819 94471
1820 94538
1821 94560
1822 94573
1823 94635
1824 94832
1825 95023
1826 95705
1827 95815
1828 95974
1829 95998
1830 96010
1831 96033
1832 96045
1833 96074
1834 96081
1835 96190
1836 96327
1837 96362
1838 96466
1839 96572
1840 96596
1841 96622
1842 97713
1843 97829
1844 97893
1845 97922
1846 97959
1847 98011
1848 98119
1849 98398
1850 98485
1851 98552
1852 98600
1853 98680
1854 98684
1855 98703
1856 98714
1857 98761
1858 98844
1859 98966
1860 99016
1861 99037
1862 99140
1863 99252
1864 99283
1865 99285
1866 99326
1867 99520
1868 99559
1869 99590
1870 99614
1871 99636
1872 99699
1873 99731
1874 100277
1875 100415
1876 100444
1877 100553
1878 100578
1879 100794
1880 100816
1881 100951
1882 101268
1883 101393
1884 101402
1885 101461
1886 101548
1887 101675
1888 101895
1889 101913
1890 101919
1891 102032
1892 102097
1893 102222
1894 102259
1895 102315
1896 102409
1897 102410
1898 102670
1899 102822
1900 102941
1901 103171
1902 103328
1903 103419
1904 103447
1905 103516
1906 103535
1907 103576
1908 103616
1909 103685
1910 103766
1911 103790
1912 103893
1913 103951
1914 104020
1915 104031
1916 104101
1917 104493
1918 104511
1919 104523
1920 104653
1921 104793
1922 104832
1923 104857
1924 105144
1925 105201
1926 105256
1927 105318
1928 105356
1929 105433
1930 105439
1931 105460
1932 105554
1933 105593
1934 105707
1935 105713
1936 105782
1937 105802
1938 105912
1939 105935
1940 105949
1941 106023
1942 106066
1943 106098
1944 106102
1945 106124
1946 106605
1947 106754
1948 106808
1949 106990
1950 107031
1951 107061
1952 107152
1953 107165
1954 107171
1955 107191
1956 107584
1957 107709
1958 107824
1959 107845
1960 107904
1961 107930
1962 107963
1963 108008
1964 108014
1965 108224
1966 108413
1967 108546
1968 108626
1969 108802
1970 108817
1971 108925
1972 108971
1973 109142
1974 109343
1975 109346
1976 109368
1977 109533
1978 109535
1979 109536
1980 109731
1981 109736
1982 109738
1983 109739
1984 109877
1985 109884
1986 109888
1987 109897
1988 109910
1989 109964
1990 109991
1991 109995
1992 110231
1993 110241
1994 110546
1995 110645
1996 110669
1997 110703
1998 110739
1999 110747
2000 110763
2001 110810
2002 110820
2003 110844
2004 110870
2005 110994
2006 111006
2007 111017
2008 111103
2009 111167
2010 111296
2011 111358
2012 111427
2013 111449
2014 111538
2015 111587
2016 111644
2017 111652
2018 111679
2019 111761
2020 111770
2021 111875
2022 111917
2023 111955
2024 112096
2025 112097
2026 112190
2027 112249
2028 112343
2029 112354
2030 112424
2031 112461
2032 112466
2033 112483
2034 112615
2035 112668
2036 112828
2037 112861
2038 112866
2039 112949
2040 112959
2041 113087
2042 113092
2043 113104
2044 113135
2045 113235
2046 113242
2047 113294
2048 113321
2049 113431
2050 113643
2051 113677
2052 113749
2053 113776
2054 113818
2055 114022
2056 114033
2057 114069
2058 114120
2059 114206
2060 114280
2061 114399
2062 114496
2063 114503
2064 114523
2065 114525
2066 114591
2067 114669
2068 114785
2069 114958
2070 114994
2071 115070
2072 115088
2073 115188
2074 116281
2075 116290
2076 116302
2077 116430
2078 116452
2079 116499
2080 116595
2081 116608
2082 116757
2083 116851
2084 116921
2085 116960
2086 117013
2087 117101
2088 117102
2089 117152
2090 117237
2091 117354
2092 117369
2093 118629
2094 118633
2095 118768
2096 119103
2097 119126
2098 119254
2099 119593
2100 119636
2101 119688
2102 119732
2103 119838
2104 119858
2105 119950
2106 119999
2107 120015
2108 120036
2109 121299
2110 121353
2111 121406
2112 121451
2113 121497
2114 121546
2115 121551
2116 121775
2117 121781
2118 121809
2119 121830
2120 122102
2121 122126
2122 122273
2123 122374
2124 122469
2125 122474
2126 122505
2127 122601
2128 122637
2129 122659
2130 122687
2131 122742
2132 122785
2133 122830
2134 122911
2135 122921
2136 122933
2137 123039
2138 123109
2139 123124
2140 123156
2141 123353
2142 123456
2143 123525
2144 123639
2145 123674
2146 123725
2147 123874
2148 125903
2149 125932
2150 125977
2151 125995
2152 126077
2153 126088
2154 126101
2155 126201
2156 126206
2157 126214
2158 126374
2159 126471
2160 126504
2161 126512
2162 126533
2163 126622
2164 126636
2165 126711
2166 126847
2167 126967
2168 126987
2169 127002
2170 127259
2171 127282
2172 127382
2173 127420
2174 127472
2175 127502
2176 127543
2177 127695
2178 127745
2179 127752
2180 127766
2181 127770
2182 127791
2183 127796
2184 127797
2185 128161
2186 128310
2187 128315
2188 128356
2189 128374
2190 128408
2191 128468
2192 128512
2193 128598
2194 128626
2195 128627
2196 128650
2197 128705
2198 128785
2199 128816
2200 128882
2201 128938
2202 129134
2203 129143
2204 129160
2205 129267
2206 129429
2207 129449
2208 129492
2209 129626
2210 129632
2211 129731
2212 129873
2213 129978
2214 129987
2215 130098
2216 130239
2217 130268
2218 130368
2219 130412
2220 130457
2221 130459
2222 130521
2223 130567
2224 130594
2225 130649
2226 130688
2227 130721
2228 130754
2229 130803
2230 130829
2231 130985
2232 130996
2233 131014
2234 131272
2235 131457
2236 131459
2237 131487
2238 131494
2239 131674
2240 131732
2241 131738
2242 131812
2243 132114
2244 132123
2245 132195
2246 132372
2247 132515
2248 132566
2249 132613
2250 132719
2251 132720
2252 132754
2253 132852
2254 132892
2255 132974
2256 133032
2257 133091
2258 133198
2259 133270
2260 133366
2261 133376
2262 133398
2263 133459
2264 133494
2265 133664
2266 133758
2267 133866
2268 133915
2269 134071
2270 134076
2271 134119
2272 134226
2273 134229
2274 134274
2275 134356
2276 134473
2277 134683
2278 134704
2279 134705
2280 134831
2281 134843
2282 134849
2283 134943
2284 134960
2285 135013
2286 135063
2287 135180
2288 135186
2289 135346
2290 135465
2291 135472
2292 135477
2293 135520
2294 135521
2295 135539
2296 135569
2297 135602
2298 135610
2299 135676
2300 135764
2301 135872
2302 136477
2303 136486
2304 136542
2305 136724
2306 136752
2307 136775
2308 136797
2309 136860
2310 137122
2311 137207
2312 137221
2313 137229
2314 137350
2315 137354
2316 137460
2317 137504
2318 137538
2319 137560
2320 137811
2321 137860
2322 138011
2323 138087
2324 138095
2325 138151
2326 138297
2327 138325
2328 138404
2329 138451
2330 138598
2331 138679
2332 138690
2333 138892
2334 139055
2335 139067
2336 139153
2337 139346
2338 139398
2339 139544
2340 139545
2341 139616
2342 140923
2343 140927
2344 141058
2345 141143
2346 141158
2347 141258
2348 141303
2349 141331
2350 141354
2351 141468
2352 141802
2353 141839
2354 141856
2355 141865
2356 141875
2357 141898
2358 142061
2359 142132
2360 142169
2361 142193
2362 142352
2363 142413
2364 142435
2365 142531
2366 142548
2367 142732
2368 142805
2369 142971
2370 143385
2371 143576
2372 143593
2373 143630
2374 143823
2375 143843
2376 143998
2377 144078
2378 144101
2379 144294
2380 144329
2381 144337
2382 144356
2383 144393
2384 144406
2385 144546
2386 144572
2387 144641
2388 144694
2389 144696
2390 144736
2391 144779
2392 144819
2393 145110
2394 145158
2395 145331
2396 145400
2397 145458
2398 145560
2399 145772
2400 145811
2401 146003
2402 146010
2403 146166
2404 146253
2405 146499
2406 146585
2407 146666
2408 146867
2409 146871
2410 146931
2411 146984
2412 147070
2413 147096
2414 147239
2415 147346
2416 147433
2417 147499
2418 147539
2419 147826
2420 147847
2421 147893
2422 147896
2423 147987
2424 148028
2425 148116
2426 148189
2427 148203
2428 148216
2429 148298
2430 148309
2431 148337
2432 148378
2433 148418
2434 148489
2435 148602
2436 148656
2437 148676
2438 148709
2439 148761
2440 149214
2441 149314
2442 149516
2443 149744
2444 149832
2445 149920
2446 149977
2447 150009
2448 150050
2449 150128
2450 150139
2451 150373
2452 150387
2453 150446
2454 150493
2455 150503
2456 150598
2457 150687
2458 150847
2459 150899
2460 151121
2461 151150
2462 151331
2463 151332
2464 151374
2465 151640
2466 152731
2467 152808
2468 152880
2469 152906
2470 152924
2471 152979
2472 153361
2473 153385
2474 153478
2475 153538
2476 153657
2477 153791
2478 153806
2479 153807
2480 153904
2481 153926
2482 153937
2483 153965
2484 153990
2485 154088
2486 154227
2487 154307
2488 154350
2489 154403
2490 154443
2491 154461
2492 154468
2493 154580
2494 154651
2495 154735
2496 154753
2497 155169
2498 155360
2499 155425
2500 155539
2501 155823
2502 156251
2503 156280
2504 156286
2505 156308
2506 156529
2507 156606
2508 156715
2509 156740
2510 156861
2511 156879
2512 156884
2513 156890
2514 156907
2515 156934
2516 156943
2517 156984
2518 158246
2519 158319
2520 158462
2521 158532
2522 158757
2523 158803
2524 158824
2525 158938
2526 158946
2527 159021
2528 159101
2529 159273
2530 159374
2531 159436
2532 159590
2533 159685
2534 159734
2535 159880
2536 159922
2537 159937
2538 160042
2539 160347
2540 160413
2541 160548
2542 160718
2543 160759
2544 160937
2545 161013
2546 161085
2547 161126
2548 161163
2549 161176
2550 161267
2551 161275
2552 161406
2553 161453
2554 161662
2555 161683
2556 161796
2557 161819
2558 161821
2559 161859
2560 162105
2561 162119
2562 162184
2563 162213
2564 162514
2565 162552
2566 162704
2567 163082
2568 163217
2569 163225
2570 163378
2571 163439
2572 163546
2573 163604
2574 163691
2575 163780
2576 164083
2577 164455
2578 164490
2579 164665
2580 165004
2581 165091
2582 165197
2583 165212
2584 165476
2585 165526
2586 166073
2587 166095
2588 166367
2589 166568
2590 166798
2591 166966
2592 167077
2593 167098
2594 167114
2595 167250
2596 167282
2597 167311
2598 167312
2599 167690
2600 167888
2601 168066
2602 168129
2603 168218
2604 168533
2605 168536
2606 168546
2607 169003
2608 169009
2609 169209
2610 169257
2611 169275
2612 169553
2613 169730
2614 169745
2615 169964
2616 169969
2617 170229
2618 170318
2619 170502
2620 170635
2621 170725
2622 170768
2623 170882
2624 170962
2625 171107
2626 171247
2627 171881
2628 172068
2629 172076
2630 172624
2631 172739
2632 172939
2633 173000
2634 173085
2635 173207
2636 173281
2637 173639
2638 173751
2639 173768
2640 173790
2641 174135
2642 174150
2643 174164
2644 174413
2645 174521
2646 174541
2647 174569
2648 174746
2649 175188
2650 175292
2651 175344
2652 175444
2653 175985
2654 176050
2655 176077
2656 176220
2657 176239
2658 176358
2659 176518
2660 176537
2661 176650
2662 176731
2663 177049
2664 177113
2665 177297
2666 177588
2667 177734
2668 178061
2669 178169
2670 178371
2671 178417
2672 178601
2673 178710
2674 178826
2675 178831
2676 178837
2677 178865
2678 178944
2679 178960
2680 179046
2681 179082
2682 179180
2683 179309
2684 179353
2685 179388
2686 179523
2687 179535
2688 179574
2689 179592
2690 179595
2691 179636
2692 179671
2693 180698
2694 180998
2695 182302
2696 182309
2697 182668
2698 182686
2699 182688
2700 182836
2701 183216
2702 183501
2703 183527
2704 183882
2705 183928
2706 184186
2707 184225
2708 184277
2709 184317
2710 184374
2711 184474
2712 184659
2713 184898
2714 184947
2715 185110
2716 185231
2717 185509
2718 185519
2719 185630
2720 185939
2721 186034
2722 186170
2723 186199
2724 186323
2725 186869
2726 187076
2727 187098
2728 187254
2729 187403
2730 187456
2731 187508
2732 187917
2733 188418
2734 188650
2735 188673
2736 188796
2737 189060
2738 189181
2739 189299
2740 189367
2741 189600
2742 189653
2743 190344
2744 190471
2745 190558
2746 190591
2747 190983
2748 191013
2749 191042
2750 191062
2751 191425
2752 191451
2753 191777
2754 191786
2755 191942
2756 192125
2757 192185
2758 192318
2759 192527
2760 192713
2761 192891
2762 193188
2763 193205
2764 193237
2765 193585
2766 193609
2767 193684
2768 193864
2769 193918
2770 193954
2771 194257
2772 194280
2773 194334
2774 194367
2775 194661
2776 194733
2777 194936
2778 194986
2779 195297
2780 195648
2781 195915
2782 195951
2783 196100
2784 196127
2785 196136
2786 196153
2787 196383
2788 196564
2789 196726
2790 196848
2791 197292
2792 197487
2793 197595
2794 197713
2795 197848
2796 197973
2797 199352
2798 199606
2799 199632
2800 199995
2801 200078
2802 200097
2803 200143
2804 200173
2805 200198
2806 200378
2807 200752
2808 200868
2809 200932
2810 201235
2811 201343
2812 201393
2813 201482
2814 201492
2815 201786
2816 201835
2817 201877
2818 201973
2819 201992
2820 202330
2821 202441
2822 202522
2823 202628
2824 202669
2825 202823
2826 203003
2827 203067
2828 203493
2829 203697
2830 203746
2831 204029
2832 204090
2833 204094
2834 204100
2835 205222
2836 205370
2837 205513
2838 205552
2839 205553
2840 205810
2841 205881
2842 205981
2843 206048
2844 206440
2845 206579
2846 206790
2847 206822
2848 207201
2849 207295
2850 207416
2851 207421
2852 207644
2853 207816
2854 207906
2855 208014
2856 208516
2857 209522
2858 209828
2859 209854
2860 210552
2861 211246
2862 211293
2863 211444
2864 211706
2865 211708
2866 211773
2867 211857
2868 211908
2869 212142
2870 212421
2871 212494
2872 212546
2873 212895
2874 212962
2875 213279
2876 213337
2877 213886
2878 214552
2879 214674
2880 215220
2881 215353
2882 215747
2883 215788
2884 215809
2885 216276
2886 216342
2887 216479
2888 216495
2889 216577
2890 216629
2891 217025
2892 217034
2893 217545
2894 217567
2895 217589
2896 217821
2897 218051
2898 218370
2899 218614
2900 218668
2901 218983
2902 219133
2903 219282
2904 219582
2905 219681
2906 219710
2907 219806
2908 219897
2909 220112
2910 220329
2911 221027
2912 221339
2913 221395
2914 221851
2915 222014
2916 222284
2917 222622
2918 222736
2919 223002
2920 223565
2921 223824
2922 223935
2923 223991
2924 223995
2925 224351
2926 225207
2927 225413
2928 225436
2929 225668
2930 225693
2931 225733
2932 225831
2933 226088
2934 226266
2935 226313
2936 226745
2937 226882
2938 227138
2939 227213
2940 227853
2941 227960
2942 228183
2943 228279
2944 228346
2945 228401
2946 228802
2947 228887
2948 229047
2949 229076
2950 229168
2951 229198
2952 229464
2953 229480
2954 229931
2955 230036
2956 230054
2957 230227
2958 230249
2959 230495
2960 230685
2961 230751
2962 230973
2963 231017
2964 231085
2965 231732
2966 232028
2967 232298
2968 232589
2969 232717
2970 232875
2971 233125
2972 233266
2973 233328
2974 233497
2975 233798
2976 233844
2977 234018
2978 234120
2979 234304
2980 234495
2981 234538
2982 234734
2983 234938
2984 235019
2985 235079
2986 235285
2987 235413
2988 235450
2989 235574
2990 236145
2991 237306
2992 237497
2993 237588
2994 237612
2995 238782
2996 238893
2997 239218
2998 239250
2999 240106
3000 241043
3001 241050
3002 241355
3003 241896
3004 241943
3005 242068
3006 242086
3007 242499
3008 242665
3009 242688
3010 243144
3011 243565
3012 243775
3013 243946
3014 244158
3015 244401
3016 244470
3017 244606
3018 244650
3019 244885
3020 244922
3021 244972
3022 245215
3023 245223
3024 245253
3025 245499
3026 245692
3027 246050
3028 246342
3029 246808
3030 247056
3031 247106
3032 247394
3033 247585
3034 248649
3035 248661
3036 248850
3037 249239
3038 249307
3039 249399
3040 249606
3041 249679
3042 249809
3043 249961
3044 250136
3045 250304
3046 250421
3047 250688
3048 250800
3049 251385
3050 251406
3051 251711
3052 251803
3053 251888
3054 252044
3055 252101
3056 252145
3057 252213
3058 252288
3059 252473
3060 252542
3061 252802
3062 252882
3063 252959
3064 253098
3065 253415
3066 253475
3067 253552
3068 254088
3069 254266
3070 254585
3071 254784
3072 254857
3073 255166
3074 255340
3075 255909
3076 255947
3077 255976
3078 256008
3079 256023
3080 256285
3081 256570
3082 256674
3083 256739
3084 256818
3085 256955
3086 257153
3087 257247
3088 257383
3089 257476
3090 257608
3091 257693
3092 257720
3093 257819
3094 257826
3095 257848
3096 258395
3097 258511
3098 258613
3099 258737
3100 258931
3101 259141
3102 259334
3103 259346
3104 259501
3105 259732
3106 259759
3107 260823
3108 261018
3109 261166
3110 261246
3111 261303
3112 261571
3113 261654
3114 262005
3115 262101
3116 262298
3117 262382
3118 262530
3119 262820
3120 262877
3121 262953
3122 263197
3123 263222
3124 263561
3125 263574
3126 264029
3127 264082
3128 264165
3129 264231
3130 264240
3131 264295
3132 264412
3133 264441
3134 264509
3135 264569
3136 264817
3137 264869
3138 264928
3139 264950
3140 264991
3141 265249
3142 265285
3143 265301
3144 265459
3145 265750
3146 265809
3147 265958
3148 266114
3149 266127
3150 266308
3151 266309
3152 266359
3153 266492
3154 266561
3155 266834
3156 266992
3157 267035
3158 267036
3159 267196
3160 267208
3161 267209
3162 267293
3163 267371
3164 267474
3165 267492
3166 267852
3167 267866
3168 268009
3169 268023
3170 268062
3171 268271
3172 268454
3173 268470
3174 268509
3175 268568
3176 268575
3177 268631
3178 268666
3179 268733
3180 268818
3181 268831
3182 268844
3183 269090
3184 269185
3185 269350
3186 269492
3187 269563
3188 269669
3189 269852
3190 269892
3191 269945
3192 270020
3193 270030
3194 270139
3195 270375
3196 270427
3197 270600
3198 270621
3199 270982
3200 271031
3201 271203
3202 271339
3203 271419
3204 272599
3205 272775
3206 272791
3207 272831
3208 272893
3209 272918
3210 273006
3211 273076
3212 273160
3213 273218
3214 273224
3215 273272
3216 273780
3217 273870
3218 273888
3219 273964
3220 274070
3221 274109
3222 274167
3223 274226
3224 274227
3225 274440
3226 274492
3227 274858
3228 274930
3229 275032
3230 275089
3231 275219
3232 275271
3233 275340
3234 275363
3235 275645
3236 275711
3237 275733
3238 275830
3239 276405
3240 276574
3241 276724
3242 276932
3243 277125
3244 277318
3245 277347
3246 277512
3247 277625
3248 277855
3249 277858
3250 278178
3251 278249
3252 278282
3253 278288
3254 278402
3255 278628
3256 278664
3257 278759
3258 278870
3259 279051
3260 279394
3261 279783
3262 279880
3263 280282
3264 280725
3265 280969
3266 281297
3267 281483
3268 281660
3269 281667
3270 282047
3271 282286
3272 282459
3273 282745
3274 283274
3275 283305
3276 283682
3277 283730
3278 283823
3279 284217
3280 284385
3281 284444
3282 284450
3283 284724
3284 284896
3285 285186
3286 285317
3287 285348
3288 285478
3289 285922
3290 285933
3291 286360
3292 286457
3293 286576
3294 286767
3295 286964
3296 287126
3297 287160
3298 287581
3299 287622
3300 287877
3301 287887
3302 287949
3303 288013
3304 288287
3305 288339
3306 288351
3307 288357
3308 288472
3309 288614
3310 288762
3311 289041
3312 289101
3313 289108
3314 289628
3315 289924
3316 290049
3317 290074
3318 290132
3319 290340
3320 290472
3321 290688
3322 290690
3323 290906
3324 291186
3325 291481
3326 291491
3327 291621
3328 291991
3329 292411
3330 292913
3331 292958
3332 293042
3333 293063
3334 293359
3335 293451
3336 293831
3337 293873
3338 294271
3339 294833
3340 294965
3341 294966
3342 294984
3343 295232
3344 295282
3345 295365
3346 295412
3347 295478
3348 295569
3349 296189
3350 296391
3351 296601
3352 296650
3353 296719
3354 296736
3355 297146
3356 297729
3357 298080
3358 298257
3359 298790
3360 299286
3361 299504
3362 299526
3363 299608
3364 299721
3365 299723
3366 299738
3367 299834
3368 300146
3369 300242
3370 300309
3371 300568
3372 300667
3373 300718
3374 300782
3375 300829
3376 301076
3377 301242
3378 301267
3379 301307
3380 302232
3381 302269
3382 302307
3383 302342
3384 302370
3385 302445
3386 302487
3387 302633
3388 302795
3389 302811
3390 302825
3391 303234
3392 303298
3393 303412
3394 303724
3395 303747
3396 303804
3397 303815
3398 303844
3399 303977
3400 304212
3401 304245
3402 304370
3403 304651
3404 304776
3405 304837
3406 304859
3407 304992
3408 304993
3409 305093
3410 305246
3411 305501
3412 305563
3413 305627
3414 305706
3415 305942
3416 306013
3417 306036
3418 306438
3419 306684
3420 307026
3421 307078
3422 307101
3423 307113
3424 307300
3425 307654
3426 307714
3427 307854
3428 308181
3429 308261
3430 308413
3431 308494
3432 308580
3433 308617
3434 308735
3435 308917
3436 309019
3437 309043
3438 309389
3439 309410
3440 309656
3441 310060
3442 310391
3443 310472
3444 310671
3445 310820
3446 310838
3447 310881
3448 311127
3449 311145
3450 311468
3451 311522
3452 311558
3453 311606
3454 311652
3455 312229
3456 312289
3457 312402
3458 312406
3459 312478
3460 312824
3461 313084
3462 313673
3463 313740
3464 313758
3465 313973
3466 314185
3467 314391
3468 314536
3469 314637
3470 314885
3471 314904
3472 315970
3473 316135
3474 316487
3475 316848
3476 316936
3477 317226
3478 317359
3479 317521
3480 317672
3481 317838
3482 317899
3483 317989
3484 318178
3485 318397
3486 318398
3487 318621
3488 318634
3489 318657
3490 318976
3491 319040
3492 319123
3493 319235
3494 319392
3495 319819
3496 319909
3497 319911
3498 320001
3499 320197
3500 320308
3501 320608
3502 320858
3503 320947
3504 321540
3505 321781
3506 321799
3507 321811
3508 322145
3509 322762
3510 322912
3511 323076
3512 323097
3513 323350
3514 323708
3515 323834
3516 323977
3517 324273
3518 325447
3519 325450
3520 325535
3521 325602
3522 325733
3523 326114
3524 326529
3525 326967
3526 327076
3527 327186
3528 327303
3529 327706
3530 327960
3531 328494
3532 328523
3533 329044
3534 329292
3535 329318
3536 329376
3537 329604
3538 329781
3539 329831
3540 330008
3541 330120
3542 330453
3543 330505
3544 330554
3545 330994
3546 331276
3547 331699
3548 331774
3549 331976
3550 332395
3551 332461
3552 333025
3553 333619
3554 333996
3555 334004
3556 334145
3557 334307
3558 334509
3559 334926
3560 335091
3561 335184
3562 335258
3563 335439
3564 335476
3565 335788
3566 335905
3567 336133
3568 336206
3569 336548
3570 336644
3571 336709
3572 336802
3573 337423
3574 337898
3575 337945
3576 338089
3577 338461
3578 338469
3579 338711
3580 338731
3581 339150
3582 339489
3583 339504
3584 339559
3585 339621
3586 339645
3587 339675
3588 339826
3589 340131
3590 340170
3591 340285
3592 340357
3593 340479
3594 340659
3595 340860
3596 341038
3597 341225
3598 341242
3599 341273
3600 341400
3601 341563
3602 341809
3603 341869
3604 342072
3605 342105
3606 342447
3607 342686
3608 342862
3609 343002
3610 343363
3611 343439
3612 343474
3613 343515
3614 343652
3615 344681
3616 344720
3617 344747
3618 344918
3619 345022
3620 345381
3621 345404
3622 345455
3623 345554
3624 345555
3625 345861
3626 346253
3627 346407
3628 346683
3629 348026
3630 348222
3631 348232
3632 348271
3633 348359
3634 348588
3635 348756
3636 348892
3637 348950
3638 349014
3639 349032
3640 349115
3641 349169
3642 349418
3643 349536
3644 349672
3645 349888
3646 350061
3647 350185
3648 350404
3649 350496
3650 350568
3651 350805
3652 351108
3653 351309
3654 351517
3655 351547
3656 351861
3657 351866
3658 351880
3659 352602
3660 352901
3661 352905
3662 352914
3663 353080
3664 353081
3665 353244
3666 353253
3667 353624
3668 353649
3669 353667
3670 353742
3671 353984
3672 353986
3673 354098
3674 354159
3675 354263
3676 354314
3677 354554
3678 354889
3679 355224
3680 355351
3681 355366
3682 355515
3683 355525
3684 355566
3685 355726
3686 355774
3687 356065
3688 356173
3689 356257
3690 356366
3691 356412
3692 356551
3693 356706
3694 356709
3695 356776
3696 356886
3697 357039
3698 357119
3699 357387
3700 357860
3701 357970
3702 358007
3703 358202
3704 358355
3705 358842
3706 358894
3707 358943
3708 358956
3709 359046
3710 359088
3711 359381
3712 359604
3713 360007
3714 360211
3715 360307
3716 360393
3717 360582
3718 360690
3719 360930
3720 360989
3721 361196
3722 361590
3723 361620
3724 361679
3725 361699
3726 361915
3727 361935
3728 362109
3729 362780
3730 363056
3731 363126
3732 363306
3733 363394
3734 363541
3735 363748
3736 364488
3737 364771
3738 365390
3739 365462
3740 366078
3741 366089
3742 366745
3743 366833
3744 367089
3745 367378
3746 367622
3747 367717
3748 367780
3749 367792
3750 368186
3751 368378
3752 368648
3753 369680
3754 369712
3755 370142
3756 370873
3757 370899
3758 370901
3759 370926
3760 371162
3761 371332
3762 371381
3763 371402
3764 371615
3765 371902
3766 372024
3767 372095
3768 372221
3769 372380
3770 372477
3771 372547
3772 372653
3773 373085
3774 373132
3775 373239
3776 373250
3777 373298
3778 373357
3779 373449
3780 373463
3781 373577
3782 374549
3783 374647
3784 374779
3785 375010
3786 375027
3787 375133
3788 375209
3789 375904
3790 376161
3791 376501
3792 376658
3793 376866
3794 377352
3795 377599
3796 377926
3797 378506
3798 378647
3799 378837
3800 378865
3801 379069
3802 379179
3803 379193
3804 379280
3805 379482
3806 379892
3807 379993
3808 380073
3809 380155
3810 380415
3811 380487
3812 380748
3813 380870
3814 380892
3815 381492
3816 381550
3817 381625
3818 381828
3819 382128
3820 382429
3821 382667
3822 382736
3823 382849
3824 383704
3825 384187
3826 385085
3827 385298
3828 385314
3829 385810
3830 385862
3831 386126
3832 386221
3833 386346
3834 386971
3835 387734
3836 388069
3837 388164
3838 388700
3839 388744
3840 388776
3841 388802
3842 389168
3843 389213
3844 389214
3845 389431
3846 389590
3847 389698
3848 389947
3849 389964
3850 390230
3851 390383
3852 390456
3853 391488
3854 392272
3855 392508
3856 392785
3857 392863
3858 393891
3859 394062
3860 394152
3861 394942
3862 394962
3863 394975
3864 395154
3865 395227
3866 395292
3867 395358
3868 395829
3869 396005
3870 396588
3871 396818
3872 396984
3873 397576
3874 397694
3875 397954
3876 397971
3877 398047
3878 398092
3879 398184
3880 398501
3881 399281
3882 399297
3883 399462
3884 399841
3885 399846
3886 400081
3887 400162
3888 401485
3889 401491
3890 401668
3891 401715
3892 401742
3893 402118
3894 402222
3895 402363
3896 402383
3897 402683
3898 402950
3899 403016
3900 403024
3901 403025
3902 403261
3903 403646
3904 403687
3905 403822
3906 403864
3907 404149
3908 404264
3909 404348
3910 404411
3911 404421
3912 404764
3913 405060
3914 405173
3915 405705
3916 405834
3917 405861
3918 405873
3919 406012
3920 406104
3921 406384
3922 406437
3923 407289
3924 407397
3925 407839
3926 407875
3927 407927
3928 409089
3929 409105
3930 409189
3931 409313
3932 409521
3933 409951
3934 410192
3935 410226
3936 410359
3937 410549
3938 410887
3939 411073
3940 411283
3941 411314
3942 411500
3943 412114
3944 412333
3945 412403
3946 413184
3947 413406
3948 413604
3949 413659
3950 413846
3951 414045
3952 414057
3953 414187
3954 414514
3955 414521
3956 414710
3957 414742
3958 415284
3959 415429
3960 415594
3961 415656
3962 416131
3963 416161
3964 416293
3965 416427
3966 416443
3967 417927
3968 418058
3969 418436
3970 418550
3971 419192
3972 419353
3973 419696
3974 419865
3975 420123
3976 420288
3977 420403
3978 420542
3979 420552
3980 420605
3981 420708
3982 421058
3983 421081
3984 421650
3985 421863
3986 421919
3987 421957
3988 422075
3989 422570
3990 422844
3991 422975
3992 423273
3993 423406
3994 423507
3995 423632
3996 423985
3997 424499
3998 424581
3999 424870
4000 425246
4001 425830
4002 426674
4003 426744
4004 426786
4005 426912
4006 426976
4007 427233
4008 427491
4009 427827
4010 427922
4011 427949
4012 428033
4013 428148
4014 428402
4015 428525
4016 428952
4017 429213
4018 429249
4019 429363
4020 429471
4021 429495
4022 429517
4023 429874
4024 429942
4025 429998
4026 430419
4027 430791
4028 431010
4029 431482
4030 431485
4031 431564
4032 431565
4033 431751
4034 431861
4035 432766
4036 433017
4037 433334
4038 433427
4039 433440
4040 433634
4041 434180
4042 434320
4043 434376
4044 434634
4045 434677
4046 434985
4047 435404
4048 435479
4049 435523
4050 436011
4051 436221
4052 436462
4053 436475
4054 436747
4055 437186
4056 437717
4057 437769
4058 438370
4059 438627
4060 438636
4061 438700
4062 438936
4063 439037
4064 439235
4065 439325
4066 439604
4067 439948
4068 440007
4069 440211
4070 440275
4071 440322
4072 440399
4073 440510
4074 441019
4075 441115
4076 441144
4077 441648
4078 442461
4079 442583
4080 442719
4081 442764
4082 443260
4083 443358
4084 443607
4085 443892
4086 443988
4087 444005
4088 444139
4089 444307
4090 444328
4091 444387
4092 444658
4093 444672
4094 444902
4095 444978
4096 445062
4097 445158
4098 445200
4099 445575
4100 445745
4101 446850
4102 446889
4103 446951
4104 447287
4105 448761
4106 449219
4107 449543
4108 449658
4109 449771
4110 450054
4111 450139
4112 450208
4113 450326
4114 450377
4115 450543
4116 450899
4117 451045
4118 451267
4119 451588
4120 451751
4121 451979
4122 452308
4123 452421
4124 452592
4125 452726
4126 452745
4127 452995
4128 453327
4129 453425
4130 453657
4131 453980
4132 454068
4133 454103
4134 454158
4135 454292
4136 454332
4137 455383
4138 455470
4139 455526
4140 456455
4141 456512
4142 456619
4143 456686
4144 456771
4145 456808
4146 457359
4147 457410
4148 457686
4149 457834
4150 457901
4151 458136
4152 458587
4153 458631
4154 458828
4155 459142
4156 459221
4157 459323
4158 459428
4159 459517
4160 459592
4161 459742
4162 459754
4163 459771
4164 459809
4165 460163
4166 460855
4167 461097
4168 461559
4169 461833
4170 461971
4171 462245
4172 462533
4173 462578
4174 462707
4175 462768
4176 463293
4177 463327
4178 463752
4179 464086
4180 464184
4181 464265
4182 464379
4183 464451
4184 464972
4185 465013
4186 465017
4187 465174
4188 465176
4189 465280
4190 465448
4191 465656
4192 465810
4193 465844
4194 465965
4195 466848
4196 466875
4197 466889
4198 467294
4199 467613
4200 467939
4201 468190
4202 468360
4203 468891
4204 469295
4205 469345
4206 469527
4207 469710
4208 469754
4209 469869
4210 469917
4211 469932
4212 470068
4213 470202
4214 470316
4215 470376
4216 470460
4217 470675
4218 470922
4219 471037
4220 472159
4221 472372
4222 472483
4223 472565
4224 472755
4225 472900
4226 473061
4227 473082
4228 473330
4229 473932
4230 474020
4231 474105
4232 474428
4233 474449
4234 475733
4235 476175
4236 476184
4237 476522
4238 476554
4239 476627
4240 476796
4241 476966
4242 476987
4243 477111
4244 477214
4245 477425
4246 477602
4247 477659
4248 477712
4249 477758
4250 477795
4251 478060
4252 478142
4253 478273
4254 478429
4255 478538
4256 479055
4257 479082
4258 479472
4259 479515
4260 479656
4261 480113
4262 480163
4263 480190
4264 480324
4265 480510
4266 480656
4267 480938
4268 481037
4269 481149
4270 481302
4271 481557
4272 481634
4273 482014
4274 483607
4275 483912
4276 483992
4277 484026
4278 484065
4279 484543
4280 484642
4281 484876
4282 484930
4283 485037
4284 485091
4285 485395
4286 485603
4287 485816
4288 486157
4289 486168
4290 486197
4291 486300
4292 486331
4293 486634
4294 486778
4295 486859
4296 486914
4297 487011
4298 487240
4299 487571
4300 487583
4301 488134
4302 488253
4303 488955
4304 488978
4305 488993
4306 489118
4307 489126
4308 489214
4309 489461
4310 489587
4311 489689
4312 490288
4313 490796
4314 490829
4315 491058
4316 492073
4317 492112
4318 492353
4319 492591
4320 492797
4321 492887
4322 492965
4323 494096
4324 494286
4325 494639
4326 494715
4327 494955
4328 495163
4329 495219
4330 495396
4331 495732
4332 495980
4333 496290
4334 496531
4335 496678
4336 496751
4337 496929
4338 497087
4339 497325
4340 497374
4341 497560
4342 497904
4343 498124
4344 498395
4345 498528
4346 498588
4347 499013
4348 499520
4349 500218
4350 500382
4351 500505
4352 500562
4353 500652
4354 500693
4355 500833
4356 500901
4357 502606
4358 502820
4359 502829
4360 503017
4361 503161
4362 503488
4363 504183
4364 504476
4365 504493
4366 505045
4367 505593
4368 505678
4369 505988
4370 506285
4371 506695
4372 506716
4373 506759
4374 506845
4375 507001
4376 507192
4377 507372
4378 507374
4379 507626
4380 507944
4381 508066
4382 508091
4383 508613
4384 508909
4385 509242
4386 509402
4387 509431
4388 509467
4389 509503
4390 509541
4391 509650
4392 509803
4393 510002
4394 510234
4395 510399
4396 510417
4397 510506
4398 511067
4399 511232
4400 511372
4401 511473
4402 511572
4403 511789
4404 511983
4405 512902
4406 512912
4407 513026
4408 513449
4409 513874
4410 514829
4411 514883
4412 515059
4413 515169
4414 515204
4415 515259
4416 515497
4417 516203
4418 516371
4419 516419
4420 516609
4421 29727
4422 476764
4423 149065
4424 65229
4425 338456
4426 432798
4427 41880
4428 4256
4429 202284
4430 155015
4431 439268
4432 369590
4433 95457
4434 401853
4435 29955
4436 286721
4437 266246
4438 313923
4439 24800
4440 72174
4441 275604
4442 456150
4443 61445
4444 89002
4445 130918
4446 45930
4447 22967
4448 279119
4449 356
4450 261650
4451 95355
4452 193663
4453 149082
4454 253543
4455 150994
4456 306662
4457 94235
4458 448724
4459 372306
4460 4047
4461 30574
4462 318286
4463 210087
4464 1544
4465 40965
4466 377382
4467 185452
4468 452452
4469 237268
4470 293947
4471 9221
4472 159674
4473 266507
4474 378312
4475 425013
4476 129190
4477 24771
4478 170338
4479 55598
4480 189031
4481 6912
4482 293106
4483 402251
4484 381981
4485 59513
4486 7232
4487 250363
4488 264202
4489 65608
4490 478132
4491 154105
4492 264351
4493 21319
4494 103024
4495 377212
4496 382704
4497 265913
4498 369162
4499 263846
4500 288035
4501 262521
4502 23876
4503 70855
4504 20619
4505 224675
4506 34312
4507 38424
4508 12462
4509 65339
4510 258008
4511 294047
4512 107443
4513 32481
4514 269966
4515 290799
4516 109833
4517 65751
4518 1530
4519 273852
4520 130800
4521 288980
4522 270
4523 246208
4524 172315
4525 95254
4526 449169
4527 315049
4528 17141
4529 6197
4530 420491
4531 363211
4532 262703
4533 296103
4534 113669
4535 63328
4536 123591
4537 34544
4538 212287
4539 471753
4540 386596
4541 77053
4542 7856
4543 448673
4544 205555
4545 127071
4546 6464
4547 225423
4548 22204
4549 41662
4550 80365
4551 32848
4552 7184
4553 438222
4554 183414
4555 506254
4556 29311
4557 426
4558 39677
4559 629
4560 3333
4561 99906
4562 25924
4563 322602
4564 223564
4565 47084
4566 27
4567 27138
4568 173496
4569 7654
4570 288604
4571 7777
4572 493698
4573 10674
4574 79426
4575 254085
4576 130552
4577 413741
4578 23441
4579 8502
4580 142005
4581 266684
4582 146993
4583 461488
4584 127431
4585 296521
4586 135478
4587 466335
4588 299645
4589 86233
4590 400102
4591 487692
4592 67609
4593 70882
4594 59929
4595 205186
4596 254777
4597 355926
4598 450187
4599 323050
4600 338917
4601 424268
4602 136182
4603 6686
4604 269313
4605 118570
4606 196006
4607 253762
4608 51603
4609 449333
4610 268011
4611 45767
4612 112118
4613 405765
4614 300551
4615 380352
4616 67826
4617 425649
4618 43232
4619 104335
4620 436972
4621 349882
4622 91192
4623 190308
4624 79392
4625 127330
4626 185298
4627 3264
4628 448763
4629 80256
4630 59859
4631 261680
4632 93
4633 170464
4634 17422
4635 14973
4636 434683
4637 57170
4638 284121
4639 4789
4640 60515
4641 297386
4642 34644
4643 7043
4644 320784
4645 126919
4646 222390
4647 26139
4648 397711
4649 242059
4650 9052
4651 333262
4652 25806
4653 376579
4654 40886
4655 136616
4656 321658
4657 43782
4658 170130
4659 18519
4660 121724
4661 113037
4662 293543
4663 156318
4664 175718
4665 434492
4666 1292
4667 163074
4668 38864
4669 206669
4670 60060
4671 202
4672 110960
4673 158421
4674 67804
4675 57383
4676 53005
4677 215047
4678 155727
4679 35156
4680 410604
4681 302553
4682 297279
4683 57413
4684 263791
4685 168237
4686 439511
4687 93588
4688 278299
4689 41
4690 245898
4691 89690
4692 197
4693 66092
4694 325776
4695 449201
4696 310029
4697 284158
4698 193364
4699 452428
4700 130450
4701 195842
4702 363490
4703 119387
4704 123483
4705 276251
4706 142672
4707 10464
4708 75576
4709 132886
4710 135618
4711 406592
4712 142159
4713 1074
4714 128323
4715 27096
4716 6400
4717 498556
4718 88504
4719 425834
4720 6450
4721 399463
4722 30501
4723 66941
4724 262813
4725 92284
4726 438167
4727 68829
4728 26605
4729 45514
4730 513474
4731 168684
4732 62
4733 55833
4734 1836
4735 94253
4736 505756
4737 367257
4738 87065
4739 10956
4740 1572
4741 467415
4742 25498
4743 32948
4744 134417
4745 292565
4746 9727
4747 428990
4748 157003
4749 364208
4750 162335
4751 384241
4752 289083
4753 143256
4754 148177
4755 44947
4756 34516
4757 449431
4758 362354
4759 245214
4760 6584
4761 63426
4762 3618
4763 23515
4764 98241
4765 1949
4766 4212
4767 326797
4768 429708
4769 322598
4770 121337
4771 123753
4772 29016
4773 78643
4774 214950
4775 344909
4776 82044
4777 477403
4778 143978
4779 132449
4780 275669
4781 464208
4782 104563
4783 270289
4784 1143
4785 12208
4786 10756
4787 30652
4788 165381
4789 6827
4790 12361
4791 17592
4792 72874
4793 233297
4794 10525
4795 452932
4796 134262
4797 375072
4798 142236
4799 374217
4800 111597
4801 154373
4802 11506
4803 485468
4804 37772
4805 197110
4806 31273
4807 80707
4808 486790
4809 71823
4810 122231
4811 293864
4812 25070
4813 33470
4814 427095
4815 448683
4816 13767
4817 9482
4818 104442
4819 6147
4820 65711
4821 1779
4822 132654
4823 41180
4824 143673
4825 150803
4826 149487
4827 194275
4828 448573
4829 25451
4830 17259
4831 4470
4832 348471
4833 3390
4834 101887
4835 296678
4836 9255
4837 95779
4838 269355
4839 432137
4840 2178
4841 3334
4842 400824
4843 185579
4844 31175
4845 11527
4846 127531
4847 290614
4848 99943
4849 147939
4850 1
4851 14968
4852 126108
4853 223610
4854 487722
4855 513839
4856 132499
4857 25698
4858 138770
4859 61579
4860 26499
4861 162020
4862 40999
4863 352659
4864 51908
4865 61422
4866 321668
4867 2328
4868 78392
4869 306305
4870 104153
4871 37912
4872 258706
4873 6898
4874 64452
4875 89098
4876 129525
4877 14700
4878 233409
4879 14165
4880 560
4881 499186
4882 466916
4883 461149
4884 192561
4885 10262
4886 350938
4887 158070
4888 9574
4889 53913
4890 3
4891 105592
4892 73654
4893 147908
4894 22578
4895 23767
4896 257018
4897 349403
4898 472000
4899 8622
4900 345598
4901 39100
4902 135016
4903 164511
4904 142344
4905 512462
4906 400654
4907 503023
4908 20802
4909 342328
4910 5994
4911 64086
