teamID questionID questionID ...
0 4850
1 4689
2 9
3 124
4 49
5 146
6 20
7 19
8 147
9 203
10 228
11 3915
12 3900
13 4160
14 0
15 621 170
16 587
17 586
18 593 96
19 665
20 767 561
21 623
22 1049
23 1114
24 567
25 608 625 631 1070 4836
26 1048
27 588
28 4461 763
29 991
30 716
31 628 604
32 630
33 897
34 576 970
35 566
36 575
37 585
38 606
39 951 1014
40 645
41 656
42 684 761
43 680
44 694
45 789
46 896 895
47 899
48 990
49 4813
50 1051
51 1117
52 1122
53 1197
54 4890
55 4566
56 17
57 57
58 37
59 58
60 78
61 5
62 1
63 63
64 38
65 188
66 4692
67 4632
68 2
69 61
70 8
71 22
72 18
73 27
74 280
75 170 271 319 406 621 768 794 1043 1056 4659
76 1088
77 686
78 620
79 231
80 4560 4642
81 690 687
82 366
83 180
84 304 59
85 377 357
86 184
87 4639
88 1401
89 1364
90 190 213 247 306 329 356 374 1028 1153 1511 4627
91 693
92 282 173
93 787 1219 4578
94 4871
95 372 300
96 2304
97 378 202
98 344
99 416 1628 2814
100 4831
101 1083 176
102 365
103 1580 4892
104 215 186
105 469 1146
106 189
107 4817
108 207 236 322 327
109 205
110 699 1086 1140 1245 1291 1369 2815 4427 4542 4554 4844 4888
111 440
112 4447
113 1406
114 2806
115 331 267
116 208
117 4762
118 4650
119 3162
120 1135 4571
121 2195
122 4460
123 2194 2821
124 264 358
125 1130 736
126 1644 1657
127 1630
128 340
129 466
130 465
131 4910
132 419
133 237
134 204
135 4546
136 183 400
137 1165
138 1078
139 192
140 193 1079
141 268 462
142 199
143 422
144 915 924
145 1494
146 211
147 218
148 223
149 243
150 310 411
151 279
152 241
153 396
154 258
155 286
156 2220
157 297
158 1553
159 307
160 311
161 1041
162 2677
163 346
164 682 772
165 961 882
166 941
167 397
168 417
169 3103
170 446
171 452
172 1598
173 629
174 2251
175 1505
176 2298
177 626
178 637
179 683 960 1099 1101 2181 2205 3120
180 1155
181 1391
182 4545
183 4645
184 2224
185 802
186 890
187 1263
188 1044
189 1080
190 1150
191 1362
192 1231
193 1274
194 1495
195 1833
196 1396
197 1469
198 1410
199 1417
200 1497 2813
201 4820
202 1475
203 4693
204 2170
205 1496
206 4674
207 1666
208 1599
209 1639
210 3099
211 4709
212 1834
213 1842
214 1855
215 1925
216 2942
217 2270
218 3084
219 2378
220 2799
221 2682
222 3100
223 3104
224 3131
225 246
226 201
227 688
228 195
229 1697
230 210
231 687 690 4766
232 2915
233 2981
234 68 116
235 3
236 111
237 4671
238 410
239 294
240 47 80
241 105
242 579 4471
243 354
244 21
245 401
246 1606
247 54
248 1169
249 117
250 4816
251 4765
252 106
253 745
254 1172
255 4481
256 1196
257 363
258 252
259 214
260 542
261 433
262 509
263 674
264 667
265 2585
266 935
267 1087
268 1633
269 4708
270 2882
271 2738
272 3290
273 4
274 135
275 172
276 263
277 134
278 281
279 1545
280 1211
281 13
282 4732
283 12
284 6
285 565
286 53
287 349
288 316 722
289 564
290 599
291 4864
292 1230
293 1286
294 2549 2611 2926 3882
295 3534
296 3035
297 3020
298 2584
299 2872 2203
300 2346 2934
301 4547 765
302 2624
303 2732
304 3460
305 4197
306 3330
307 2398
308 2442
309 2771
310 2555
311 3413
312 2866
313 4469
314 3841
315 4590
316 3732 3928
317 4736
318 4175
319 7
320 574
321 64
322 104
323 150
324 123
325 60
326 109
327 4464
328 4506
329 121
330 84
331 164
332 39
333 82
334 81
335 44
336 31
337 28
338 120
339 154
340 59 304 871 1001
341 25
342 66
343 115
344 65
345 4666
346 40
347 152
348 88
349 137
350 1706
351 114
352 4819
353 521
354 357 377
355 107
356 165
357 383
358 350
359 242
360 92
361 158 376
362 163
363 524
364 516
365 132
366 167
367 369
368 126
369 122
370 136
371 4899
372 272
373 4552 526
374 343
375 517
376 456
377 555
378 4508
379 533
380 554
381 10
382 1415
383 1237 1181
384 1081
385 1104 1095
386 1355
387 1405
388 96 464 589 593 632 795 888 903 995 1004 1107
389 4787
390 4557
391 41
392 213 190
393 1584
394 568
395 695
396 689
397 4471 579
398 139
399 527
400 14
401 15
402 16
403 649
404 342 2186 3576
405 257
406 4784
407 4830
408 98
409 29
410 35
411 45
412 46
413 1757
414 48
415 4851
416 782
417 387 500 2828
418 659
419 145
420 128 793 4535
421 2307
422 578 125
423 931
424 515
425 933
426 4743
427 2580
428 430 4528
429 458
430 412
431 920
432 559
433 1269
434 1550
435 2015
436 4548
437 778
438 2935
439 916
440 974
441 1305
442 4630
443 1959
444 4792
445 1997
446 2179
447 3166
448 2641
449 11
450 79
451 4680 3246
452 2432 2759 3482
453 3038 3414
454 2556
455 2218 2473 2529 3439 4149 4602 4866
456 2266
457 2232
458 2161
459 2215
460 2387 2697 4610
461 3029
462 3140
463 3192
464 3123 3265 3913
465 4682
466 3021 3274 3301 3778
467 2147 2523 2559 2649 4750
468 2167
469 2424
470 3090
471 2570
472 3234
473 2331
474 2574 2819
475 2790
476 2107
477 2386
478 3248 3220
479 2299
480 2613
481 2246
482 2311
483 3409
484 2143
485 2457
486 4810
487 2140
488 2163
489 4710
490 2651
491 2895
492 2396
493 2576
494 2588
495 2691
496 2720
497 2636
498 3438
499 3098
500 2831
501 3520
502 4498
503 3734
504 4470
505 4194
506 4838
507 4688
508 3227
509 3788
510 3340
511 3974
512 4238
513 295
514 619
515 157
516 949
517 173 282
518 118
519 222
520 239
521 313
522 245
523 425
524 4791
525 1346
526 468
527 498
528 1659
529 4578 787
530 4503
531 505
532 1586
533 550
534 2154
535 2353
536 561 767 800 4894
537 1139
538 300 353 372 1105 1116 3136
539 234
540 420
541 697
542 2611 2549
543 2518
544 3246 4680
545 2469
546 2408 3723 4595 4769
547 1185
548 1220
549 1928
550 482
551 333
552 2083
553 4534
554 442
555 945
556 413
557 552
558 441
559 492
560 504
561 738
562 707
563 1031
564 1860
565 3741
566 1265
567 1108
568 393
569 197
570 733 806
571 270
572 399
573 2711
574 3655
575 345
576 386
577 402
578 3799
579 557
580 1251 3926
581 4600 2070
582 2012 2211 2352 2463 2722 2877 2896 3546 3633 3667 3751 4231 4421 4440
583 3163
584 1771
585 2136
586 2093
587 727 775 776
588 2021
589 1327
590 912
591 2134
592 1499
593 1062
594 1090
595 1093
596 1147
597 4203
598 2344
599 1293
600 4889
601 1641
602 2793
603 1474
604 1483
605 1638
606 3986
607 1819
608 3447
609 3456
610 2863
611 2034
612 2127
613 2970
614 2612
615 2404
616 3137
617 2409
618 2451
619 2461
620 4853
621 2718
622 4288
623 4429
624 2770
625 2965
626 4255
627 3153
628 2827
629 2865
630 2950
631 3017
632 3025
633 3306
634 4872
635 3281
636 4711
637 3488
638 3700
639 3768
640 4063
641 50
642 141
643 119
644 87
645 804
646 112
647 287
648 90
649 127
650 2499
651 1145 4618
652 522
653 901
654 1604
655 1484
656 2226
657 202 375 378
658 4841
659 352
660 220
661 4873 4716
662 240
663 373
664 318
665 24
666 168
667 23
668 69
669 273
670 33
671 429
672 617
673 407
674 650
675 4522
676 639
677 1534
678 1556
679 43
680 26
681 227
682 32
683 3482 2432
684 3126
685 1684
686 2388
687 2480 2389
688 1751
689 1861
690 4701
691 3142 2370
692 2578
693 2467
694 1753
695 2504
696 2418
697 2280
698 3224
699 2109
700 2745
701 2407
702 4677
703 2763
704 2774
705 3572
706 4450
707 4631
708 3121
709 4488 3484
710 3147
711 3347
712 3361
713 4585
714 3837 3661
715 3589
716 3662
717 3842
718 4720
719 56
720 4760
721 3745
722 3461
723 3623
724 3394
725 3833
726 3395 3067
727 3949
728 3345
729 3411
730 4615
731 3360
732 3506
733 3015
734 3000
735 3354
736 3367
737 3424
738 3564
739 3709
740 3795
741 3807
742 30
743 4715
744 872
745 886
746 877
747 884
748 885
749 4449
750 62
751 34
752 571
753 176 1083
754 166
755 101
756 174
757 160
758 4865
759 4507
760 335
761 1264 3865
762 4734
763 4524
764 1525
765 1708
766 253 394
767 1774
768 314
769 250
770 108
771 443
772 435
773 1033 1767 1996 2662 2748
774 1084
775 2328
776 1428
777 1672
778 4527
779 1546
780 2249
781 1984
782 1916
783 2129
784 2478
785 4117
786 52
787 55
788 1202
789 1195
790 1232
791 2192
792 2245 1615
793 2303
794 1569
795 1342
796 1590
797 1574
798 1568
799 2078
800 2539
801 2583
802 2544
803 2637
804 2560
805 36
806 178
807 151
808 140
809 844
810 153
811 814
812 3908
813 42
814 93
815 186 215
816 224
817 216
818 513
819 1284
820 3011
821 1019
822 2540
823 2323 2858 2873
824 1341
825 4670
826 2063
827 2044
828 2271
829 4755
830 1233
831 70
832 731
833 103
834 518
835 529
836 917
837 4880
838 4559
839 288
840 67
841 51
842 85
843 4785
844 1111
845 788
846 653
847 367
848 327 207
849 75
850 3390
851 1552
852 364
853 1367
854 1818
855 3179
856 3241
857 4836 608
858 891
859 4554 699
860 1359
861 500 387
862 3036
863 2373
864 3043
865 2901 3548
866 2354
867 737
868 2234 1182
869 1748
870 889 982
871 1927
872 904 1868
873 734
874 4322
875 4790 1647
876 1838 1884 1938 2095 2954 3302 4451 4797
877 1938 1838
878 4637
879 1096
880 4270
881 1455
882 1831
883 1089
884 2097
885 1113
886 1439
887 1282
888 1285 1360 1660 1857 2350 4619
889 1294
890 4444
891 1318
892 1509 2184
893 1651
894 1566 3054
895 1592
896 1617
897 1887
898 1712
899 3223
900 2366
901 3956
902 4349
903 2906
904 4128 4598
905 4168
906 3626
907 3057
908 4357
909 4448
910 3203
911 3554
912 3767 4285
913 3743
914 3753
915 3860
916 4064
917 71
918 77
919 72
920 249
921 415
922 267 331 339 409 434
923 181
924 379
925 194
926 251
927 476
928 248
929 382
930 450 459
931 4716 4873
932 4643
933 338
934 259
935 4569
936 226
937 503
938 315
939 317 326 389 404
940 388
941 480
942 299
943 277
944 308
945 320
946 362 4579
947 424
948 496
949 1179
950 1174
951 1752 1907
952 1775
953 546
954 1825 1205
955 4770
956 312
957 553
958 3671
959 3391
960 3712
961 3673
962 3337
963 3334
964 3305 3207
965 2055
966 2829
967 3736
968 3561
969 3593
970 3770
971 3935
972 4490
973 4372
974 89
975 73
976 1652
977 99
978 74
979 4713
980 76
981 1618
982 142
983 556
984 1626
985 4778
986 4389
987 1379
988 4746
989 543
990 1456 1407
991 4434 1462
992 4648
993 539
994 4706
995 4655
996 1432 1188
997 4616
998 3859 4066
999 1473
1000 1502 1536
1001 4075
1002 1532 4302
1003 1601
1004 4026
1005 2233
1006 3847
1007 4177
1008 2355
1009 2371
1010 2417
1011 4153
1012 4225
1013 3613
1014 3594
1015 4653
1016 4397
1017 4665
1018 4392
1019 3983
1020 4390
1021 4422
1022 171
1023 681
1024 4571 1135
1025 206
1026 676
1027 83
1028 94
1029 1438 3512
1030 289
1031 169
1032 125 578 1022 1042 2062 4658
1033 4504
1034 1507
1035 1222
1036 380 670 2538 4581 4776
1037 3056
1038 262
1039 110
1040 4789
1041 1812 2411
1042 4885
1043 3191
1044 209
1045 292
1046 4821
1047 4518
1048 274
1049 1780
1050 3976
1051 1407 1414 1451 1456 4099 4366 4802
1052 3176
1053 1029
1054 159
1055 217 591
1056 351
1057 1794
1058 290
1059 233
1060 638
1061 305
1062 760
1063 324
1064 1544 2201 2359 3161 3171 3937
1065 838
1066 618
1067 398
1068 536
1069 2151
1070 849 2622
1071 968
1072 644
1073 937 997 3418 4497 4594
1074 900
1075 2172
1076 1292
1077 2752
1078 1036
1079 1021
1080 753
1081 784
1082 790
1083 863
1084 963
1085 980
1086 4513
1087 1336
1088 1600
1089 1843
1090 1192
1091 1695
1092 1477 4443
1093 1789
1094 1703
1095 3308
1096 1667
1097 1792
1098 3769
1099 1849
1100 3716
1101 1993 2079
1102 2294
1103 2308
1104 4437
1105 2838
1106 4698
1107 4441
1108 4350
1109 3158
1110 3212
1111 3451
1112 3322
1113 3790
1114 238
1115 254
1116 730
1117 703
1118 702
1119 221
1120 156
1121 219
1122 198
1123 332
1124 86
1125 133
1126 1597
1127 155
1128 1268
1129 4840
1130 91
1131 97
1132 175
1133 370
1134 1465
1135 95 298
1136 392
1137 100 4740
1138 1490
1139 444
1140 385
1141 455
1142 302
1143 403
1144 4707
1145 754
1146 4763
1147 1151
1148 1520
1149 1609
1150 102
1151 4739
1152 177
1153 4867
1154 2438 2884 4805
1155 4610 2387
1156 2389 2480
1157 2638
1158 2158
1159 2678
1160 4612
1161 3343
1162 2092
1163 3173
1164 3155
1165 2330
1166 2569
1167 2199 2238 2493 2818
1168 2334
1169 3466
1170 2949
1171 4902
1172 2654
1173 2108
1174 2122
1175 2208
1176 2221
1177 1969
1178 2703
1179 2169
1180 2305
1181 2319
1182 2419
1183 2426
1184 2531
1185 3635
1186 2552
1187 2608
1188 2617
1189 2635
1190 2706
1191 3527
1192 2725
1193 2800
1194 2809
1195 2920
1196 2897
1197 2944
1198 2948
1199 2961
1200 2973
1201 3001
1202 3273
1203 3570
1204 3571
1205 3787
1206 4274
1207 507
1208 368
1209 878
1210 4465
1211 113
1212 763 4461
1213 736 1130
1214 943
1215 1180
1216 1106
1217 752 2769
1218 748
1219 1134
1220 958
1221 1124
1222 1110
1223 4818 998
1224 1190
1225 1012
1226 1010 735
1227 952
1228 4459
1229 910
1230 3117
1231 1057
1232 1109
1233 4549
1234 3003 1902
1235 978
1236 2655
1237 1756 1761
1238 1182 2234 3503
1239 3624
1240 1462 4434
1241 2976 4551
1242 2435
1243 3907 2084
1244 3886
1245 1266
1246 927 992 1058 1562 2250
1247 798
1248 805
1249 1892 2213
1250 4773
1251 1171
1252 1261 1468
1253 1313
1254 3226
1255 2645
1256 4039
1257 1645
1258 3255 4022
1259 3737
1260 4312
1261 1711
1262 2982
1263 4620
1264 3442
1265 1813
1266 2174
1267 1880
1268 4798
1269 2066
1270 4839
1271 2568
1272 2841
1273 3595 3423
1274 2699
1275 3985
1276 3190
1277 3677
1278 3826 4751
1279 3621
1280 3651
1281 3684 3801
1282 3419
1283 3733
1284 3828
1285 4224
1286 3967
1287 4171
1288 4855
1289 4386
1290 431
1291 1198
1292 323
1293 4833
1294 149
1295 260
1296 4603
1297 1008 1017
1298 946
1299 1573
1300 953
1301 1234
1302 1221
1303 1408 1254
1304 1750
1305 1603
1306 3883
1307 2898
1308 3216
1309 129
1310 1583
1311 130
1312 212
1313 200
1314 138
1315 131
1316 144
1317 405
1318 1810
1319 143
1320 563
1321 511
1322 497
1323 486
1324 487
1325 451
1326 1543
1327 514
1328 1521
1329 473
1330 4675
1331 540
1332 581
1333 624
1334 781
1335 742
1336 1526
1337 428
1338 2261
1339 2212
1340 764
1341 1115
1342 700
1343 276
1344 269
1345 285
1346 470
1347 520
1348 1698
1349 1934
1350 4259
1351 148
1352 162
1353 4618 1145
1354 604 628
1355 948
1356 3577
1357 1037 1204
1358 925 1744
1359 4668
1360 609
1361 1229
1362 475
1363 355
1364 739
1365 423
1366 506
1367 2660
1368 580
1369 361
1370 803
1371 1094
1372 545
1373 610
1374 4799
1375 643 2874
1376 718
1377 633
1378 652
1379 669
1380 1170 762
1381 1143
1382 774
1383 1005
1384 1936
1385 1805
1386 1310
1387 1228
1388 4462
1389 1729
1390 1678
1391 1964
1392 2705
1393 3088
1394 3829
1395 3725
1396 3941
1397 4030
1398 4112
1399 4109
1400 161
1401 859
1402 827
1403 829
1404 478
1405 535
1406 481
1407 658
1408 4428
1409 489
1410 255
1411 230
1412 359
1413 179
1414 4573
1415 439
1416 2541
1417 261
1418 182
1419 185
1420 592
1421 187
1422 510
1423 605
1424 371
1425 483
1426 2557 993
1427 1288
1428 1694
1429 1907 1752
1430 2027
1431 1007
1432 4565
1433 2428
1434 1102
1435 2104
1436 1692
1437 1947
1438 3477
1439 2489
1440 2465
1441 191
1442 278
1443 741
1444 4908
1445 595
1446 2381
1447 3547
1448 301
1449 196
1450 330
1451 4529
1452 326 317
1453 569
1454 256
1455 4786
1456 225
1457 671
1458 577
1459 551
1460 537
1461 1258
1462 2441
1463 4156
1464 3067 3395
1465 2775
1466 4249
1467 4667
1468 4151
1469 4845
1470 448
1471 1458
1472 1913
1473 875
1474 1637
1475 1897
1476 284
1477 229
1478 244
1479 291
1480 3728
1481 725
1482 1034
1483 4502
1484 1092
1485 601
1486 713
1487 432
1488 303
1489 816
1490 808
1491 607
1492 454
1493 526 4552
1494 477
1495 982 889
1496 2769 752
1497 759
1498 426
1499 437
1500 4556
1501 232
1502 677
1503 806 733
1504 235
1505 4537
1506 1742
1507 1518
1508 1549
1509 275
1510 265
1511 266
1512 418
1513 447
1514 523
1515 325
1516 384
1517 531
1518 1620
1519 807
1520 590
1521 1046
1522 722 316
1523 283
1524 293
1525 472
1526 460
1527 696
1528 471
1529 4879
1530 544
1531 1133
1532 1302
1533 1275
1534 488
1535 296
1536 2219
1537 2171
1538 1157
1539 1357
1540 799
1541 1259
1542 309
1543 4241
1544 337
1545 4486
1546 321
1547 395
1548 4579 362
1549 661
1550 824
1551 560
1552 598
1553 851
1554 3894
1555 2203 2780 2872
1556 2099
1557 4480
1558 2201 1544
1559 2084 3907 4250
1560 2197
1561 328
1562 2011 2110
1563 2734
1564 3331
1565 4221
1566 3178
1567 3116
1568 2487
1569 2008
1570 1988
1571 2028
1572 2198
1573 2118
1574 2702
1575 4355
1576 3848
1577 3261
1578 4777
1579 4363
1580 3007
1581 1430
1582 3068
1583 414
1584 348
1585 334
1586 538
1587 336
1588 360
1589 641
1590 1009
1591 3441
1592 711
1593 1423
1594 2826
1595 341
1596 347
1597 1085
1598 779
1599 936 1290
1600 1602
1601 1148
1602 785
1603 773
1604 766
1605 979
1606 1280
1607 4485
1608 934
1609 976
1610 756
1611 4261
1612 970 576
1613 549 583
1614 583 549
1615 882 961
1616 987
1617 512
1618 1607
1619 1127 1350 3614
1620 998 4818
1621 1685
1622 887 1326 1764
1623 1501
1624 381
1625 4567
1626 1654
1627 818
1628 390
1629 842
1630 820
1631 821
1632 391
1633 1616
1634 408
1635 558
1636 421
1637 1381
1638 427
1639 4812
1640 436
1641 1238
1642 3398
1643 3774
1644 2139
1645 3675
1646 3832
1647 4196
1648 438
1649 467
1650 602
1651 501
1652 600
1653 445
1654 4794
1655 1334
1656 1647 4790
1657 1514
1658 449
1659 453
1660 1201
1661 461
1662 1244
1663 457
1664 463
1665 474
1666 479
1667 484
1668 485
1669 1206
1670 673
1671 655
1672 2535
1673 2565
1674 2566
1675 3187
1676 2501
1677 2610 2749
1678 2514
1679 3350
1680 2536
1681 3657
1682 490
1683 493
1684 491
1685 1065
1686 755
1687 494
1688 955
1689 1278
1690 495
1691 596
1692 499
1693 502
1694 528
1695 525
1696 876
1697 508
1698 572
1699 519
1700 860
1701 530
1702 532
1703 570
1704 534
1705 541
1706 547
1707 839
1708 2138
1709 548
1710 1879
1711 771
1712 597
1713 635
1714 1914
1715 1944
1716 3302 1838
1717 4834
1718 4735
1719 3262
1720 3271
1721 1791 3219 3703
1722 1793
1723 1848 4837
1724 3250
1725 4520
1726 2000
1727 3232 3045
1728 3389
1729 3747
1730 1963
1731 1974
1732 2007
1733 2080
1734 2526
1735 3259
1736 3742
1737 4407
1738 4635
1739 698
1740 1024
1741 675
1742 562
1743 852
1744 826
1745 1241
1746 1126
1747 1183
1748 1459
1749 2256
1750 2696
1751 1387
1752 1283
1753 1332
1754 1449
1755 2687
1756 582
1757 594
1758 573
1759 2605 2888
1760 3926 1251
1761 1608
1762 1739
1763 747
1764 1710
1765 2925 969
1766 909
1767 1404
1768 2913
1769 3789
1770 4877
1771 881
1772 1575
1773 4519
1774 1479 2357
1775 1561
1776 1814
1777 2384
1778 584
1779 710
1780 1689
1781 1932
1782 3844
1783 1214
1784 732
1785 1247
1786 1144
1787 4493
1788 1006
1789 603
1790 2987
1791 611
1792 2293
1793 2176
1794 3012
1795 2240
1796 612
1797 4605
1798 2960
1799 3764
1800 2295
1801 4536
1802 2567
1803 2115
1804 2155
1805 4788
1806 1255
1807 1366
1808 613
1809 1333
1810 651 1128
1811 1388
1812 4634
1813 1248
1814 1287
1815 1558
1816 614
1817 657
1818 1377
1819 691
1820 1398
1821 1542
1822 1460
1823 615
1824 2196
1825 616
1826 622
1827 627
1828 634
1829 648
1830 636
1831 1340
1832 1014 951
1833 1061
1834 2070 4600
1835 2631
1836 4127
1837 3711
1838 1000
1839 1500
1840 3710
1841 2357 1479
1842 1768 956
1843 1728
1844 967
1845 994
1846 1962
1847 1003
1848 1060
1849 1112
1850 1136
1851 1877
1852 1386
1853 4509
1854 1554
1855 2650
1856 3054 1566
1857 1579
1858 2069
1859 2149
1860 2142
1861 2564
1862 2548
1863 2643
1864 4500
1865 4339
1866 4058
1867 640
1868 642
1869 780
1870 646
1871 709
1872 647
1873 662
1874 664
1875 654
1876 1392
1877 660
1878 1210
1879 761 684
1880 4806
1881 960 683
1882 663
1883 914
1884 2791 4000
1885 765 1177 2481 2500 2513 2595 2855 3356 3500 3513 4541 4547 4663 4756
1886 4538
1887 1181 1223 1237 1372 1382 4657 4804
1888 1142
1889 4550
1890 1066
1891 1161
1892 2211 2012
1893 2042
1894 3850
1895 1676
1896 2309
1897 2730
1898 3873
1899 1996 1033
1900 1615 2245
1901 1035
1902 2060
1903 2026
1904 2342 3028
1905 1205 1825
1906 1188 1432 1436 1437 1563 2124 2412
1907 1120
1908 997 937
1909 4575
1910 2191
1911 735 1010 1209 3049
1912 992 927
1913 3150
1914 3508
1915 3381
1916 4457
1917 762 1170 1189 1194
1918 1016
1919 993 2557
1920 2591
1921 2116
1922 685
1923 2853
1924 1160
1925 1851
1926 2216
1927 1421
1928 1224
1929 2202
1930 1352
1931 4678
1932 726
1933 3219 1791
1934 969 1853 2925
1935 964
1936 1055
1937 956 957 999 1723 1768 1915 2619 3359 3588 4727 4852 4901
1938 728
1939 3237
1940 672
1941 3607
1942 3170
1943 717 721
1944 715
1945 1166
1946 2287
1947 3813
1948 786
1949 2041
1950 769
1951 3514
1952 2509 2348
1953 797
1954 907
1955 2713
1956 938
1957 1300
1958 1890 3112
1959 942
1960 944
1961 1582
1962 950
1963 959
1964 1069
1965 1682
1966 3148
1967 1026
1968 1053 1260
1969 1059
1970 1075 4676
1971 1770 1858
1972 2180
1973 4723
1974 1119
1975 4516
1976 1138
1977 1175
1978 1184
1979 1193
1980 4729
1981 1246
1982 2274
1983 1301
1984 3177
1985 1337
1986 1371
1987 2214
1988 1724
1989 1375
1990 1429
1991 1461
1992 3459
1993 1614
1994 4094
1995 1896
1996 1717
1997 4473
1998 4629
1999 1904
2000 1930 3489
2001 2281 2512
2002 2282
2003 4604
2004 2033
2005 1800 2085
2006 1926
2007 1845
2008 2019
2009 3919
2010 3199
2011 4800
2012 2018
2013 2046
2014 2052
2015 2956
2016 2153
2017 2102
2018 2112
2019 2175
2020 2123
2021 2159
2022 4887
2023 4876
2024 4576
2025 2235
2026 2268 4744
2027 2340
2028 2365
2029 2447
2030 2664
2031 2394
2032 2420
2033 4754
2034 2785
2035 2532
2036 2953
2037 3947 3109
2038 2751
2039 2805
2040 2590
2041 3236
2042 2837
2043 2648
2044 2663
2045 2689 2796 3225
2046 3537
2047 2754
2048 2845
2049 2804
2050 2849
2051 2907
2052 4646
2053 2998
2054 4588
2055 3085 3201 3581
2056 3110
2057 3149
2058 3228
2059 3229
2060 3263
2061 3272
2062 3852
2063 4775
2064 3400
2065 3683
2066 3436
2067 3867
2068 3584
2069 3698
2070 3731
2071 3793
2072 3835
2073 3872 4190
2074 3843
2075 4165 3857
2076 3877
2077 4154
2078 4005
2079 4048
2080 1218
2081 668
2082 666
2083 4477
2084 679
2085 996
2086 1023
2087 1295
2088 835
2089 867
2090 855
2091 846
2092 825
2093 837 831
2094 828
2095 853
2096 678
2097 692
2098 2659
2099 1522
2100 2707
2101 1442
2102 1482
2103 2736
2104 3040
2105 3953
2106 701
2107 1216
2108 2372 2750
2109 2165
2110 1881
2111 4719
2112 750
2113 1215
2114 1531
2115 1512
2116 1675
2117 1713
2118 1766
2119 4162
2120 2369
2121 2593
2122 3213
2123 4345
2124 704
2125 4439
2126 712
2127 705
2128 3097
2129 3472
2130 3856
2131 3145
2132 3464
2133 3077
2134 3699
2135 3428
2136 3372
2137 3701
2138 706
2139 708
2140 3502
2141 902
2142 792
2143 972
2144 770
2145 720
2146 724
2147 1187
2148 1394
2149 714
2150 783
2151 744
2152 1191
2153 1688
2154 743
2155 719
2156 723
2157 1921
2158 2402
2159 1727
2160 1557
2161 1103
2162 3922 2776
2163 2050
2164 1826
2165 1910
2166 1955
2167 2065
2168 3358
2169 729
2170 2002
2171 1889
2172 1063
2173 740
2174 1527
2175 4611
2176 1027
2177 1025
2178 4593
2179 746
2180 1257
2181 758
2182 986
2183 749
2184 751
2185 1864
2186 1837 2375
2187 1975
2188 2273
2189 1807
2190 1878
2191 1091
2192 757
2193 1594
2194 1504
2195 1132
2196 1376
2197 2182
2198 3558
2199 3615
2200 3802
2201 989
2202 3374
2203 2370 3142
2204 2187
2205 2275
2206 2313
2207 3622
2208 4582
2209 2276
2210 2348 2509 3353 3824
2211 4445
2212 2314
2213 4748
2214 2779
2215 777
2216 4895
2217 791
2218 895 896
2219 893 930
2220 921
2221 918
2222 796
2223 965
2224 1045
2225 3404
2226 1039
2227 1253
2228 4774
2229 3081
2230 801
2231 2597
2232 1519 2016
2233 1418
2234 2017
2235 2629
2236 1466
2237 4801
2238 1419 2519
2239 1830
2240 1486
2241 2312
2242 1954
2243 2264
2244 2403
2245 2444
2246 2742
2247 810
2248 812
2249 809 822
2250 819
2251 841
2252 811
2253 848
2254 813
2255 857
2256 869
2257 845
2258 4562
2259 830 850
2260 831 837 868 4857
2261 836
2262 834
2263 4652
2264 4860
2265 4829 843
2266 840
2267 861
2268 815
2269 817
2270 823
2271 866
2272 843 4829
2273 858
2274 4742
2275 4728
2276 862
2277 833
2278 865
2279 3130
2280 832
2281 4647
2282 854
2283 856
2284 847
2285 4697
2286 3287
2287 864
2288 3344
2289 3952
2290 971
2291 2358
2292 1820
2293 870
2294 2375 1837
2295 2401
2296 1389
2297 1900
2298 873
2299 883
2300 874
2301 879
2302 880
2303 3720
2304 2688
2305 2773
2306 2889
2307 892
2308 894
2309 898
2310 905
2311 906
2312 926
2313 1015
2314 908
2315 4870
2316 3089
2317 1841
2318 1513
2319 2335
2320 3071
2321 3997
2322 911
2323 913
2324 919
2325 4772
2326 2458
2327 922
2328 1118
2329 3026
2330 3507
2331 3481
2332 2289
2333 923 981
2334 954
2335 928
2336 929
2337 4685
2338 4614
2339 2777
2340 932
2341 4435
2342 939
2343 940
2344 1732
2345 4679
2346 947
2347 4722
2348 1981
2349 962
2350 4489
2351 1587
2352 1942
2353 966
2354 973
2355 1299
2356 1249
2357 1235
2358 975
2359 1322
2360 977
2361 2430
2362 2067
2363 1847
2364 2427
2365 1054
2366 983
2367 1535 1795
2368 988
2369 1040
2370 1530
2371 1796
2372 984
2373 985
2374 3863
2375 1002
2376 1011
2377 2272
2378 2642
2379 1013
2380 1018
2381 2423
2382 1020
2383 2368
2384 1047
2385 1030
2386 1032
2387 1125
2388 1038
2389 1067
2390 4295
2391 4832
2392 2213 1892
2393 1589
2394 1596
2395 2045
2396 2247
2397 2382
2398 1050
2399 1052
2400 1097
2401 1621
2402 1073
2403 1064
2404 1977
2405 1965
2406 1199
2407 4809
2408 1068
2409 1448
2410 1909
2411 1397
2412 1365
2413 1071
2414 1481
2415 1072
2416 3022
2417 1074
2418 1715
2419 1077
2420 1696
2421 1995
2422 1076
2423 1095 1104
2424 4654
2425 1298
2426 1920
2427 2031
2428 1901
2429 1828
2430 2207
2431 2483
2432 1420
2433 1444
2434 1082
2435 1256
2436 1225
2437 1158
2438 1476
2439 4608
2440 1098
2441 1100
2442 1998
2443 1121
2444 1176
2445 4558
2446 1208
2447 1149
2448 1178
2449 1212
2450 3536
2451 1217
2452 1829
2453 2476
2454 1670 2429 4472
2455 2886
2456 1906
2457 2776 3922
2458 2563
2459 2679
2460 2421
2461 2448
2462 1937
2463 1765
2464 1737
2465 1972
2466 4456
2467 2477
2468 2472
2469 2479
2470 2520
2471 2589
2472 2797
2473 4862
2474 2633
2475 4446
2476 1123
2477 1137
2478 4823
2479 1129
2480 1131
2481 1141
2482 2073
2483 1457
2484 1634
2485 2517
2486 2572
2487 1203
2488 2105
2489 2025
2490 2498
2491 2665
2492 1152
2493 1227
2494 1154
2495 1328
2496 1156
2497 1836
2498 2492
2499 1738
2500 4718
2501 4861
2502 1760 1781
2503 1776
2504 1734
2505 4589
2506 1716
2507 1741
2508 2484
2509 2546
2510 1159
2511 1325
2512 4874
2513 1625
2514 1162
2515 1207
2516 2924
2517 1163
2518 3245
2519 3197
2520 1779
2521 2446
2522 3014
2523 3332
2524 2598
2525 1164
2526 1167
2527 1168
2528 2995
2529 1454
2530 2842
2531 2859
2532 2902
2533 4638
2534 1745
2535 2596
2536 2252
2537 3315
2538 4017
2539 1173
2540 1186
2541 2325
2542 1200
2543 1508
2544 2284
2545 2615
2546 1576
2547 1213
2548 1402
2549 1681
2550 1533
2551 1315
2552 1254 1408
2553 1311
2554 1699
2555 1250
2556 4683
2557 1273
2558 1303
2559 1335
2560 1610
2561 4868
2562 1226
2563 1236
2564 1393
2565 1239
2566 1240
2567 1242
2568 2708
2569 2168
2570 4623
2571 3119
2572 1243
2573 4403
2574 1272
2575 1252
2576 1262
2577 1277
2578 1267
2579 1725
2580 4761
2581 1270
2582 1441
2583 1661
2584 2009
2585 1908
2586 2101
2587 2951
2588 3184
2589 1271
2590 1276
2591 1347
2592 1279
2593 1281
2594 1658
2595 1470
2596 1312
2597 1409
2598 2146
2599 1622
2600 1660 1285
2601 1317
2602 1536 1502
2603 2259
2604 3858
2605 4592
2606 1873
2607 1351
2608 1296
2609 1297
2610 2111
2611 1446
2612 1344
2613 1321
2614 1373
2615 1289
2616 1330
2617 1331
2618 1339
2619 1498
2620 1427
2621 1464
2622 1472
2623 1693
2624 1595
2625 1631
2626 1749
2627 1762
2628 2130
2629 1832
2630 4453
2631 2686
2632 3072
2633 1306
2634 1309
2635 2227
2636 2321
2637 1304
2638 3544
2639 1862
2640 2880
2641 4452
2642 3240
2643 2537
2644 1702
2645 1345
2646 1307
2647 1489
2648 1450
2649 1308
2650 1445
2651 1319
2652 2413
2653 1314
2654 1316
2655 2241
2656 2283
2657 2125
2658 2339
2659 1664
2660 1671
2661 1323
2662 1567
2663 1320
2664 1503
2665 1646
2666 1816
2667 3578
2668 3427
2669 3412
2670 4717
2671 4361
2672 1324
2673 1329
2674 3242
2675 4479
2676 4733
2677 1338
2678 4517
2679 1343
2680 1378
2681 4859
2682 1348
2683 1349
2684 4673
2685 2150
2686 1353
2687 2628
2688 1354
2689 1560
2690 1356
2691 1358
2692 1488
2693 1763
2694 1730
2695 1485
2696 1368
2697 1683
2698 1731
2699 2374
2700 1361
2701 1380
2702 1384
2703 1363
2704 4640
2705 1422
2706 4911
2707 1370
2708 3539
2709 2184 1509
2710 1613
2711 1374
2712 1572
2713 1510
2714 1395
2715 1426
2716 1416
2717 1383
2718 1619
2719 1385
2720 1390
2721 1399
2722 1400
2723 1403
2724 1425
2725 1411
2726 1412
2727 1413
2728 2244
2729 2684
2730 2767
2731 4621
2732 4878
2733 3096
2734 1623
2735 4424
2736 2343
2737 3092
2738 2813 1497
2739 4903
2740 1871
2741 1577
2742 2086
2743 1720
2744 2056 2057
2745 1424
2746 2059 2571
2747 1506
2748 2072
2749 2530
2750 1431
2751 1537
2752 2452
2753 1433
2754 1434
2755 1467
2756 1435
2757 1759
2758 1440
2759 1443
2760 1517
2761 1686
2762 1471
2763 1726
2764 1447
2765 1722
2766 1705
2767 1784
2768 1856
2769 3674
2770 1463
2771 1452
2772 1453
2773 3066
2774 2162
2775 2326
2776 1679
2777 2459
2778 2380
2779 3027
2780 1656
2781 1581
2782 2543
2783 2820
2784 2781
2785 2816
2786 4568
2787 2832
2788 2833
2789 2996
2790 3006
2791 1478
2792 1492
2793 1480
2794 4539
2795 4856
2796 2255
2797 2185
2798 2277
2799 4173
2800 3314
2801 1487
2802 1491
2803 1493
2804 1588
2805 4491
2806 1515
2807 1516
2808 1555
2809 2209
2810 1958
2811 1529
2812 1523
2813 1941
2814 1524
2815 1559
2816 1640
2817 1528
2818 4302 1532
2819 4591
2820 4281
2821 4340
2822 4307
2823 4083
2824 1538
2825 1548
2826 1539
2827 1540
2828 1551
2829 1669
2830 1541
2831 1653
2832 2844
2833 2966
2834 1570
2835 1593
2836 1565
2837 1547
2838 1815
2839 1564
2840 2301
2841 4703
2842 1680
2843 1632
2844 2558
2845 1957
2846 3610
2847 2879
2848 3687
2849 2928
2850 2933
2851 3215
2852 1571
2853 1578
2854 2764
2855 2599
2856 1585
2857 2410
2858 1690
2859 1902 3003
2860 4782
2861 3075
2862 1591
2863 1605
2864 1611
2865 1612
2866 2550
2867 4622
2868 1624
2869 1627
2870 4624
2871 1629
2872 1735
2873 1687
2874 1636
2875 1917
2876 1635
2877 2527
2878 1642
2879 1808
2880 1643
2881 2468
2882 1755
2883 1968
2884 1935
2885 2923
2886 2265
2887 2145
2888 4512
2889 4700
2890 2681
2891 1648
2892 2077
2893 2248
2894 1931
2895 2297
2896 1852
2897 4661
2898 4858
2899 2290
2900 2306
2901 1649
2902 1650
2903 1905
2904 1797
2905 1655
2906 2630
2907 3220 3248 4122 4745
2908 3961
2909 3207 3305
2910 2936
2911 4022 3255
2912 4215
2913 3093
2914 3258
2915 3122
2916 3045 3232 3333
2917 4263
2918 2917
2919 3094
2920 4214
2921 3253
2922 3276
2923 3386
2924 3058
2925 3326
2926 3087 3382
2927 3074
2928 3252
2929 3316 4296
2930 3175
2931 4757
2932 3808
2933 3254
2934 4253
2935 3320
2936 4054
2937 3861
2938 3543
2939 4004
2940 4012
2941 4218
2942 4095
2943 3987
2944 4102
2945 3989
2946 4134
2947 4335
2948 4089
2949 4107
2950 4265
2951 4235
2952 4398
2953 1662
2954 1663
2955 4574
2956 1665
2957 1956
2958 2006
2959 1983
2960 1778
2961 1719
2962 2029
2963 1668
2964 1733
2965 4807
2966 1673
2967 1677
2968 1674
2969 3545
2970 4348
2971 4150
2972 1691
2973 2952
2974 2627
2975 2267 2439
2976 2485
2977 2043
2978 2288
2979 2618
2980 3183
2981 2225
2982 2254
2983 1700
2984 4712
2985 4822
2986 2291
2987 4714
2988 1701
2989 1704
2990 1707
2991 3444
2992 1709
2993 1714
2994 2188
2995 2840
2996 1876
2997 1718
2998 1721
2999 2058
3000 3341
3001 4738
3002 4561
3003 4891
3004 1950
3005 1933
3006 2453
3007 3647
3008 1736
3009 3599
3010 1939
3011 1743
3012 1740
3013 2302
3014 2217
3015 2488
3016 1746 2318
3017 2512 2281
3018 2515
3019 2300
3020 2690
3021 2932
3022 2222
3023 3010
3024 3076
3025 2471
3026 3174
3027 2728
3028 2737
3029 2947
3030 2930
3031 2931
3032 3061
3033 2022
3034 2100
3035 1747
3036 2494
3037 4875
3038 3299
3039 1754
3040 1758
3041 4433
3042 1870
3043 4046
3044 4691
3045 2443
3046 3951
3047 1769
3048 2862
3049 2850
3050 2128
3051 1863
3052 4672
3053 2395
3054 3468
3055 1783
3056 2071
3057 2010
3058 1772
3059 1867
3060 4599
3061 1773
3062 3870
3063 4356
3064 2746
3065 3739
3066 4907
3067 1777
3068 1821
3069 4848
3070 1782
3071 1844
3072 1785
3073 1945
3074 3931
3075 3911
3076 1799
3077 3906
3078 1786
3079 3471
3080 1787
3081 1788
3082 4164
3083 2397
3084 1865
3085 1790
3086 4649
3087 4699
3088 4038
3089 4240
3090 1883
3091 2333 4625
3092 2363
3093 3948
3094 4388
3095 4530
3096 2183
3097 2680
3098 3279
3099 4725
3100 2120
3101 1801
3102 1798
3103 1802
3104 2269
3105 2230
3106 1803
3107 1804
3108 4687
3109 1809
3110 2090
3111 2040
3112 1806
3113 2653
3114 3776
3115 3469
3116 2047
3117 3526
3118 3781
3119 3585
3120 4258
3121 1824
3122 1840
3123 1811
3124 1817
3125 1961
3126 1973
3127 2135
3128 2890
3129 4036
3130 1822 2039
3131 2068
3132 2166
3133 1823
3134 4525
3135 1875
3136 1827
3137 1854
3138 4092
3139 1835
3140 1839
3141 1846
3142 1859
3143 4764
3144 1850
3145 2236
3146 2959
3147 2522
3148 2054
3149 1866
3150 2854 3383
3151 3551
3152 2756
3153 3670
3154 3348
3155 4681
3156 3977
3157 4628
3158 1869
3159 1894
3160 4660
3161 1872
3162 3499
3163 1874
3164 4664
3165 1882
3166 1895
3167 1885
3168 1886
3169 4494
3170 1888
3171 1899
3172 1891
3173 3851
3174 1893
3175 2132
3176 2094
3177 2822
3178 1898
3179 1903
3180 1989
3181 2377
3182 2023
3183 2038
3184 1912
3185 1979
3186 2087
3187 1976
3188 1990
3189 2001
3190 2096
3191 2392
3192 3430
3193 3555
3194 3758
3195 2406
3196 2081
3197 1992 2036
3198 2082
3199 1967
3200 2089
3201 1980
3202 2338
3203 3568
3204 3370
3205 3380
3206 3726
3207 1911
3208 1918
3209 2061
3210 1919
3211 1922
3212 1923
3213 2670
3214 1924
3215 1929
3216 2098
3217 2189
3218 2013
3219 2014
3220 1946
3221 1940
3222 2454
3223 2507
3224 2878
3225 2786
3226 2807
3227 3573
3228 3597
3229 1943
3230 1948
3231 1960
3232 1949
3233 2753
3234 4771
3235 1951
3236 1952
3237 2003
3238 1953
3239 2376
3240 2586
3241 1966
3242 1970
3243 1971
3244 2551
3245 2946
3246 3791
3247 1978
3248 1994
3249 4759
3250 2450 4900
3251 3304 4313
3252 2757
3253 2864
3254 4129
3255 3552
3256 3775
3257 3893
3258 4113
3259 4291
3260 2425
3261 1982
3262 1985
3263 1986
3264 1987
3265 4825
3266 1991
3267 1999
3268 2004
3269 2005
3270 2977
3271 2524
3272 2667
3273 2048
3274 2020
3275 2024
3276 2030
3277 2032
3278 2035
3279 2037
3280 2843
3281 2049
3282 2449
3283 2051
3284 2053
3285 3964
3286 4724
3287 2634
3288 2698
3289 2064
3290 2609
3291 2074
3292 2075
3293 2292
3294 2152
3295 2076
3296 3823
3297 2088
3298 2103
3299 2141
3300 4796
3301 2091
3302 2144
3303 3159
3304 3450
3305 2106
3306 2113
3307 2114
3308 2164
3309 2117
3310 2137
3311 2119
3312 2575
3313 2547
3314 2242
3315 4584
3316 2121
3317 2133
3318 3044
3319 3244
3320 3200
3321 2672
3322 2258
3323 2735
3324 2503
3325 2415
3326 2561
3327 2126
3328 2131
3329 3041
3330 4704
3331 2496
3332 2830
3333 2148
3334 2157
3335 2210
3336 2156
3337 2160
3338 3307
3339 2962
3340 2239
3341 3693
3342 2436 3516
3343 4087
3344 4423
3345 3368
3346 2916
3347 4065
3348 2178
3349 2460
3350 3694
3351 2985
3352 3923
3353 3914
3354 4256
3355 4382
3356 2173
3357 4846
3358 2177
3359 2685
3360 2190
3361 2263
3362 2193
3363 2200
3364 2204
3365 4476
3366 2345
3367 2782
3368 2875
3369 2362 2839
3370 3291
3371 4244
3372 2206
3373 2792
3374 2434
3375 2528
3376 2765
3377 2990
3378 2661
3379 3553
3380 2286
3381 2223
3382 3620
3383 2921
3384 2228
3385 2229
3386 4586
3387 2231
3388 2237
3389 2243
3390 4779
3391 3978
3392 2594
3393 2253
3394 2257
3395 2260
3396 2262
3397 2327
3398 4744 2268
3399 2278
3400 2986
3401 3267
3402 3233
3403 3708
3404 4863
3405 3108
3406 2644
3407 2317
3408 2391
3409 2600
3410 3047
3411 3689
3412 2279
3413 2285
3414 2296
3415 2817
3416 2945
3417 2727
3418 3416
3419 2337
3420 2869
3421 2310
3422 2714
3423 3393
3424 2788
3425 2695
3426 2762
3427 4273
3428 2320
3429 2315
3430 2360
3431 2712
3432 2316
3433 4515
3434 3193
3435 4511
3436 3509
3437 3247
3438 4501
3439 4580
3440 2399
3441 2422
3442 4826
3443 3139
3444 2393
3445 2322
3446 2456
3447 2437
3448 2433
3449 2462
3450 2470
3451 3115
3452 4684
3453 4783
3454 4068
3455 2324
3456 2329
3457 2332
3458 2336
3459 2351
3460 3433
3461 2349
3462 2341
3463 2347
3464 2356
3465 2511
3466 2367 2620
3467 2573
3468 4430
3469 2361
3470 4904
3471 3574
3472 4496
3473 3766
3474 3704
3475 2379
3476 2768
3477 3323
3478 4726
3479 2364
3480 4753
3481 2475
3482 4824
3483 2740
3484 2383
3485 2385
3486 2516
3487 2390
3488 2602
3489 2400
3490 2545
3491 2731
3492 2851
3493 4223
3494 3426
3495 3493
3496 2582
3497 3903
3498 3420
3499 2414
3500 4025
3501 2405
3502 4596
3503 2416
3504 4893
3505 4849
3506 3313
3507 2431 3592
3508 4606
3509 2505 2852
3510 2464
3511 2922
3512 2717
3513 3601
3514 3590
3515 4455
3516 2455
3517 2440
3518 3638
3519 2445
3520 2521
3521 2466
3522 2474
3523 2482
3524 2486
3525 2542
3526 2490
3527 3999
3528 3298
3529 2491
3530 2495
3531 2497
3532 2626
3533 2625
3534 2502
3535 4626
3536 2975
3537 2506
3538 2510
3539 2701
3540 2671
3541 2999
3542 2798
3543 2938
3544 2971
3545 2508
3546 4359
3547 2534
3548 2562
3549 3310
3550 2525
3551 4158
3552 2766
3553 2533
3554 2577
3555 2640
3556 2669
3557 4540
3558 3504
3559 3297
3560 3109 3947
3561 3934
3562 3713
3563 3525
3564 2604
3565 2741
3566 4044
3567 4316
3568 3830
3569 4651 3550
3570 3452
3571 3966
3572 3579
3573 3695
3574 4311
3575 3929
3576 4234 4286
3577 4133
3578 4222
3579 4136
3580 3379
3581 3563
3582 3702
3583 3408
3584 3625
3585 4633
3586 3053
3587 3198
3588 3365
3589 3397
3590 4514
3591 3194
3592 3491
3593 3351
3594 3403
3595 3407
3596 3434
3597 3658
3598 3971
3599 2846
3600 2553
3601 4478
3602 2554
3603 2579
3604 2581
3605 2587
3606 3697
3607 2592
3608 2601
3609 2603
3610 3825
3611 2606
3612 2835
3613 4731
3614 2632
3615 2647
3616 2668
3617 2673
3618 4041
3619 2729
3620 2639
3621 2607
3622 3933
3623 2614
3624 3878
3625 2693
3626 2616
3627 2723
3628 2621
3629 2623
3630 2861
3631 3160
3632 3796
3633 3944
3634 3188
3635 3217
3636 3285 3073
3637 3429
3638 3423 3595
3639 2760
3640 2789
3641 2646
3642 2834
3643 4180
3644 2652
3645 2656
3646 2972
3647 2657
3648 2929
3649 2658
3650 2692
3651 2747
3652 2666
3653 2848
3654 2674
3655 2675
3656 2676
3657 2900
3658 3765
3659 2683
3660 3114
3661 2744
3662 2694
3663 2700
3664 3957
3665 2812
3666 4843
3667 2704
3668 4669
3669 2903
3670 2755
3671 3445
3672 2709
3673 2710
3674 2715
3675 2716
3676 4467
3677 2719
3678 2811
3679 3979
3680 2891
3681 3490
3682 4475
3683 2918
3684 2721
3685 3752
3686 4142
3687 4297
3688 3876
3689 4417
3690 2825
3691 3009
3692 2724
3693 2726
3694 2868
3695 2871
3696 2881
3697 2883
3698 2919
3699 3004
3700 2733
3701 2739
3702 2743
3703 2801
3704 3235
3705 2758
3706 2787
3707 4884
3708 2927
3709 3619
3710 3152
3711 2761
3712 2857
3713 4564
3714 4827
3715 2772
3716 2836
3717 2778
3718 2783
3719 2784
3720 2794
3721 3016
3722 2795
3723 3364
3724 3756
3725 2802
3726 3336
3727 3172
3728 2969
3729 2847
3730 3396
3731 3073 3285
3732 2803
3733 2824
3734 3127
3735 3230
3736 4482
3737 3761
3738 4415
3739 4178
3740 2808
3741 3936
3742 2810
3743 2823
3744 2957
3745 3639
3746 3627
3747 3293
3748 3335
3749 3582
3750 2910
3751 4499
3752 3994
3753 4544
3754 3182
3755 2943
3756 4141
3757 2856
3758 4463
3759 2860
3760 3105
3761 3324
3762 3714
3763 3998
3764 3402
3765 3612
3766 2867
3767 2870
3768 3869
3769 2876
3770 2885
3771 2887
3772 4308
3773 3960
3774 2894
3775 4641
3776 2892
3777 2893
3778 2899
3779 2904
3780 2905
3781 3636
3782 3637
3783 2909
3784 2908
3785 2911
3786 2912
3787 4426
3788 2968
3789 2914
3790 4505
3791 3023
3792 4690
3793 3051
3794 3362
3795 2937
3796 2939
3797 2940
3798 2941
3799 3707
3800 4474
3801 3664
3802 3492
3803 2955
3804 2958
3805 3024
3806 3032
3807 3008
3808 4705
3809 2963
3810 2964
3811 2978 3530
3812 3529
3813 3204
3814 4057 4883
3815 2997
3816 3542 3905
3817 3189
3818 3834
3819 3319
3820 3133
3821 3154
3822 3483
3823 3485
3824 4583
3825 3981
3826 4337
3827 2967
3828 4793
3829 2991
3830 2993
3831 2974
3832 2979
3833 2980
3834 3896
3835 3910
3836 3763
3837 3930
3838 2983
3839 3815
3840 3899
3841 3846
3842 3845
3843 3849
3844 2984
3845 3924
3846 3030
3847 3288
3848 3557
3849 3455
3850 4147
3851 2988
3852 3454
3853 3052
3854 2989
3855 3277
3856 3435
3857 3497
3858 3650
3859 3679
3860 3318
3861 3567 3678
3862 3681
3863 3059
3864 4096
3865 4886
3866 3827
3867 4226
3868 2992
3869 3132
3870 3019
3871 2994
3872 3002
3873 3005
3874 3284
3875 3037
3876 3080
3877 4510
3878 3013
3879 3018
3880 4188
3881 3257
3882 4120
3883 4523
3884 3031
3885 3384 4431
3886 3617
3887 3602
3888 3925
3889 4317
3890 3648
3891 3033
3892 3816
3893 4002
3894 3591
3895 3641
3896 4010
3897 4045
3898 4730
3899 4418
3900 3690
3901 3034
3902 3039
3903 3042
3904 3268 4487
3905 3046
3906 3048
3907 3050
3908 3134
3909 3055
3910 3060
3911 3062
3912 3063
3913 3064
3914 3065
3915 3079
3916 4454
3917 4607
3918 4332
3919 3069
3920 3070
3921 3128
3922 3722
3923 3078
3924 3082
3925 3083
3926 3218
3927 3581 3085
3928 3349
3929 3102
3930 4896
3931 3422
3932 3167
3933 3086
3934 3339
3935 3738
3936 4008
3937 4351
3938 4543
3939 3453
3940 3611
3941 4328
3942 4416
3943 3091
3944 3095
3945 3129
3946 3101
3947 3729
3948 3106
3949 3144
3950 3587
3951 3107
3952 4395
3953 3111
3954 3338
3955 3295
3956 3113
3957 3124
3958 3118
3959 3475
3960 4532
3961 3496
3962 3938
3963 3920
3964 4269
3965 4145
3966 4208
3967 4401
3968 4374
3969 4242
3970 4492
3971 3355
3972 3309
3973 3125
3974 3458
3975 3231
3976 3243
3977 3249
3978 3484 4488 4758
3979 4909
3980 4425
3981 3141
3982 3135
3983 3541
3984 4343
3985 3927
3986 3283
3987 3831
3988 3521
3989 4246
3990 3138
3991 3569
3992 3214
3993 3143
3994 3146
3995 3157
3996 3165
3997 3164
3998 3156
3999 3151
4000 4189
4001 3168
4002 3686
4003 3169
4004 3180
4005 3181
4006 3185
4007 3186
4008 3366
4009 3803
4010 3682
4011 3205
4012 3296
4013 3195
4014 3517
4015 4047
4016 3196
4017 3794
4018 3202
4019 3206
4020 4570
4021 3208
4022 3311
4023 3209
4024 3473
4025 3406
4026 3462
4027 3210
4028 4656
4029 3449
4030 3532
4031 3211
4032 4533
4033 3221
4034 3222
4035 3432
4036 4780
4037 3238
4038 4436
4039 3417
4040 3528
4041 4811
4042 3465
4043 3580
4044 3608
4045 3286
4046 3317
4047 3239
4048 3783
4049 3596
4050 3721
4051 3718
4052 3786
4053 4209
4054 3251
4055 4236
4056 3256
4057 3260
4058 3498
4059 3264
4060 3266
4061 3269
4062 3373
4063 3270
4064 3280
4065 3275
4066 4752
4067 3399
4068 3405
4069 3278
4070 3282
4071 4751 3826
4072 3809
4073 3357
4074 3289
4075 3327
4076 3800
4077 3821
4078 3885
4079 3443
4080 3292
4081 3294
4082 3300
4083 3303
4084 4521
4085 3312
4086 3325
4087 4847
4088 3321
4089 3342
4090 3328
4091 3757
4092 3329
4093 3566
4094 4828
4095 3523
4096 4609
4097 3518
4098 3680
4099 3515
4100 4662
4101 3565
4102 4035
4103 3806
4104 4159
4105 3346
4106 3470
4107 4869
4108 3811
4109 3550 4651
4110 3352
4111 4432
4112 4835
4113 3727
4114 3363
4115 3385
4116 3369
4117 3371
4118 3375
4119 3376
4120 3431
4121 3377
4122 3378
4123 3387
4124 3388
4125 3392
4126 4283
4127 4076
4128 4082
4129 3401
4130 3410
4131 3479
4132 3522
4133 4597
4134 3643
4135 3644
4136 4737
4137 3672 4193
4138 3421
4139 4326
4140 3511
4141 3868
4142 4338
4143 3918
4144 3463
4145 3487
4146 4749
4147 4248
4148 3415
4149 3750
4150 3425
4151 4696
4152 3652
4153 3437
4154 3440
4155 4081
4156 3446
4157 3805
4158 3448
4159 3663
4160 3773
4161 4111
4162 3618
4163 4055
4164 3605
4165 3628
4166 3630
4167 3888
4168 4097
4169 3457
4170 4438
4171 3467
4172 3474
4173 3476
4174 3478
4175 3480
4176 3486
4177 4032
4178 3556
4179 3691
4180 4694
4181 3494
4182 3495
4183 3661 3837
4184 3942
4185 3533
4186 4245
4187 3501
4188 4644
4189 3505
4190 4563
4191 3510
4192 3880
4193 3945
4194 3943
4195 3519
4196 3798
4197 4183
4198 3524
4199 4767
4200 3575
4201 3820
4202 3818
4203 4484
4204 4084
4205 3531
4206 3538
4207 3535
4208 3540
4209 3549
4210 3559
4211 3560
4212 3975
4213 3562
4214 3583
4215 3586
4216 3598
4217 3665
4218 3600
4219 3603
4220 4897
4221 3724
4222 4211
4223 4814
4224 4331
4225 3604
4226 3606
4227 3609
4228 3616
4229 3632
4230 3634
4231 3629
4232 3631
4233 4285 3767
4234 3740
4235 4052
4236 3836
4237 3688
4238 3640
4239 4072
4240 4199
4241 3642
4242 4137
4243 4251
4244 4227
4245 3969
4246 4330
4247 3645
4248 3646
4249 3649
4250 3653
4251 3654
4252 3656
4253 3760
4254 3782
4255 3659
4256 3660
4257 3666
4258 3668
4259 3692
4260 4170
4261 4201
4262 3669
4263 3676
4264 3804
4265 3685
4266 3696
4267 3717
4268 3705
4269 3719
4270 3706
4271 4037
4272 3992
4273 3902
4274 4378
4275 3715
4276 3730
4277 4531
4278 4202 4394
4279 3928 3732
4280 4093
4281 3754
4282 4702
4283 4086
4284 3735
4285 4721
4286 3898
4287 3744
4288 3746
4289 3748
4290 3749
4291 3755
4292 3759
4293 3762
4294 3819
4295 3958
4296 4152
4297 3792
4298 4001
4299 4468
4300 4341
4301 3785
4302 4495
4303 4077
4304 3970
4305 3980
4306 4042
4307 4110
4308 4091
4309 4318
4310 3771
4311 3772
4312 3777
4313 3779
4314 3780
4315 4200
4316 3784
4317 4601
4318 4368
4319 4466
4320 3797
4321 4126
4322 4369
4323 4373
4324 3810
4325 3812
4326 3814
4327 3817
4328 4289
4329 3822
4330 4254
4331 4572
4332 3838
4333 3839
4334 3840
4335 4190 3872
4336 3853
4337 3854
4338 3855
4339 3857 4165
4340 3862
4341 3864
4342 3866
4343 3871
4344 3991
4345 4207
4346 4262
4347 3874
4348 3879
4349 3875
4350 3881
4351 4267
4352 4344
4353 4377
4354 4483
4355 3955
4356 4135
4357 3993
4358 3982
4359 3963
4360 4019
4361 4060
4362 3884
4363 3887
4364 4906
4365 4842
4366 3889
4367 4228
4368 4013
4369 3990
4370 3954
4371 4367
4372 4412
4373 3890
4374 3891
4375 3892
4376 3895
4377 3897
4378 3901
4379 3965
4380 3904
4381 3909
4382 3912
4383 4613
4384 3916
4385 3946
4386 3917
4387 3921
4388 4411
4389 4021
4390 4795
4391 4103
4392 4115
4393 3932
4394 3973
4395 3995
4396 4213
4397 4636
4398 4157 4163
4399 4304 4553
4400 4198
4401 4212
4402 4003
4403 4327
4404 4323
4405 4286 4234
4406 4409
4407 4393
4408 4360
4409 4458
4410 4342
4411 4442
4412 4695
4413 4016
4414 4056
4415 4220
4416 4353
4417 4324
4418 4375
4419 4387
4420 3939
4421 4205
4422 4090
4423 4314
4424 3940
4425 4577
4426 3950
4427 4237
4428 4166
4429 4143
4430 4051
4431 4027
4432 3959
4433 3962
4434 3968
4435 3972
4436 4085
4437 4358
4438 4155
4439 4329
4440 4230
4441 4278
4442 4176
4443 4268
4444 4287
4445 4352
4446 3996
4447 3984
4448 3988
4449 4617
4450 4006
4451 4305
4452 4854
4453 4007
4454 4803
4455 4132
4456 4396
4457 4009
4458 4011
4459 4146
4460 4014
4461 4015
4462 4079
4463 4062
4464 4123
4465 4747
4466 4018
4467 4020
4468 4768
4469 4023
4470 4040
4471 4024
4472 4028
4473 4029
4474 4031
4475 4033
4476 4034
4477 4043
4478 4104
4479 4049
4480 4130
4481 4116
4482 4526
4483 4139
4484 4119
4485 4050
4486 4053
4487 4088
4488 4555
4489 4131 4271
4490 4276
4491 4384
4492 4069
4493 4310
4494 4376
4495 4195
4496 4347
4497 4413
4498 4808
4499 4391
4500 4124
4501 4172
4502 4260
4503 4252
4504 4167
4505 4078
4506 4233
4507 4279
4508 4420
4509 4299
4510 4303
4511 4370
4512 4059
4513 4061
4514 4182
4515 4686
4516 4067
4517 4070
4518 4071
4519 4073
4520 4074
4521 4080
4522 4098
4523 4144
4524 4100
4525 4243
4526 4108
4527 4282
4528 4101
4529 4815
4530 4414
4531 4105
4532 4106
4533 4169
4534 4121
4535 4118
4536 4114
4537 4125
4538 4138
4539 4140
4540 4148
4541 4264
4542 4333
4543 4882
4544 4294
4545 4210
4546 4272
4547 4301
4548 4161
4549 4185
4550 4408
4551 4174
4552 4179
4553 4781
4554 4181
4555 4184
4556 4186
4557 4187
4558 4191
4559 4192
4560 4587
4561 4741
4562 4204
4563 4346
4564 4206
4565 4216
4566 4247
4567 4217
4568 4219
4569 4898
4570 4229
4571 4232
4572 4239
4573 4257
4574 4266
4575 4275
4576 4277
4577 4280
4578 4298
4579 4284
4580 4290
4581 4381
4582 4315
4583 4292
4584 4293
4585 4300
4586 4306
4587 4309
4588 4320
4589 4319
4590 4321
4591 4325
4592 4334
4593 4336
4594 4881
4595 4354
4596 4362
4597 4364
4598 4379
4599 4371
4600 4406
4601 4905
4602 4365
4603 4380
4604 4383
4605 4385
4606 4400
4607 4399
4608 4402
4609 4404
4610 4405
4611 4410
4612 4419
