teamID expertID expertID ...
0 17471 17472 17473 17474 17475
1 17471 17499 17500
2 17471 17509 17510
3 17471 17510 17495
4 17471 17513
5 17472 17510
6 17472 17513 17508 17526
7 17472 17524 17525
8 17472 17606 17665 17553
9 17472 17677
10 17472 17712 17586
11 17475 17526
12 17475 17978
13 17475 17978 20243
14 17476 17477
15 17477 17487
16 17477 17496
17 17477 17503 17791 17606 17926
18 17477 17513
19 17477 17513 17980
20 17477 17526
21 17477 17526 17716
22 17477 17544 18203 18204 18205
23 17477 17571 18028 17636
24 17477 17583
25 17477 17586
26 17477 17606
27 17477 17631 17494
28 17477 17636
29 17477 17636 17474 18175
30 17477 17636 17919
31 17477 17669
32 17477 17698
33 17477 17705
34 17477 17815
35 17477 17882 17914
36 17477 17919
37 17477 17925
38 17477 17935
39 17477 17960
40 17477 17966 17791
41 17477 17972
42 17477 17978
43 17477 17980 17636
44 17477 17990 17991
45 17477 18053
46 17477 18056
47 17477 18120
48 17477 18174 17791
49 17477 18189
50 17477 18207 18208 18209
51 17477 18266
52 17477 18272
53 17477 18272 18322
54 17478 17479
55 17478 17492 17480 17493 17494
56 17478 17521 17522 17477
57 17478 17548
58 17478 17558
59 17478 17585 17586
60 17478 17607 17496
61 17479 17502
62 17480 17481 17482
63 17480 17510 17536
64 17480 17513 17479 17477
65 17481 17487 17690 17573 17691
66 17481 17513 17480
67 17483 17472 17513 17508
68 17483 17484 17485 17486 17487 17488 17489 17490 17491
69 17483 17496
70 17483 17508
71 17483 17513 17479
72 17483 17523
73 17483 17541
74 17487 17476
75 17487 17477
76 17487 17477 17586
77 17487 17477 17669
78 17487 17477 17942
79 17487 17479
80 17487 17489
81 17487 17494
82 17487 17496 17586 17477
83 17487 17501 17681 17682
84 17487 17508
85 17487 17510
86 17487 17510 17513 17494 17686
87 17487 17510 17523
88 17487 17512
89 17487 17512 18334
90 17487 17513
91 17487 17513 17490
92 17487 17523
93 17487 17525
94 17487 17525 17932 18155
95 17487 17526
96 17487 17526 17607
97 17487 17530
98 17487 17530 17795
99 17487 17537
100 17487 17541 17678
101 17487 17548
102 17487 17548 17762 17803 17804
103 17487 17553
104 17487 17564
105 17487 17571
106 17487 17575 17519
107 17487 17583 17586
108 17487 17585
109 17487 17585 17678
110 17487 17586
111 17487 17586 17496
112 17487 17586 17980
113 17487 17586 18451 17815
114 17487 17586 19352
115 17487 17594
116 17487 17594 17477 17685
117 17487 17594 17590 17703 17704 17705
118 17487 17594 17677
119 17487 17600
120 17487 17607
121 17487 17607 18237
122 17487 17609
123 17487 17628
124 17487 17630
125 17487 17636
126 17487 17637
127 17487 17637 17586
128 17487 17643 17791
129 17487 17651 17586
130 17487 17660
131 17487 17676
132 17487 17677
133 17487 17678
134 17487 17678 17685 17706
135 17487 17678 17698 17655
136 17487 17685
137 17487 17691 17636 18306
138 17487 17691 17691
139 17487 17693
140 17487 17695
141 17487 17698
142 17487 17699
143 17487 17702
144 17487 17705
145 17487 17706
146 17487 17707 17505
147 17487 17709 17594
148 17487 17710
149 17487 17711
150 17487 17713
151 17487 17716
152 17487 17719 17720 17721
153 17487 17722
154 17487 17724 17725
155 17487 17731 17507
156 17487 17765
157 17487 17766
158 17487 17771
159 17487 17773
160 17487 17776
161 17487 17781
162 17487 17783
163 17487 17797
164 17487 17813
165 17487 17815
166 17487 17815 17636
167 17487 17821
168 17487 17829 17731
169 17487 17840
170 17487 17846
171 17487 17850 17636
172 17487 17874 17817
173 17487 17876 17951
174 17487 17919 18218 19011
175 17487 17921
176 17487 17938 17637
177 17487 17949 17791 17812
178 17487 17958
179 17487 17978
180 17487 17978 17571 17636
181 17487 17978 17921
182 17487 18044
183 17487 18044 17637 18922
184 17487 18044 17783
185 17487 18056 17496
186 17487 18113
187 17487 18164
188 17487 18201
189 17487 18240 17477 18241
190 17487 18294 17477
191 17487 18330 18423
192 17487 18339
193 17487 18362
194 17487 18365
195 17487 18370 17586
196 17487 18443
197 17487 18451
198 17487 18452 18453
199 17487 18458 18459 18460
200 17487 18464
201 17487 18488
202 17487 18491
203 17487 18493 18466 17586 17489
204 17487 18497
205 17487 18506
206 17487 18507
207 17487 18538 17537
208 17487 18560
209 17487 18574
210 17487 18610 17505 17607
211 17487 18681 17907
212 17487 18732
213 17487 18737
214 17487 18750 17791
215 17487 18802
216 17487 18968
217 17487 19022
218 17487 19042
219 17487 19082
220 17487 19207 19273
221 17487 19257
222 17487 19565
223 17487 19567 19568 19569 19570
224 17487 19597
225 17488 17702
226 17489 17487 17683 17702
227 17489 17669
228 17489 17677 17500 17607
229 17489 18611
230 17490 17613
231 17494 17487
232 17494 17636
233 17494 17660 17569
234 17495 17496
235 17495 17496 17497
236 17495 17632 17472 17510 17564
237 17496 17480 17527 17501
238 17496 17487 17669
239 17496 17496 17496 17762 17676 17714 17762 17688 17750 17762 17643 17763
240 17496 17507
241 17496 17510
242 17496 17513
243 17496 17520 17481 17606
244 17496 17528 17529 17530
245 17496 17529
246 17496 17553
247 17496 17557 17583
248 17496 17571 17912
249 17496 17573 17638
250 17496 17606
251 17496 17626
252 17496 17626 17577
253 17496 17636
254 17496 17643
255 17496 17643 17677
256 17496 17668 18320 18321
257 17496 17678
258 17496 17702
259 17496 17708
260 17496 17731
261 17496 17830
262 17496 17882
263 17496 17966 17791
264 17496 17983 17713 17477
265 17496 18044 19204
266 17496 18149 17960 17477
267 17496 18246
268 17496 18432
269 17496 18567
270 17496 19238
271 17496 19310
272 17496 19689
273 17498 17496
274 17499 17477 17652
275 17499 17575 17487
276 17499 17607 17523
277 17499 17651
278 17500 17678 17748 17748
279 17500 18139 17685
280 17500 18330
281 17501 17480 17517 17478
282 17501 17483
283 17501 17483 17516 17509
284 17501 17503 17504 17505
285 17501 17548 17698 17477 17912 17913
286 17501 17582
287 17501 17607 17678
288 17501 17748
289 17501 17910 17782 17911
290 17504 17513
291 17504 17525
292 17504 17526 18322 18124
293 17504 18173
294 17505 17526
295 17505 17537 19835
296 17505 17586 18498
297 17505 17660 19494
298 17505 17690
299 17505 17783
300 17505 17960
301 17505 17978
302 17505 17978 19103 18044 19236
303 17505 17991 19304
304 17505 18058
305 17505 18691
306 17505 18968
307 17505 19098
308 17505 19135
309 17505 19194
310 17505 19194 19195 17628
311 17505 19239
312 17505 19247
313 17505 19472
314 17505 19791 19764 20005
315 17505 19822 20016
316 17505 19942
317 17505 19986 19296
318 17505 20229
319 17506 17493 17507
320 17506 17494
321 17506 17510
322 17506 17513 17510 17528 17625 17519
323 17506 17528
324 17506 17548
325 17506 17587
326 17506 17629
327 17506 17630 17631
328 17506 17978
329 17507 17472 17489 17641 17642
330 17507 17509
331 17507 17510
332 17507 17513 17559
333 17507 17528
334 17507 17529 17506 17577 17477 17489 17610 17611 17612
335 17507 17531
336 17507 17531 17545
337 17507 17542
338 17507 17640 17637
339 17507 17672
340 17508 17487
341 17508 17513 17496 17535
342 17508 17588
343 17509 17479
344 17509 17483 17481 17582
345 17509 17510
346 17509 17560 17530
347 17509 17606 17670
348 17509 17617
349 17509 17654
350 17509 18008
351 17510 17471 17635 17636 17637
352 17510 17476 17761
353 17510 17477 17586
354 17510 17487
355 17510 17506 17627
356 17510 17523
357 17510 17523 17586
358 17510 17526
359 17510 17530
360 17510 17542
361 17510 17548
362 17510 17560 17676 17677
363 17510 17586 17586 17845 17586
364 17510 17606 17477
365 17510 17609 17509
366 17510 17621
367 17510 17622 17630 17494
368 17510 17630 17477 17644 17636
369 17510 17638
370 17510 17653
371 17510 17703
372 17510 17711 17698 17630 17744
373 17510 17713
374 17510 17778 17793 17794
375 17510 17815 17752
376 17510 17853
377 17510 17867
378 17510 17883
379 17510 17892
380 17510 17904
381 17511 17512
382 17512 17967
383 17512 17978
384 17512 17978 18242 18236
385 17512 18236
386 17512 18418 17978
387 17512 18450
388 17513 17477
389 17513 17477 17960
390 17513 17479
391 17513 17479 17561
392 17513 17487
393 17513 17489
394 17513 17489 17915
395 17513 17494 17537
396 17513 17494 17983 17586
397 17513 17496
398 17513 17496 17626 17626
399 17513 17510
400 17513 17518
401 17513 17519
402 17513 17520
403 17513 17523 17969 17477
404 17513 17526
405 17513 17526 17530
406 17513 17528
407 17513 17529
408 17513 17542 17604 17544 17477
409 17513 17543
410 17513 17549 17550 17551 17552 17553 17554 17555 17556
411 17513 17567
412 17513 17568 17536 17545 17569 17477 17570 17571 17572 17548
413 17513 17569
414 17513 17573
415 17513 17573 17623 17927 17606 17509 17783
416 17513 17583
417 17513 17586
418 17513 17586 17477
419 17513 17604 17664
420 17513 17606
421 17513 17606 17960
422 17513 17607
423 17513 17637 18083
424 17513 17662
425 17513 17669
426 17513 17755
427 17513 17783
428 17513 17813
429 17513 17823
430 17513 17828
431 17513 17846 18133 17980 17606 18134
432 17513 17907
433 17513 17919
434 17513 17921 17553
435 17513 17978
436 17513 18035
437 17513 18047
438 17513 18112
439 17513 18129 17586
440 17513 18164 17677
441 17513 18382 18383
442 17513 18434
443 17513 18484
444 17513 18551
445 17513 18859
446 17513 18979
447 17513 19074 17945
448 17513 19170
449 17514 17515
450 17517 17609
451 17518 17526
452 17518 17537
453 17518 17543
454 17518 17556
455 17518 17586
456 17518 17586 19020
457 17518 17606 17960
458 17518 17606 18318
459 17518 17607 18993 18379
460 17518 17628
461 17518 17628 17967
462 17518 17636
463 17518 17783
464 17518 17840
465 17518 17840 19709
466 17518 17907
467 17518 17960
468 17518 17978
469 17518 17978 17691
470 17518 18000 17586 19556
471 17518 18294
472 17518 18294 17636
473 17518 18423 17637
474 17518 18492
475 17518 18492 19340 17537
476 17518 18533 17660
477 17518 18545
478 17518 18589
479 17518 18607
480 17518 18610 18492
481 17518 18636
482 17518 18715
483 17518 18791
484 17518 18808 18497
485 17518 18850
486 17518 18937 18492 18938
487 17518 18953
488 17518 18963
489 17518 19035
490 17518 19071
491 17518 19095
492 17518 19097
493 17518 19198
494 17518 19207
495 17518 19218
496 17518 19222 19294
497 17518 19223 17960 18913 18044
498 17518 19247
499 17518 19348 17526 19563 19551
500 17518 19370
501 17518 19448 19196
502 17518 19466
503 17518 19518
504 17518 19551
505 17518 19569 20267 18589
506 17518 19619
507 17518 19624
508 17518 19651 17526 17607 18589
509 17518 19663
510 17518 19722
511 17518 20096
512 17518 20300 20203 20301
513 17520 17510
514 17520 17526 17477
515 17521 17542
516 17523 17477
517 17523 17487
518 17523 17495 17479
519 17523 17526 17678
520 17523 17530
521 17523 17606
522 17523 17687
523 17523 17833
524 17523 17967
525 17523 18391
526 17524 17669 17680 17677
527 17524 17791
528 17524 18588
529 17525 17487
530 17525 17526
531 17525 17529
532 17525 17606
533 17525 17901
534 17525 17938
535 17525 18044
536 17526 17477
537 17526 17482
538 17526 17487
539 17526 17487 17709
540 17526 17487 17830
541 17526 17494 17606 17723 17992 17993
542 17526 17505
543 17526 17513 18972 19177
544 17526 17518
545 17526 17518 18179 18989
546 17526 17537
547 17526 17537 18314
548 17526 17553
549 17526 17569
550 17526 17573
551 17526 17573 17785
552 17526 17585
553 17526 17595
554 17526 17596
555 17526 17606 18155
556 17526 17607 17494
557 17526 17607 17777
558 17526 17607 17823
559 17526 17626
560 17526 17631 17594 17586
561 17526 17636 17477
562 17526 17636 17606
563 17526 17636 17813
564 17526 17637
565 17526 17637 19448
566 17526 17644
567 17526 17644 17685
568 17526 17669 17804
569 17526 17697
570 17526 17716
571 17526 17732 17683 17733 17734 17735 17736 17737 17650 17738 17739 17740 17741 17742 17743
572 17526 17752
573 17526 17783
574 17526 17783 18232
575 17526 17796
576 17526 17818
577 17526 17823
578 17526 17840
579 17526 17905
580 17526 17919
581 17526 17960
582 17526 17978
583 17526 17978 17995
584 17526 17978 18668
585 17526 17978 18951
586 17526 18003
587 17526 18008
588 17526 18033
589 17526 18064
590 17526 18127
591 17526 18176 18949
592 17526 18213
593 17526 18219
594 17526 18248
595 17526 18250 17569
596 17526 18291
597 17526 18309 20272 20273
598 17526 18359
599 17526 18374
600 17526 18378 17804
601 17526 18431
602 17526 18461
603 17526 18490
604 17526 18500
605 17526 18533
606 17526 18589 19189 19376
607 17526 18675 18715 18716 18717 18718 18719 18720 18721 17525
608 17526 18681
609 17526 18705 19086 17649 19791
610 17526 18810
611 17526 18879 18880 18881 18668 17628 18882
612 17526 18944 18063
613 17526 18968
614 17526 19063 17637 18330
615 17526 19101 19102
616 17526 19103 19368 18044
617 17526 19105
618 17526 19140
619 17526 19149
620 17526 19172 19418
621 17526 19180
622 17526 19189
623 17526 19193 19359
624 17526 19207
625 17526 19247
626 17526 19281
627 17526 19318 19609 19337 18949
628 17526 19366 19367
629 17526 19384 19385
630 17526 19431 18360 18599 19434 19435 19189
631 17526 19465
632 17526 19486
633 17526 19551 17978 19279
634 17526 19564
635 17526 19687
636 17526 19719 18065 18022
637 17526 19762 19810
638 17526 19786 19304 19572 18972 19717 19925
639 17526 19967
640 17526 20069
641 17527 17496 17557 17478 17576
642 17527 17507
643 17527 17510 17501 17639
644 17527 17615 17616 17534
645 17527 18064
646 17528 17480 17633
647 17528 17596 17477
648 17528 17619
649 17528 17626 17607 17602 17645
650 17529 17628
651 17529 17668
652 17529 17886
653 17529 18098
654 17529 18370
655 17529 18460
656 17529 18997 18998 18044 18647
657 17530 17487
658 17530 17487 17694
659 17530 17496
660 17530 17564 17496
661 17530 17594
662 17530 17677
663 17530 17678 17636
664 17530 17775 17526
665 17531 17472 17514
666 17531 17487 17678
667 17531 17532 17533
668 17531 17542
669 17531 17745
670 17532 17544 17546
671 17533 17523
672 17533 17569
673 17533 17825 17826
674 17534 17477
675 17534 17526
676 17534 17959 17804 17960 17961
677 17535 17706
678 17535 18008
679 17536 17480 17531
680 17536 17509 17501 17537 17538 17539 17540
681 17536 17513 17690 17711
682 17536 17536
683 17537 17518
684 17537 17526 18163
685 17537 17529
686 17537 17548
687 17537 17628
688 17537 17815 17478
689 17537 17840
690 17537 17906 17791
691 17537 18044
692 17537 18268
693 17537 18294 18808
694 17537 18595
695 17537 18662 17518
696 17537 18848
697 17537 18878
698 17537 18896 17660
699 17537 18923
700 17537 19095
701 17537 19104 17960
702 17537 19149 19302
703 17537 19228
704 17537 19331
705 17537 19466
706 17537 19576 17978
707 17537 19578
708 17537 19585
709 17537 19595
710 17537 19606 19558
711 17537 19689 17526
712 17537 19717
713 17537 19728
714 17537 19817
715 17537 19862
716 17537 19905
717 17537 20011
718 17541 17477 17772
719 17541 17478
720 17541 17613
721 17543 17487
722 17543 17586
723 17543 17600 18636
724 17543 17637
725 17543 17637 19657 19706 18859 18886
726 17543 17701
727 17543 17840
728 17543 17938
729 17543 17978
730 17543 18000
731 17543 18380 19514 17607
732 17543 19360
733 17543 19397
734 17543 19478
735 17543 19733 18395
736 17543 19739
737 17543 19774
738 17543 19855
739 17543 19928
740 17543 19983 19984
741 17543 19992
742 17544 17480 17526
743 17544 17508
744 17544 17585
745 17544 18062
746 17544 18105
747 17544 18106
748 17544 18112 17544 17917 17815
749 17545 17480 17509
750 17545 17573
751 17547 17548
752 17547 17916 17548 17477
753 17548 17487
754 17548 17489
755 17548 17499
756 17548 17508 17481
757 17548 17510 17477
758 17548 17512
759 17548 17513 17691
760 17548 17523 17573 17500
761 17548 17526
762 17548 17542
763 17548 17553 19237
764 17548 17585
765 17548 17586
766 17548 17594
767 17548 17595
768 17548 17607 17778 17527 17501
769 17548 17626
770 17548 17628
771 17548 17713
772 17548 17836
773 17548 17978
774 17548 18245
775 17548 18270
776 17548 18309 17967 18467
777 17548 18359
778 17548 18463
779 17548 18534
780 17548 18579
781 17548 18667 17783
782 17548 18781 17960 17978
783 17548 18805
784 17548 18959
785 17548 20164
786 17549 17493
787 17549 17508 17547 17584 17584 17501
788 17553 17505
789 17553 17553 17586
790 17553 17772
791 17553 17783
792 17553 17978
793 17553 18044
794 17553 18189
795 17553 18411
796 17553 18484
797 17553 18488 17967
798 17553 18546
799 17553 18758 18910 18821
800 17556 17978
801 17556 17991 19202
802 17556 18270
803 17556 18952
804 17556 19141 17912
805 17557 17501
806 17560 17487
807 17560 17509 17531 17487 17669
808 17560 17548
809 17560 17560
810 17560 17671
811 17560 18072 17932 18073 18074
812 17560 19790 20053
813 17562 17563 17479 17564 17565 17566
814 17563 17621 17509
815 17564 17487
816 17564 17513
817 17564 17523 17487 17501
818 17564 17777
819 17569 17548 17690 18369
820 17569 17783
821 17569 17960 17607 18190 18191
822 17569 18012
823 17569 18044
824 17569 18410
825 17569 18422
826 17569 18715 18270 18741
827 17569 18788
828 17569 19023
829 17571 17586
830 17571 18164 17595
831 17573 17507
832 17573 17533 17609 18016
833 17573 17624
834 17573 17875
835 17573 17887
836 17573 18130
837 17574 17560 17542 17575
838 17574 17577 17542 17530 17578 17579 17523
839 17576 17709 17596
840 17580 17531 17472 17589 17590
841 17580 17557 17581
842 17582 17613 17613
843 17583 17501 17513
844 17583 17526
845 17583 17711
846 17583 17971
847 17585 17477
848 17585 17487
849 17585 17519 17606
850 17585 17600
851 17585 17706 17526
852 17585 17713 17523
853 17585 17919
854 17585 18714
855 17585 19551 19595
856 17585 19665
857 17586 17477
858 17586 17477 18114 18115 18116
859 17586 17487
860 17586 17508 17487
861 17586 17513
862 17586 17529
863 17586 17553 19059
864 17586 17556 19512
865 17586 17600
866 17586 17606 18044
867 17586 17636 17513
868 17586 17637
869 17586 17655
870 17586 17713
871 17586 17747
872 17586 17759
873 17586 17813
874 17586 17815 19763 20357
875 17586 17846
876 17586 17907
877 17586 17907 17586
878 17586 17976
879 17586 18012 18253
880 17586 18042
881 17586 18100 18370 17600
882 17586 18161
883 17586 18247
884 17586 18257
885 17586 18263
886 17586 18319
887 17586 18368
888 17586 18370
889 17586 18375
890 17586 18379 18652
891 17586 18393
892 17586 18431
893 17586 18504 18523
894 17586 18545 17960
895 17586 18556
896 17586 18565
897 17586 18579 18415
898 17586 18620
899 17586 18753
900 17586 19059
901 17586 19370
902 17586 19381
903 17586 19406
904 17586 19457
905 17586 19462 19247
906 17586 19518 18545
907 17586 19523
908 17586 19556
909 17586 19610
910 17586 19636 18198 17537
911 17586 19848
912 17586 19885
913 17586 19949
914 17586 19957
915 17586 20021
916 17586 20164
917 17591 17528 17592 17510 17541 17548 17504 17593 17594 17595 17530 17596 17597 17598 17599 17600
918 17592 17531 17608
919 17592 17601
920 17593 17523 17676
921 17593 17526 17529
922 17594 17487
923 17594 17487 17529 17683
924 17594 17496
925 17594 17496 17530 17544
926 17594 17499 17487 17586
927 17594 17513
928 17594 17513 17496
929 17594 17513 17698
930 17594 17525
931 17594 17530
932 17594 17533
933 17594 17586 17790
934 17594 17593
935 17594 17595
936 17594 17606
937 17594 17677
938 17594 17690 17530
939 17594 17696
940 17594 17696 17585 17526
941 17594 17711 17573
942 17594 17718
943 17594 17746 17747
944 17594 17774
945 17594 17779 17530
946 17594 17782
947 17594 17832
948 17594 17875
949 17595 17487 17504 17525
950 17595 17636 17563
951 17595 17691
952 17595 17812
953 17595 17872
954 17595 17978
955 17595 18294 17907
956 17596 17548 17777
957 17596 17902 17636 17903
958 17600 17526 19719
959 17600 17537
960 17600 17644
961 17600 17721
962 17600 17783
963 17600 17995 17637 19689
964 17600 18589
965 17600 18895
966 17600 19368
967 17600 19624
968 17600 19853 19763 18042
969 17600 19864
970 17600 19969
971 17600 20069
972 17600 20312
973 17600 20381 18859
974 17601 17618 17507
975 17602 17603 17604 17605 17542 17519
976 17603 18294 18582
977 17604 17507
978 17604 17527
979 17604 17573
980 17604 17593 17607
981 17604 17607 17537
982 17604 17655 17606 17656
983 17606 17477 17707
984 17606 17487
985 17606 17505 18859
986 17606 17526
987 17606 17569
988 17606 17573
989 17606 17595
990 17606 17607
991 17606 17637
992 17606 17660
993 17606 17883
994 17606 17907
995 17606 17960
996 17606 17978
997 17606 18009 18508 17537
998 17606 18022
999 17606 18249 17526
1000 17606 18370
1001 17606 18383
1002 17606 18524
1003 17606 18551
1004 17606 18589 20139 19858 17600
1005 17606 18688
1006 17606 18810
1007 17606 18914
1008 17606 19068 17505
1009 17606 19077
1010 17606 19114
1011 17606 19585
1012 17606 19717 19220
1013 17606 19763 19875
1014 17606 19865 17783
1015 17606 19958
1016 17606 20066 20397
1017 17606 20069
1018 17606 20078 20395
1019 17606 20102
1020 17606 20238 20393
1021 17606 20304
1022 17607 17472 17487
1023 17607 17477
1024 17607 17487
1025 17607 17487 17626 17528 17505
1026 17607 17489
1027 17607 17496 17589
1028 17607 17501 17564
1029 17607 17505
1030 17607 17506
1031 17607 17507
1032 17607 17513
1033 17607 17513 17660
1034 17607 17525 17606 17537 17907
1035 17607 17525 18335
1036 17607 17526
1037 17607 17526 19522
1038 17607 17530
1039 17607 17531 17487
1040 17607 17533
1041 17607 17537
1042 17607 17547
1043 17607 17548
1044 17607 17548 17480 17526 17477 17606
1045 17607 17553 17713 17542 17501 17677
1046 17607 17560 17602 17643
1047 17607 17573
1048 17607 17594 17593
1049 17607 17595 18665 18270
1050 17607 17600
1051 17607 17606
1052 17607 17628 18636 19103
1053 17607 17636 17932 17526
1054 17607 17673
1055 17607 17677
1056 17607 17678 17799
1057 17607 17691 18694
1058 17607 17698
1059 17607 17712
1060 17607 17713 17477
1061 17607 17771
1062 17607 17772 17535
1063 17607 17781
1064 17607 17783
1065 17607 17812
1066 17607 17821
1067 17607 17822
1068 17607 17869 17876 17894 17895 17636
1069 17607 17899
1070 17607 17921
1071 17607 17960
1072 17607 17965
1073 17607 17978
1074 17607 17978 17477
1075 17607 17978 18974
1076 17607 17979
1077 17607 17980
1078 17607 17995
1079 17607 18023 17526 17477
1080 17607 18033
1081 17607 18050
1082 17607 18055 18056 17804
1083 17607 18096
1084 17607 18161
1085 17607 18168 18169
1086 17607 18176
1087 17607 18224 17978
1088 17607 18270 18093
1089 17607 18270 18738
1090 17607 18317
1091 17607 18370
1092 17607 18421
1093 17607 18421 17487 18016
1094 17607 18431
1095 17607 18589 19689 18485
1096 17607 18597
1097 17607 18687 18690 18691
1098 17607 18705 19487 19861 19858 19968
1099 17607 18747
1100 17607 18791
1101 17607 18856
1102 17607 19033
1103 17607 19040
1104 17607 19241 18400
1105 17607 19303
1106 17607 19326
1107 17607 19348
1108 17607 19370
1109 17607 19381 19612
1110 17607 19407
1111 17607 19707
1112 17607 19711 17960 19709 17600
1113 17607 19786 19979
1114 17609 17533
1115 17609 17722 17723
1116 17609 18015
1117 17611 17533
1118 17611 17996 17980
1119 17613 17487
1120 17613 17523
1121 17613 17677
1122 17613 17698 17499
1123 17613 17713
1124 17614 17496
1125 17615 17510
1126 17615 17526
1127 17615 17533
1128 17615 17637
1129 17615 17662 17480
1130 17620 17510
1131 17621 17478
1132 17621 17489
1133 17622 17496
1134 17622 17496 18486
1135 17622 17513
1136 17622 17526
1137 17622 17573
1138 17622 17586
1139 17622 17660
1140 17622 17680 17586
1141 17622 17713 17852
1142 17622 17767 17768 17769 17770 17628
1143 17622 17824
1144 17622 17841 17750 17843
1145 17622 18034
1146 17622 18049
1147 17622 18295 17978 18296
1148 17622 18517
1149 17622 18562
1150 17623 17603
1151 17626 17525 17524
1152 17626 17528 17523 17606
1153 17626 17533
1154 17628 17505
1155 17628 17518
1156 17628 17537
1157 17628 17537 19245
1158 17628 17569
1159 17628 17765
1160 17628 17783
1161 17628 17960
1162 17628 17978
1163 17628 18000
1164 17628 18000 19188 18848 19611 19431 19189
1165 17628 18012
1166 17628 18016
1167 17628 18044
1168 17628 18044 17537
1169 17628 18065
1170 17628 18112
1171 17628 18270
1172 17628 18304
1173 17628 18346
1174 17628 18424 17765 17586 17765
1175 17628 18468
1176 17628 18611
1177 17628 18649
1178 17628 18788 17505 17967
1179 17628 18972
1180 17628 19038
1181 17628 19050
1182 17628 19115 19116
1183 17628 19123
1184 17628 19183
1185 17628 19189
1186 17628 19191
1187 17628 19225
1188 17628 19230
1189 17628 19243 17660
1190 17628 19278
1191 17628 19295 19831
1192 17628 19299
1193 17628 19345
1194 17628 19356
1195 17628 19379
1196 17628 19399
1197 17628 19407
1198 17628 19433
1199 17628 19444
1200 17628 19453
1201 17628 19479
1202 17628 19682 19683
1203 17628 19856
1204 17628 19857
1205 17628 19977 17978
1206 17628 20322
1207 17630 17477
1208 17630 17596
1209 17631 17548
1210 17631 17847
1211 17634 17607
1212 17636 17477
1213 17636 17487
1214 17636 17513 18060
1215 17636 17586
1216 17636 17637 18258
1217 17636 17713
1218 17636 17752 17702 18028
1219 17636 17755 18285
1220 17636 17791
1221 17636 17813 17586 18276
1222 17636 17813 18261
1223 17636 17815
1224 17636 17907
1225 17636 17919 18183
1226 17636 17978
1227 17636 18018
1228 17636 18111
1229 17636 18125 17487 18126 17606
1230 17636 18137
1231 17636 18212 18145 18213 18214 18215 18216
1232 17636 18259 18260
1233 17636 18287 17606 17489
1234 17636 18553
1235 17637 17477
1236 17637 17518
1237 17637 17537
1238 17637 17586
1239 17637 17600
1240 17637 17606
1241 17637 17636
1242 17637 17680 19128 19129
1243 17637 17783
1244 17637 17783 17526
1245 17637 17942
1246 17637 17978
1247 17637 18059
1248 17637 18065
1249 17637 18201
1250 17637 18227 17637
1251 17637 18310 17477
1252 17637 18355
1253 17637 18373
1254 17637 18383 17586
1255 17637 18384
1256 17637 18566
1257 17637 18578
1258 17637 18589
1259 17637 18589 19663
1260 17637 18589 20348
1261 17637 18619 17637
1262 17637 18636
1263 17637 18685
1264 17637 18690
1265 17637 18708
1266 17637 18740
1267 17637 18765
1268 17637 18847
1269 17637 18901
1270 17637 19010
1271 17637 19062
1272 17637 19094
1273 17637 19247
1274 17637 19266 17537 18065
1275 17637 19472
1276 17637 19587 19207
1277 17637 19663
1278 17637 19689
1279 17637 19732
1280 17637 19736 17505 19393
1281 17637 19763
1282 17637 19772
1283 17637 19943
1284 17637 19966
1285 17637 20066
1286 17637 20068 20088
1287 17637 20068 20252
1288 17637 20115
1289 17637 20296
1290 17638 17835
1291 17641 17477
1292 17641 17500
1293 17641 17544
1294 17641 17668
1295 17641 17696 17685
1296 17643 17596
1297 17644 17477
1298 17644 17477 17523
1299 17644 18023
1300 17644 18060 17477
1301 17644 18164
1302 17644 18294
1303 17644 18334
1304 17644 18370 18653 18651 18030 18380 18654 18655 18656 17600
1305 17644 18417 18217 18268
1306 17644 19010
1307 17644 19369
1308 17644 19648
1309 17646 17573 17510
1310 17647 17553
1311 17647 17615 17542 17648 17649
1312 17650 17513
1313 17650 17520 17513 17594 17700 17701
1314 17650 17573 17531
1315 17650 17643
1316 17650 17663
1317 17651 17636
1318 17656 17526
1319 17657 17513 17656 17658 17606 17659 17660 17661
1320 17658 17477
1321 17658 17489 17651
1322 17658 17594
1323 17658 17631 17519
1324 17658 17680 17864 17631
1325 17658 17849
1326 17659 17586
1327 17659 17606
1328 17659 17815
1329 17659 17857
1330 17659 17875
1331 17659 17896
1332 17659 17910
1333 17659 17948
1334 17659 18008
1335 17659 18025
1336 17659 18522 17960
1337 17660 17530
1338 17660 17606 18611 17537
1339 17660 17978 17783
1340 17660 18038
1341 17660 18265
1342 17662 17526
1343 17662 17677
1344 17662 17731
1345 17662 17750
1346 17662 17752 17713 17677
1347 17662 17877
1348 17662 18612
1349 17662 18806 18807 17537
1350 17662 20314 20005
1351 17666 17667
1352 17667 17675
1353 17668 17529
1354 17669 17477
1355 17669 17496 17978
1356 17669 17505
1357 17669 17512
1358 17669 17525
1359 17669 17525 17512
1360 17669 17526
1361 17669 17553
1362 17669 17583
1363 17669 17585 17530 17800
1364 17669 17586
1365 17669 17594
1366 17669 17626 17823 17879
1367 17669 17628
1368 17669 17680
1369 17669 17802
1370 17669 17804
1371 17669 17865 18251 18252
1372 17669 17898
1373 17669 17899
1374 17669 17919
1375 17669 17932
1376 17669 17942
1377 17669 17952
1378 17669 17970
1379 17669 17971
1380 17669 17978
1381 17669 17978 17487
1382 17669 18043 18044
1383 17669 18180
1384 17669 18242 17791 18161
1385 17669 18270
1386 17669 18298 18389
1387 17669 18337 18338 18009
1388 17669 18346 17600
1389 17669 18600 18637 17817 18638 18639 18640
1390 17669 18604 17978 17960 18488
1391 17669 18832
1392 17669 19283
1393 17669 19555
1394 17669 19733 20004 20005
1395 17669 19929
1396 17669 19929 20073 20074
1397 17669 20142 20143 20144
1398 17669 20168 19919
1399 17669 20219
1400 17674 17507
1401 17674 17978
1402 17674 18082
1403 17674 18084 17628
1404 17677 17489
1405 17677 17525 17501 17631 17606 17660
1406 17677 17613 17713
1407 17677 17690 17477
1408 17677 17718
1409 17677 17866
1410 17678 17487 17713
1411 17678 17713
1412 17678 17750
1413 17679 17680 17534
1414 17680 17813
1415 17680 17842
1416 17680 19076 18201 19078
1417 17683 17726 17677 17727 17606
1418 17684 17487 17609
1419 17687 17509 17487
1420 17687 17930
1421 17688 17531 17689
1422 17688 17586 17586
1423 17690 17583
1424 17690 17680 17496 17805 17806 17807 17808 17809 17810 17811 17812 17813 17804 17814
1425 17690 17823
1426 17690 17978
1427 17690 18372
1428 17691 17586
1429 17691 17595
1430 17691 17607
1431 17691 17636
1432 17691 17637 18340
1433 17691 17960 17978
1434 17691 18257
1435 17691 18431 18058
1436 17691 18610
1437 17691 18816 18817
1438 17691 19045 19304
1439 17691 19071
1440 17691 19071 17701
1441 17692 17685
1442 17692 17710 17500
1443 17692 17983 17804 18023 18024
1444 17695 17477
1445 17695 17526
1446 17695 19083
1447 17695 19719 19842 19196 19843
1448 17696 17496 17593
1449 17696 17508
1450 17696 17513
1451 17696 17513 17595
1452 17696 17594
1453 17698 17477 17626
1454 17698 17487 17655 17510 17477
1455 17698 17528 17510
1456 17698 17545
1457 17698 17586 17984
1458 17698 17815
1459 17698 17823
1460 17698 17880 17490
1461 17698 18353
1462 17698 19132 18304 19133
1463 17698 20069
1464 17701 17543
1465 17701 17606
1466 17701 18282
1467 17701 19197
1468 17701 20240 17600 20241 19393 20242
1469 17702 17526
1470 17702 17530
1471 17702 18483 17628
1472 17705 18788
1473 17706 17508
1474 17706 17815 18573
1475 17706 18570
1476 17709 17476
1477 17709 17487
1478 17709 17523
1479 17709 17678
1480 17710 18497 17978
1481 17711 17526
1482 17711 17636
1483 17711 17637
1484 17711 17685
1485 17711 17932
1486 17711 18007
1487 17712 17505
1488 17712 17513
1489 17712 17606
1490 17712 18066
1491 17713 17477
1492 17713 17496
1493 17713 17510
1494 17713 17526
1495 17713 17586
1496 17713 17636
1497 17713 17636 18037
1498 17713 17669
1499 17713 17839 17840
1500 17713 18137 18138 18139 17815 18140 18141 18142 17685
1501 17714 17553 17477 17715
1502 17716 17477
1503 17716 17526
1504 17716 17712 17717
1505 17716 17917 17715
1506 17720 18464
1507 17720 18517
1508 17720 18537
1509 17724 17692 17636
1510 17728 17729
1511 17730 17533
1512 17732 17489
1513 17732 17607 17619
1514 17732 17628
1515 17732 17782
1516 17732 17817
1517 17732 17860
1518 17732 18183
1519 17733 17477
1520 17733 17928 17929
1521 17747 18202
1522 17748 17501
1523 17749 17750 17751
1524 17752 17510 17655 17753 17607 17754 17755 17537 17756 17757 17758 17759 17760
1525 17752 17513
1526 17752 17525
1527 17752 17607
1528 17752 17677
1529 17752 17711
1530 17752 17875 17887 17606
1531 17755 17477
1532 17755 17698 18370
1533 17755 17847
1534 17762 17865
1535 17764 17526 17765
1536 17765 17526
1537 17765 18973
1538 17772 17636 17494
1539 17772 17644
1540 17772 18060 18061
1541 17772 18354
1542 17775 17523
1543 17777 20305
1544 17779 17643 17789
1545 17779 17764 17477
1546 17780 17506
1547 17782 17526
1548 17782 17594
1549 17782 17660
1550 17782 17899 17674
1551 17782 17908
1552 17782 17917
1553 17782 18092 17674
1554 17783 17496 20045
1555 17783 17505
1556 17783 17526 18408
1557 17783 17537
1558 17783 17607
1559 17783 17637
1560 17783 17637 18985 18270
1561 17783 17784
1562 17783 17960
1563 17783 18044
1564 17783 18098 19717 18910
1565 17783 18270
1566 17783 18304
1567 17783 18589 19273
1568 17783 18648 17526
1569 17783 18788
1570 17783 18855
1571 17783 18876
1572 17783 18889 18044
1573 17783 18931
1574 17783 19280 18859
1575 17783 19348 17660 20130
1576 17783 19433 20014 17995 19999 19079 20015
1577 17783 19673 18009
1578 17783 20307 19912
1579 17783 20372 20323 18859
1580 17784 17573 19488 19457
1581 17784 18463 18466
1582 17784 19368 19538
1583 17785 17704
1584 17785 17798
1585 17786 17510
1586 17787 17477
1587 17787 17788
1588 17790 17607 17801
1589 17791 17477
1590 17791 17636 17750
1591 17791 17784
1592 17791 18005 17606
1593 17791 18463
1594 17791 19365
1595 17792 17487 17713 17523
1596 17796 17496
1597 17804 17487
1598 17804 17524
1599 17804 17526
1600 17804 17615 17783
1601 17804 17882 18292
1602 17804 17923
1603 17804 18008
1604 17804 18039 17477
1605 17804 18167
1606 17804 18366 17526
1607 17812 17967
1608 17812 18058
1609 17812 18166
1610 17813 17804
1611 17814 20316
1612 17815 17477
1613 17815 17477 17586
1614 17815 17477 17586 17586
1615 17815 17487
1616 17815 17487 17477
1617 17815 17510
1618 17815 17537
1619 17815 17586
1620 17815 17636
1621 17815 17637 18370
1622 17815 17685
1623 17815 17723
1624 17815 17816
1625 17815 18102
1626 17815 18583
1627 17819 17505
1628 17819 17530
1629 17819 17967
1630 17819 18067 17560
1631 17819 18080
1632 17820 17496
1633 17825 18534 17526
1634 17827 17477
1635 17828 17906
1636 17831 17525
1637 17831 18161 17637 18435 18384
1638 17834 17698
1639 17836 18076
1640 17837 17838
1641 17839 18342
1642 17840 17586
1643 17840 18330
1644 17840 18952
1645 17840 19551
1646 17840 19637
1647 17840 20164
1648 17841 17651
1649 17841 17856
1650 17842 17496 17529
1651 17842 17877
1652 17842 17931
1653 17844 17585
1654 17845 17594
1655 17845 17845
1656 17846 17586
1657 17846 17925 18009
1658 17847 17848
1659 17851 17496 17732
1660 17851 17524
1661 17851 17525
1662 17851 18053
1663 17854 17496
1664 17855 17585
1665 17858 17513
1666 17859 17823
1667 17860 17861 17862
1668 17863 17523
1669 17863 17791
1670 17863 17971
1671 17863 17975
1672 17864 17505
1673 17864 17556
1674 17864 17595
1675 17864 17637 17600
1676 17864 17783
1677 17864 17907
1678 17864 18061 17518
1679 17864 18286
1680 17864 19185 18301
1681 17864 19790
1682 17867 17868 17869 17870
1683 17867 17872 17873
1684 17871 17477
1685 17873 17513
1686 17873 17586
1687 17873 17687 17506 17823
1688 17873 18159
1689 17873 18363
1690 17874 17489
1691 17876 17513
1692 17876 17823
1693 17878 17723 17823
1694 17880 17510
1695 17880 17606
1696 17880 17706
1697 17880 17881
1698 17880 17917
1699 17884 17885
1700 17884 18072
1701 17888 17889 17890
1702 17891 17477
1703 17891 17669 17513 17731
1704 17893 17477
1705 17897 17606
1706 17899 17477
1707 17899 18083
1708 17899 18932
1709 17900 17496 17752
1710 17905 17821 18033
1711 17905 17978
1712 17906 17496
1713 17906 17955 17494 17956
1714 17907 17523
1715 17907 17537
1716 17907 17586
1717 17907 17637 18767
1718 17907 17644
1719 17907 17840
1720 17907 17938 19393 17919 19624
1721 17907 17978
1722 17907 18183
1723 17907 18370
1724 17907 18383
1725 17907 18431 17611 18294
1726 17907 18579
1727 17907 18589
1728 17907 18636 17586 18000
1729 17907 18681 17960
1730 17907 18831
1731 17907 18844
1732 17907 18868
1733 17907 18911
1734 17907 19072 17864 17637
1735 17907 19348
1736 17907 19652
1737 17907 20115 18348 19858
1738 17908 17513 17477
1739 17908 17524 17525 17994
1740 17908 17978
1741 17908 17986 17526
1742 17909 17477
1743 17909 17674
1744 17909 17932
1745 17912 17504
1746 17912 17607
1747 17912 17636
1748 17912 17691
1749 17912 17765
1750 17912 17791
1751 17912 17948
1752 17912 18347
1753 17912 18400 18401 18402
1754 17912 18478 18479
1755 17912 18648
1756 17916 17569
1757 17917 17752 17909
1758 17918 17525 17677
1759 17919 17505
1760 17919 17526
1761 17919 17537
1762 17919 17537 18644 18645
1763 17919 17573
1764 17919 17595
1765 17919 17978
1766 17919 18124 17637
1767 17919 18384 18449 18354 18009
1768 17919 18859
1769 17919 19518
1770 17920 17875 17921
1771 17920 18110 18111
1772 17921 17537
1773 17921 17637
1774 17921 17960
1775 17921 18488
1776 17921 18709
1777 17921 18782 17505 19086
1778 17922 17923 17924
1779 17923 18004
1780 17925 17586 18607
1781 17925 18804 17537
1782 17931 19689
1783 17932 17496 18333
1784 17932 17573 17513 18018 18019 18020
1785 17932 17586
1786 17932 17690
1787 17932 17978 17656 17656 17919 18017
1788 17932 18181
1789 17933 17677 17934
1790 17936 17526
1791 17936 17937
1792 17938 17526
1793 17938 17607
1794 17938 17783
1795 17938 17804
1796 17938 17939
1797 17938 17960
1798 17938 17978 19304 19440 19416 19441 19442 19443 19103 19119
1799 17938 18485 19963 19964 19965
1800 17938 18533
1801 17938 18625
1802 17938 18715 19103
1803 17938 18865 17537 17526
1804 17938 18964
1805 17939 19090 17701 19203
1806 17940 17606
1807 17940 17872
1808 17940 17941
1809 17940 17978 18403
1810 17942 17477
1811 17942 17526 17585
1812 17942 17569
1813 17942 17586 18349
1814 17942 17586 18371
1815 17942 17606
1816 17942 17943
1817 17942 17976
1818 17942 17978
1819 17942 17988
1820 17942 18008
1821 17942 18062
1822 17942 18370
1823 17944 17945
1824 17945 18124
1825 17946 17526
1826 17947 17526
1827 17950 17772
1828 17953 17954
1829 17955 17908 17525
1830 17957 17513
1831 17958 17526 18378
1832 17960 17477
1833 17960 17512 17691
1834 17960 17526
1835 17960 17553
1836 17960 17695
1837 17960 17784
1838 17960 17791 17477 17804 17691 17704
1839 17960 17804
1840 17960 17840 18921
1841 17960 17921
1842 17960 17978
1843 17960 17995
1844 17960 18057
1845 17960 18057 17569
1846 17960 18065
1847 17960 18179 17912
1848 17960 18218
1849 17960 18262 17523
1850 17960 18286
1851 17960 18370 17637
1852 17960 18440
1853 17960 18485
1854 17960 18538
1855 17960 18545
1856 17960 18545 17586
1857 17960 18550
1858 17960 18878 17494
1859 17960 18896
1860 17960 18954
1861 17960 18990 17505
1862 17960 19190
1863 17960 19246
1864 17960 19653 17691
1865 17960 20100
1866 17960 20169 19858
1867 17962 17812
1868 17963 17964
1869 17963 18048
1870 17966 17606
1871 17966 18003 17489 17477
1872 17968 17569
1873 17971 17812
1874 17971 17979 17907
1875 17972 17973 17586 17974
1876 17976 18442
1877 17977 17966
1878 17977 18329 17569
1879 17978 17477
1880 17978 17477 17523
1881 17978 17487
1882 17978 17489
1883 17978 17489 17606
1884 17978 17496
1885 17978 17505
1886 17978 17505 18346
1887 17978 17512
1888 17978 17512 17960
1889 17978 17523 18602
1890 17978 17525 17586 18224 17733 18225
1891 17978 17525 17977
1892 17978 17526
1893 17978 17526 17660 18878 18705
1894 17978 17526 18022
1895 17978 17526 18155
1896 17978 17526 19041 19042 19043 19044
1897 17978 17537 17628
1898 17978 17537 20027
1899 17978 17548
1900 17978 17553
1901 17978 17561
1902 17978 17569 18896 18897
1903 17978 17585
1904 17978 17586
1905 17978 17595
1906 17978 17606
1907 17978 17606 18269
1908 17978 17607
1909 17978 17615 17526
1910 17978 17628 18242 18928 18983
1911 17978 17636
1912 17978 17637
1913 17978 17637 17606
1914 17978 17649
1915 17978 17660
1916 17978 17660 18710
1917 17978 17669
1918 17978 17680
1919 17978 17690
1920 17978 17691
1921 17978 17691 18928 17628
1922 17978 17698
1923 17978 17701
1924 17978 17705
1925 17978 17720
1926 17978 17765
1927 17978 17772
1928 17978 17772 17586 17695
1929 17978 17783 18489
1930 17978 17815
1931 17978 17864
1932 17978 17876
1933 17978 17907
1934 17978 17919
1935 17978 17939
1936 17978 17954 17656
1937 17978 17960
1938 17978 17966
1939 17978 17967 17628 19660
1940 17978 17985
1941 17978 18000
1942 17978 18000 17921 18896 19351
1943 17978 18008
1944 17978 18009
1945 17978 18016
1946 17978 18016 19021 17781
1947 17978 18022
1948 17978 18032 18051 18052
1949 17978 18036
1950 17978 18040
1951 17978 18042 17548 17586
1952 17978 18044
1953 17978 18058
1954 17978 18061
1955 17978 18065 19095
1956 17978 18094
1957 17978 18098
1958 17978 18124
1959 17978 18153
1960 17978 18154
1961 17978 18155
1962 17978 18157
1963 17978 18160
1964 17978 18170
1965 17978 18183
1966 17978 18183 19188
1967 17978 18186
1968 17978 18197
1969 17978 18217
1970 17978 18234
1971 17978 18237
1972 17978 18242
1973 17978 18242 18354
1974 17978 18268 18044
1975 17978 18270
1976 17978 18288 17960 18173 18009 18289
1977 17978 18312
1978 17978 18313
1979 17978 18318
1980 17978 18319
1981 17978 18348
1982 17978 18359
1983 17978 18377 17607 18298
1984 17978 18395
1985 17978 18406
1986 17978 18429 18430 17606 17505 17537
1987 17978 18431
1988 17978 18431 18155 18635 17548 18636
1989 17978 18433
1990 17978 18466
1991 17978 18484
1992 17978 18484 19794
1993 17978 18519
1994 17978 18524 17606
1995 17978 18579
1996 17978 18581
1997 17978 18589
1998 17978 18601 17505
1999 17978 18623 18789 18790
2000 17978 18636
2001 17978 18648
2002 17978 18648 17526
2003 17978 18648 17600
2004 17978 18649 18642 18061
2005 17978 18669
2006 17978 18705
2007 17978 18733
2008 17978 18791
2009 17978 18810
2010 17978 18859 19581
2011 17978 18870
2012 17978 18872
2013 17978 18876
2014 17978 18893
2015 17978 18896
2016 17978 18907
2017 17978 18921 17783
2018 17978 18924 18925
2019 17978 18930
2020 17978 18939
2021 17978 18966 17960 18375
2022 17978 18989
2023 17978 18991
2024 17978 18995
2025 17978 19004
2026 17978 19021
2027 17978 19060
2028 17978 19074 18687
2029 17978 19092
2030 17978 19095
2031 17978 19096 17628
2032 17978 19117
2033 17978 19122
2034 17978 19126 17907 19339
2035 17978 19140
2036 17978 19181
2037 17978 19188
2038 17978 19188 18346
2039 17978 19188 18503 19239 19351
2040 17978 19210
2041 17978 19237 17518
2042 17978 19247
2043 17978 19250
2044 17978 19258
2045 17978 19273
2046 17978 19283
2047 17978 19318 18137
2048 17978 19342
2049 17978 19350
2050 17978 19376 19081 19377
2051 17978 19407
2052 17978 19414
2053 17978 19430
2054 17978 19438 19189
2055 17978 19551
2056 17978 19574
2057 17978 19607
2058 17978 19652
2059 17978 19653
2060 17978 19674 19675 19596
2061 17978 19681
2062 17978 19689 17660
2063 17978 19706 19877 19878
2064 17978 19757 19417
2065 17978 19763
2066 17978 19779 17526
2067 17978 19790
2068 17978 19860
2069 17978 19924
2070 17978 19929 19940 18680
2071 17978 19980
2072 17978 20006
2073 17978 20012
2074 17978 20012 17607
2075 17978 20020
2076 17978 20030
2077 17978 20068
2078 17978 20113 20068 18346
2079 17978 20162
2080 17980 17644
2081 17980 17983
2082 17981 17982
2083 17983 17548
2084 17983 17630
2085 17983 17815
2086 17983 18193
2087 17983 18347
2088 17986 17637
2089 17986 17661 17525 17812
2090 17986 17712 17537
2091 17986 17812
2092 17986 17909
2093 17986 18072
2094 17986 18080
2095 17986 18093
2096 17987 17932
2097 17989 17513
2098 17991 17586 18636
2099 17991 17662 18518 18517 18008 17537
2100 17991 17978
2101 17991 18475
2102 17991 18499
2103 17991 19308
2104 17991 19417
2105 17991 20081 18282
2106 17995 17513
2107 17995 17606
2108 17995 17628
2109 17995 17637
2110 17995 17705 18766
2111 17995 17783
2112 17995 18031
2113 17995 18242
2114 17995 18488
2115 17995 18512 18009
2116 17995 18597
2117 17995 18617
2118 17995 18665
2119 17995 19005 17606
2120 17995 19052 18270 17804 18796
2121 17995 19213 19214
2122 17995 19647
2123 17995 20068 20238
2124 17997 17513
2125 17997 17641
2126 17997 17965 18006
2127 17998 17999 18000
2128 18000 17537 19178
2129 18000 17586
2130 18000 17644
2131 18000 18044
2132 18000 18139 17600
2133 18000 18589 19438
2134 18000 19073
2135 18000 19470
2136 18000 19742
2137 18000 19926 19927
2138 18001 17997 17669
2139 18002 17513
2140 18003 17518 19733
2141 18003 17583
2142 18003 17978
2143 18008 17513
2144 18008 17523 18041 18042
2145 18008 17525
2146 18008 17607
2147 18008 17636 17474
2148 18008 17644
2149 18008 17669
2150 18008 17978 17637
2151 18008 17983
2152 18008 18316 17606
2153 18008 18606
2154 18010 17525
2155 18010 18011
2156 18012 17477
2157 18012 17529 18797
2158 18012 17537
2159 18012 17585
2160 18012 17607
2161 18012 17691
2162 18012 18270
2163 18012 18685 18891
2164 18012 18726 18727
2165 18012 18792
2166 18012 18824
2167 18012 18900 18741
2168 18012 19734
2169 18013 18014
2170 18016 18124
2171 18016 18775 18776 18016
2172 18018 17527
2173 18021 17548 18022
2174 18023 17586
2175 18023 17636 17586
2176 18023 17815
2177 18023 18194
2178 18023 18493
2179 18026 17477 18027
2180 18028 18352
2181 18029 17583
2182 18029 17939
2183 18029 18030
2184 18032 17804
2185 18033 17586
2186 18033 18100
2187 18033 18273
2188 18033 18553
2189 18033 18706
2190 18033 18764
2191 18035 17586 18249
2192 18036 17525 17569
2193 18036 17553
2194 18036 17960
2195 18036 18284
2196 18036 18384 17949
2197 18036 18394 18980
2198 18042 17637
2199 18042 18810 17600
2200 18042 19988
2201 18043 17899
2202 18044 17526
2203 18044 17537
2204 18044 17606
2205 18044 17611
2206 18044 17628 18394
2207 18044 17637
2208 18044 17691 18611 19106
2209 18044 17804 18843
2210 18044 17978
2211 18044 18270 19001 17586
2212 18044 18811
2213 18044 19162
2214 18044 19334
2215 18045 18046
2216 18054 17923
2217 18054 18056
2218 18056 17477
2219 18056 17637
2220 18056 17971
2221 18056 17978
2222 18057 17534
2223 18057 17569
2224 18058 17477 17747
2225 18058 17777
2226 18058 18195 18199
2227 18058 18351
2228 18058 18642 19390
2229 18058 19103 19546
2230 18062 18063
2231 18065 17505
2232 18065 17526
2233 18065 17628 18461
2234 18065 17637 18871
2235 18065 17796
2236 18065 17921
2237 18065 17960 17691
2238 18065 17978
2239 18065 18165 17907
2240 18065 18394
2241 18065 18611 18715
2242 18065 18671
2243 18065 19018
2244 18065 19100 18407
2245 18065 19136 19137
2246 18065 19314
2247 18066 17674 18068
2248 18067 17819 17560 17525
2249 18067 17836
2250 18067 18079 17836
2251 18067 18083
2252 18069 18070
2253 18070 17693
2254 18071 18072
2255 18072 17560 17819
2256 18072 17605 17508
2257 18072 17674
2258 18072 17712
2259 18072 17899
2260 18072 17986
2261 18072 18058 17505
2262 18072 18065
2263 18072 18066
2264 18072 18080
2265 18072 18083
2266 18072 18087
2267 18072 18095
2268 18075 18067
2269 18077 18078 18067
2270 18081 18067
2271 18082 18072
2272 18083 18072
2273 18084 17607
2274 18084 17932
2275 18084 18072
2276 18084 18083
2277 18084 18086
2278 18084 18098 18099
2279 18084 19596
2280 18085 17884
2281 18088 18089
2282 18088 18094
2283 18089 17909
2284 18089 18072 18090 18091 17636 17477 17494
2285 18094 18435
2286 18094 18990 17505
2287 18097 17899
2288 18098 19448
2289 18098 20079 17960 20080 19448
2290 18099 18094
2291 18100 17526
2292 18100 17607
2293 18100 17712
2294 18100 18033
2295 18100 18359 17636 17978
2296 18100 18370
2297 18100 18785
2298 18101 17815
2299 18103 17544
2300 18103 18104
2301 18106 17585
2302 18107 18108 18109 17494
2303 18111 18589
2304 18111 19274
2305 18112 19189
2306 18112 19396
2307 18117 17477
2308 18118 18036
2309 18119 17978
2310 18121 17586
2311 18122 17477
2312 18122 17637
2313 18122 18186 17690 18187
2314 18123 17487
2315 18124 17489
2316 18124 18094 18992 19551
2317 18124 18370 17525
2318 18124 18513
2319 18124 18542
2320 18124 19542
2321 18124 20108 19681
2322 18126 17477
2323 18128 17978
2324 18131 17477 17535
2325 18132 17705
2326 18134 17489
2327 18135 18136 18133
2328 18137 18267
2329 18137 18891
2330 18137 19821
2331 18139 17637
2332 18139 18432 17518 18614
2333 18143 17477
2334 18143 17644
2335 18144 17477
2336 18145 17971 18146
2337 18146 17505
2338 18146 18000
2339 18146 19103 19332 19188
2340 18147 18148
2341 18150 17978 17939
2342 18151 17569
2343 18152 17637
2344 18155 18155
2345 18156 17607
2346 18156 17978
2347 18158 17978
2348 18161 17960 18771 18849
2349 18161 17978 17791
2350 18161 18487
2351 18161 18542
2352 18161 18813
2353 18162 17978
2354 18163 17477
2355 18164 17523 17526
2356 18164 17637
2357 18164 17748
2358 18165 17477
2359 18165 17569
2360 18165 17960
2361 18165 17967
2362 18165 18098 18902
2363 18165 18421 18742
2364 18165 19124
2365 18170 17523
2366 18170 17525
2367 18170 17921
2368 18170 18173
2369 18170 18200 17569
2370 18170 18331
2371 18170 18695
2372 18171 17477
2373 18172 17477
2374 18176 18972 19989
2375 18177 18178 17997
2376 18182 17569
2377 18183 19024
2378 18183 19032 18463
2379 18184 18185
2380 18188 17526
2381 18191 17840
2382 18192 17525
2383 18194 17960
2384 18195 17606
2385 18195 17636
2386 18195 18018 17690 17636 18196
2387 18197 17477
2388 18197 18198
2389 18197 18226
2390 18198 18524 19717
2391 18201 17518 19188 19109 18422 19815
2392 18201 17637
2393 18201 18554
2394 18201 18559
2395 18201 18687
2396 18201 19010
2397 18201 19029
2398 18206 17524
2399 18210 18211
2400 18213 17548
2401 18217 17637
2402 18217 17932
2403 18220 17668 18221 17705 18222 18223 17586
2404 18220 17907
2405 18220 18833
2406 18221 17477
2407 18221 17978 17526 18384
2408 18227 17636 18228 18229
2409 18227 17960
2410 18228 17537
2411 18229 17695
2412 18229 18425 18426
2413 18230 18231
2414 18232 17537
2415 18232 18023
2416 18232 18690
2417 18233 17899 17636
2418 18234 17705
2419 18234 18238 18239
2420 18234 18334
2421 18234 18858
2422 18235 17529 17791 18236 18237
2423 18236 17512
2424 18236 17812 17932 17669
2425 18236 17940 18376
2426 18237 17526
2427 18237 17783
2428 18237 17960
2429 18237 18669 18729 18730
2430 18237 18690 18065 18811
2431 18237 19052 19160 19086
2432 18242 18462
2433 18243 17817
2434 18243 18244
2435 18249 17842 18058
2436 18249 17978 17637 17637
2437 18249 18301 17537
2438 18249 18390 17919 18492
2439 18254 17942
2440 18254 18255
2441 18256 18035
2442 18257 17537
2443 18261 18270
2444 18264 17496
2445 18264 17571
2446 18264 17636
2447 18264 17636 18293
2448 18264 17765
2449 18264 18331
2450 18266 19837
2451 18268 18264 17795 17637 18334
2452 18270 17487
2453 18270 17505
2454 18270 17537
2455 18270 17569 19247
2456 18270 17960 17912
2457 18270 18012
2458 18270 18201
2459 18270 18346 17537 18380
2460 18270 18359
2461 18270 18415
2462 18270 18551
2463 18270 18581 18421 18664 17967
2464 18270 18643
2465 18270 18841
2466 18270 19001
2467 18270 19090
2468 18270 19156 18484
2469 18270 19157
2470 18270 19178
2471 18270 19208 19209
2472 18270 19343
2473 18271 17954
2474 18271 19240 19063
2475 18272 17644
2476 18273 17477 18274 18275
2477 18277 17668
2478 18277 18278
2479 18279 18280 18281
2480 18282 18283
2481 18290 18084
2482 18294 17526
2483 18294 17669
2484 18294 17815
2485 18294 17978
2486 18294 18294
2487 18294 18327
2488 18294 18636 18359
2489 18294 18753 18384
2490 18294 19045
2491 18294 19094
2492 18297 17571
2493 18298 17978
2494 18298 17978 17512 18299
2495 18298 18304 18242
2496 18300 17960
2497 18301 17496 18016 18734
2498 18301 17526 17598 18492
2499 18301 17586
2500 18301 17595
2501 18301 17628 17978 19196
2502 18301 17907
2503 18301 17921
2504 18301 18370
2505 18301 18545
2506 18301 18623 18624
2507 18301 18646
2508 18301 18690
2509 18301 19189
2510 18302 17636
2511 18303 17526
2512 18303 17606
2513 18303 17606 17508
2514 18303 18243
2515 18303 18328
2516 18304 17505
2517 18304 17978
2518 18304 18304 19311 18304 18859 19570
2519 18304 18589 18383 19025 19630
2520 18304 18674
2521 18304 19128
2522 18304 19172
2523 18304 19189
2524 18304 19216
2525 18305 18304 17607
2526 18307 17685
2527 18308 18309
2528 18309 17505
2529 18309 17526
2530 18309 17537
2531 18309 17783 18848
2532 18309 17978
2533 18309 18273
2534 18309 18384
2535 18309 18492
2536 18309 18611
2537 18309 19705 19706 19189
2538 18309 20110 19598 17526
2539 18311 17706
2540 18315 18220
2541 18322 17978 17526 18648
2542 18323 17863 18324 18325 18326 17475
2543 18330 17606 17942
2544 18330 19028
2545 18330 19228
2546 18331 17983 18531
2547 18332 17705
2548 18334 17487
2549 18334 17526
2550 18334 17585
2551 18334 17607
2552 18334 17644
2553 18334 17919
2554 18334 17960 17978 18415 17505 17921
2555 18334 17967
2556 18334 18098
2557 18334 18358
2558 18334 18370 18378 18379 18380
2559 18334 18405
2560 18334 18460
2561 18334 18571
2562 18336 17978 17942 17571 17518 18000
2563 18341 17548
2564 18341 18227 18304
2565 18343 17553
2566 18344 17607
2567 18345 18346
2568 18346 17505
2569 18346 18661 17765
2570 18346 19207 17505
2571 18346 19551
2572 18347 17571
2573 18348 18480 18867
2574 18350 17504
2575 18350 17791
2576 18356 18357
2577 18356 18364
2578 18358 18058
2579 18359 17586
2580 18359 17960
2581 18359 18360
2582 18359 18451
2583 18359 18589
2584 18359 18636
2585 18359 18791
2586 18359 18920
2587 18360 17783
2588 18360 18394
2589 18361 18360 17548
2590 18363 17698
2591 18365 17513
2592 18365 17586
2593 18367 17983
2594 18370 17487
2595 18370 17489
2596 18370 17496 17586
2597 18370 17512
2598 18370 17518
2599 18370 17537
2600 18370 17586
2601 18370 17600
2602 18370 17606
2603 18370 17611
2604 18370 17637
2605 18370 17720
2606 18370 17748
2607 18370 17752
2608 18370 17769
2609 18370 17772
2610 18370 17817
2611 18370 17960
2612 18370 18062
2613 18370 18236 17804 18384 17919 18396
2614 18370 18341
2615 18370 18373 17606
2616 18370 18390
2617 18370 18391
2618 18370 18409
2619 18370 18431
2620 18370 18466 18452 17586
2621 18370 18472
2622 18370 18489 17960
2623 18370 18531
2624 18370 18558
2625 18370 18570
2626 18370 18651
2627 18370 18663
2628 18370 18690
2629 18370 18731 17907
2630 18370 18981
2631 18370 19273
2632 18370 19543
2633 18378 17526
2634 18378 18388
2635 18379 17960 18124
2636 18379 19051 18715
2637 18381 17919
2638 18383 17637
2639 18383 18319 18751 17586
2640 18383 18492
2641 18383 19184
2642 18383 19462
2643 18384 17505
2644 18384 17637 17512
2645 18384 17978
2646 18384 18385 17804
2647 18384 18394
2648 18384 18480
2649 18386 17553 18348 17804 18387
2650 18386 17765
2651 18390 17691
2652 18390 18183 17636
2653 18390 18391 18373
2654 18392 18336
2655 18394 17628
2656 18394 17628 19027
2657 18394 17960 18775
2658 18394 18124
2659 18394 18270
2660 18394 18270 18008 18044
2661 18394 18282
2662 18394 18341
2663 18394 18373 18395
2664 18394 18509
2665 18394 18518
2666 18394 18711
2667 18395 18000
2668 18395 18589
2669 18395 19663 19764 19765 19766 19767 19768
2670 18395 19849
2671 18395 20168 20238
2672 18397 18398
2673 18399 17586
2674 18400 17529 19666 18998
2675 18400 18373
2676 18404 18387 17660
2677 18407 18058 18408
2678 18411 18111
2679 18412 17596
2680 18412 18058
2681 18413 18142 18139
2682 18413 18330
2683 18414 18415
2684 18415 17548
2685 18416 17783
2686 18416 18334
2687 18416 18808
2688 18417 17526
2689 18417 17553 17978 17921
2690 18418 17978
2691 18419 18420 18421
2692 18421 17526
2693 18421 17537
2694 18421 17660
2695 18421 17851
2696 18421 17880
2697 18421 18484 18605
2698 18421 18519
2699 18421 19079 19080
2700 18422 17772
2701 18422 17978
2702 18422 18438
2703 18424 17872 17512
2704 18425 18008
2705 18425 18421
2706 18427 17978
2707 18427 18409 18428
2708 18430 19377
2709 18431 17586
2710 18431 18030
2711 18431 18432
2712 18431 18548
2713 18432 18511
2714 18434 18370
2715 18435 17607 17960 18009
2716 18435 18457
2717 18436 18437 18334
2718 18438 17513 17600 17600 18566 17543
2719 18439 17586 18334
2720 18441 18334 18384
2721 18444 17919 18009
2722 18445 18446
2723 18447 18448
2724 18447 18465
2725 18454 17513
2726 18455 17840
2727 18456 17606
2728 18459 18370
2729 18461 17628
2730 18461 17628 18761 19048
2731 18461 18000
2732 18461 19454 19193 18637 18859
2733 18463 17537
2734 18463 17967
2735 18463 18481
2736 18463 18648 19062 19063 19064
2737 18463 19559
2738 18464 17487
2739 18464 17526 18065
2740 18464 17537
2741 18464 17606
2742 18464 17783
2743 18464 17815
2744 18464 17907
2745 18464 17978
2746 18464 17995
2747 18464 18391 18510
2748 18464 18903
2749 18464 19182
2750 18468 17606
2751 18468 18525
2752 18469 17919 17537
2753 18469 18466
2754 18470 18407 18471 18008
2755 18472 17607 18394
2756 18472 18473
2757 18472 18661 18201
2758 18474 18058
2759 18476 18421
2760 18477 17606
2761 18477 17637
2762 18477 17960 18161
2763 18477 18391
2764 18477 18459 17526
2765 18477 18591 18301 18632 18633 18008 18634
2766 18477 18616
2767 18477 18676 18677 18678 18679
2768 18477 18737 18370
2769 18477 19910 19388 18811 19911 19304 19696 19706 19912
2770 18481 17637
2771 18481 17791
2772 18482 17526
2773 18482 18868
2774 18482 18968
2775 18484 17537
2776 18484 17569
2777 18484 18134 19052 19143 18625 17628 19144 18998 19145 19146 17637
2778 18484 18633
2779 18484 19448 19500
2780 18488 18270
2781 18488 18370
2782 18492 17537
2783 18492 17586
2784 18492 18270 19335
2785 18492 18636
2786 18492 19244
2787 18492 19247 18198
2788 18492 19360
2789 18492 19462
2790 18492 19486 19487
2791 18494 18488 18448 17991 17921 18495
2792 18495 18279
2793 18496 18497 18498
2794 18497 17505
2795 18497 17907
2796 18497 18108
2797 18497 18431
2798 18497 18610
2799 18497 18685
2800 18497 19368
2801 18501 18502
2802 18503 18394
2803 18504 18505 18330
2804 18507 18553
2805 18508 18649
2806 18514 18515
2807 18516 17978
2808 18517 17607 18539
2809 18519 17783 18736 18907
2810 18519 18012 18597
2811 18519 18124
2812 18519 18520
2813 18519 18812
2814 18521 17637
2815 18521 17978 18540
2816 18521 18370
2817 18523 18460 18009
2818 18524 17606
2819 18524 17921
2820 18524 18198
2821 18524 20069 17518
2822 18524 20100
2823 18524 20190
2824 18526 18527
2825 18527 18008 17720
2826 18528 18012
2827 18529 18530 18531 18435 17644 18532
2828 18531 17978
2829 18533 17537
2830 18533 17978
2831 18533 18294
2832 18533 19095 19307 19373
2833 18533 19448
2834 18534 17607
2835 18534 18488 18557 17526
2836 18534 18542 18543 18544
2837 18535 18536
2838 18538 17967
2839 18541 17606
2840 18541 17607
2841 18541 18346
2842 18541 18370
2843 18541 18431
2844 18545 17586
2845 18545 17637 17921
2846 18545 18042
2847 18545 18497
2848 18545 18690
2849 18545 19020
2850 18545 19339
2851 18545 19438
2852 18547 18521
2853 18549 18550
2854 18551 17815
2855 18551 17960
2856 18552 17537
2857 18553 17548
2858 18553 17606 18431
2859 18553 17636
2860 18553 18589
2861 18553 19067
2862 18555 17817
2863 18561 18484
2864 18563 17537
2865 18564 17685
2866 18565 17505
2867 18565 18492 18672
2868 18568 17606
2869 18569 17526
2870 18569 17537
2871 18569 17607 17615 17537
2872 18569 18421 17791 17978 18009
2873 18569 18568 18394
2874 18570 17586
2875 18570 18708
2876 18571 18572
2877 18575 17783 18370 19180 18891
2878 18575 18576
2879 18575 18707
2880 18577 18044
2881 18578 18610
2882 18579 17489
2883 18579 17537 17637
2884 18579 17585
2885 18579 17586
2886 18579 17586 19019
2887 18579 17978 18959
2888 18579 18065 18825 18826
2889 18579 18346
2890 18579 18400
2891 18579 18553
2892 18579 18603
2893 18579 18649 17526 18796
2894 18579 18681
2895 18579 18728
2896 18579 18749
2897 18579 18788
2898 18579 19021
2899 18579 19032 17586
2900 18579 19039
2901 18580 17586
2902 18581 18218
2903 18581 18597 17537
2904 18581 18696
2905 18584 18585 18586 17637 18587
2906 18588 19177 19181
2907 18589 17518
2908 18589 17586
2909 18589 17600
2910 18589 17607
2911 18589 17637
2912 18589 17695
2913 18589 17701
2914 18589 17783
2915 18589 17783 17784 19586
2916 18589 17907
2917 18589 18042 20068
2918 18589 18112
2919 18589 18198
2920 18589 18870
2921 18589 18917
2922 18589 19188 19685 19368
2923 18589 19247
2924 18589 19292 17513 19268 19189 19524 18463 17919 17791
2925 18589 19299 17628
2926 18589 19381
2927 18589 19463 19071
2928 18589 19466 17939
2929 18589 19472
2930 18589 19617 19348
2931 18589 19636
2932 18589 19663
2933 18589 19670
2934 18589 19681
2935 18589 19707
2936 18589 19723
2937 18589 19733
2938 18589 19763
2939 18589 19967
2940 18589 20026
2941 18589 20066
2942 18589 20069
2943 18589 20070 19828
2944 18589 20078 20206 20068 19239
2945 18589 20106
2946 18589 20128
2947 18589 20164 20130
2948 18589 20191 18232
2949 18589 20218
2950 18589 20229
2951 18589 20298 20299 17637
2952 18589 20398 17600 18524
2953 18590 18201 17537
2954 18591 17960 17526 18592 18593
2955 18594 18595
2956 18596 17660
2957 18597 17586
2958 18597 17783 18866 18867 17967 18775
2959 18597 17978
2960 18597 18201
2961 18597 18625 18626 18009 18627 18628 17569 18629
2962 18597 18771
2963 18598 18065
2964 18599 17526
2965 18599 17960
2966 18599 17978
2967 18599 18551 18431 18603
2968 18600 18545 17513
2969 18605 17526
2970 18607 18859 18232 19919
2971 18607 20068
2972 18608 18609
2973 18610 17487
2974 18610 17518
2975 18610 18464
2976 18610 18648 19126
2977 18610 18788 18268 18887
2978 18610 19031
2979 18610 19231
2980 18610 19620
2981 18611 17518
2982 18611 17978 17525 17628
2983 18613 17537
2984 18614 17518
2985 18614 17518 17960
2986 18614 17526
2987 18614 17995
2988 18614 18370
2989 18615 17586
2990 18617 18477
2991 18617 18681
2992 18618 18301 17704
2993 18621 18421 18622
2994 18623 17553
2995 18623 17628
2996 18625 17553 18762 18763
2997 18625 17960
2998 18630 17537
2999 18630 17783
3000 18630 19723 17526 17543 19304
3001 18631 17815
3002 18631 18667 17537
3003 18636 18463 18805
3004 18636 18610
3005 18636 18783
3006 18636 19141
3007 18636 19556
3008 18641 18642
3009 18642 17978
3010 18642 18636
3011 18642 18647
3012 18646 18270
3013 18648 17526
3014 18648 17526 18385
3015 18648 17537
3016 18648 17628
3017 18648 17978
3018 18648 18065
3019 18648 18065 19036 17690 19037 18649
3020 18648 18690 19275
3021 18648 18914
3022 18648 18994 18811
3023 18648 19021 19448
3024 18648 19086 18896 19544 17628
3025 18648 19155
3026 18648 19207
3027 18648 19301 19302
3028 18648 19309 18757 19247
3029 18648 19395
3030 18648 19423 19424
3031 18648 19425
3032 18648 19528 17978
3033 18649 17978
3034 18649 18098 17978
3035 18649 18237 18650
3036 18656 19166 17628
3037 18657 18370
3038 18657 19684 19448 19698
3039 18658 18431
3040 18659 18660
3041 18661 18725
3042 18661 18757 18728
3043 18662 17777 19681 19817
3044 18662 17919 17526
3045 18662 17978
3046 18662 19486 20078
3047 18666 18667
3048 18667 17505
3049 18667 17586
3050 18667 18237
3051 18667 18752
3052 18667 18864
3053 18667 19059 17513
3054 18667 19799
3055 18669 17537
3056 18669 17960
3057 18669 18642 18788 17783 17801 18869
3058 18669 18670
3059 18669 18754 18755
3060 18671 17526 19825
3061 18671 17960
3062 18671 18484 19878
3063 18671 19188
3064 18671 19317
3065 18671 19948
3066 18671 20200 19304
3067 18673 17978
3068 18675 17685 17706
3069 18675 17978
3070 18675 17978 18008 17526
3071 18675 18739
3072 18680 18681
3073 18681 17607
3074 18681 17840
3075 18681 18415
3076 18681 18685
3077 18681 20052
3078 18682 17637 18681
3079 18683 18137
3080 18683 18155
3081 18684 18301 18675 17960
3082 18685 17606
3083 18685 17921
3084 18685 18675 18346
3085 18685 18686 18687 18675 18421 18688 18689
3086 18685 19360
3087 18685 19989 17783 18589
3088 18685 20151 19472 18422 20152 20000
3089 18685 20203
3090 18686 18724
3091 18690 17518
3092 18690 17907
3093 18690 17960 19931
3094 18690 18042
3095 18690 18589
3096 18690 18981
3097 18690 19270
3098 18691 17526
3099 18692 18693 17537
3100 18693 18869 18934 18919 17628
3101 18696 17907
3102 18697 18698
3103 18699 17978 18098 18700
3104 18701 17907 17978 18044
3105 18701 17978
3106 18701 18565
3107 18702 18702 17706
3108 18703 17607
3109 18704 17529
3110 18704 17537
3111 18704 18669 17783 18220
3112 18704 18705
3113 18705 17628 17939 18318
3114 18705 17783 19717
3115 18705 18480 17628
3116 18705 18607
3117 18705 18668 19448 17505 17637
3118 18705 18671
3119 18705 19572
3120 18705 20066
3121 18706 17607
3122 18706 18390
3123 18706 18484
3124 18712 17609 18713
3125 18712 18829 18830
3126 18712 18842 18843
3127 18715 18950
3128 18722 17505
3129 18722 17669 18282
3130 18722 17978
3131 18722 17978 17960
3132 18722 18970 18971
3133 18723 17529
3134 18724 17637
3135 18725 17586
3136 18728 17487
3137 18728 18477
3138 18731 20194
3139 18733 17586
3140 18735 18736
3141 18740 18741
3142 18743 17724
3143 18743 18416 18744 18745 18746 18346
3144 18748 18460
3145 18752 18648
3146 18753 17543
3147 18753 17783 17505
3148 18753 17960
3149 18753 18270
3150 18753 19247
3151 18753 19295
3152 18753 19319
3153 18753 19381
3154 18753 19727 19717
3155 18753 19750
3156 18753 19916
3157 18753 20214
3158 18754 18756
3159 18754 18780
3160 18758 17978
3161 18758 18759
3162 18758 19817 19683
3163 18760 18761
3164 18761 17960 18121
3165 18767 18033
3166 18767 18781 18782
3167 18768 18435 18769
3168 18770 18771 18772 18484 17817
3169 18773 17978
3170 18773 17978 18774
3171 18773 18705 18784
3172 18777 18778
3173 18779 17791 18282
3174 18779 17960 18237 17967 17513
3175 18782 17487 18124 18346 18948 18174 17733
3176 18782 18436 18918
3177 18782 19360 19361 19296 18685
3178 18783 17637
3179 18786 18787 18788
3180 18788 17526
3181 18788 17548 17505
3182 18788 17791 18597 17705
3183 18788 17978 18886
3184 18788 18597
3185 18788 18649
3186 18788 18722 17783 18915
3187 18788 18845
3188 18788 18856
3189 18788 18861
3190 18788 18919 17526
3191 18788 19094
3192 18791 17526
3193 18791 17537 19189
3194 18791 17586
3195 18791 17637
3196 18791 17760 18912 18913 18914
3197 18791 17907
3198 18791 17978 17537
3199 18791 18545
3200 18791 18788
3201 18791 18847 18848
3202 18791 19032 19059 17481
3203 18791 19141
3204 18791 19506
3205 18791 19749
3206 18791 19763
3207 18793 17523
3208 18794 18795
3209 18795 18898
3210 18796 17939
3211 18798 18597
3212 18799 17586
3213 18800 17628 19263
3214 18800 18801
3215 18803 17978
3216 18808 17611 17526 17606 17644
3217 18808 18375
3218 18808 18390
3219 18808 18636
3220 18808 18791
3221 18808 18809 18810 18811
3222 18808 19071
3223 18808 19173
3224 18810 17636
3225 18810 17864
3226 18810 19196 19353
3227 18810 19292 17706
3228 18810 19595
3229 18814 18815
3230 18818 18819 18065 17525
3231 18818 18827 18828
3232 18820 17607
3233 18821 17628
3234 18821 17765 18960 18961
3235 18821 18597
3236 18822 18436
3237 18822 18636
3238 18823 18685 17526
3239 18830 19081
3240 18832 19205
3241 18834 18835
3242 18836 18837 18838
3243 18839 17938 18840
3244 18844 19179 19190 17719
3245 18844 19432
3246 18844 19624
3247 18846 17512 18708
3248 18846 18161
3249 18848 17526 19465 19495 19496
3250 18848 17628
3251 18848 17978
3252 18848 19295 17628
3253 18848 19383
3254 18848 19448
3255 18848 19845 17817
3256 18848 19972
3257 18848 20032 17526
3258 18848 20220 20164
3259 18848 20338 19916 18867
3260 18850 17526
3261 18850 18161
3262 18851 17840
3263 18852 18853
3264 18854 17669 18409
3265 18857 17518
3266 18857 17660
3267 18860 18237 18016
3268 18862 18863 17967
3269 18865 17607
3270 18868 17636
3271 18868 19048
3272 18868 19261 18503
3273 18872 18033
3274 18873 18874
3275 18875 17637
3276 18877 17783
3277 18878 18394
3278 18883 17783 18884
3279 18885 17783
3280 18885 18648 19372
3281 18888 18889 18890
3282 18889 18662
3283 18892 17938 17783
3284 18894 18464
3285 18896 17783
3286 18896 18589 19584
3287 18897 19241 19242
3288 18897 19278
3289 18899 17960
3290 18899 19222 18346 17537
3291 18904 17978
3292 18905 17978 17660 18906 18907
3293 18905 18044
3294 18907 18407 18963
3295 18908 18909
3296 18914 18266 19942
3297 18916 17960 18805
3298 18917 17586
3299 18917 18033
3300 18917 18309
3301 18917 18477
3302 18921 18958
3303 18921 19587 18914
3304 18921 19595
3305 18922 17537
3306 18926 17637
3307 18926 18927
3308 18926 18969
3309 18929 18930
3310 18930 18431
3311 18932 17526 18044 18933
3312 18932 17637
3313 18932 18201
3314 18932 18868
3315 18932 18939
3316 18935 18936
3317 18937 17783 17628
3318 18938 17907 19513
3319 18938 19023
3320 18938 19633 19634
3321 18939 17496 19181
3322 18939 17505 19014
3323 18939 17537 19307
3324 18939 18808 17526
3325 18939 19109 19110 19111 19112 18649
3326 18940 17537
3327 18940 18941 18942 17628 18943 18497
3328 18945 18946 18947
3329 18946 17505
3330 18955 18885 18956 18957 17628 18124 17623
3331 18959 17489 18044 18636
3332 18959 19369 17505
3333 18962 18808 18463 18907
3334 18963 17960
3335 18963 18992
3336 18965 17960
3337 18967 18963
3338 18968 19574
3339 18972 17505 18722 19107
3340 18972 17628 19006 17783
3341 18972 18000 18623
3342 18972 18044
3343 18972 18589 19909 19989
3344 18972 18656
3345 18972 18848 19188
3346 18972 18868
3347 18972 18870
3348 18972 18978
3349 18972 19148
3350 18972 19189
3351 18972 19463 19189 19464 19465 19466
3352 18972 19689
3353 18972 20032
3354 18972 20177 18146 19681
3355 18972 20389
3356 18975 17628
3357 18976 17637 17791
3358 18977 18976
3359 18981 18607
3360 18982 18907 17637
3361 18984 17518
3362 18984 18611
3363 18986 17637
3364 18987 17628
3365 18988 18989 17606
3366 18989 17518
3367 18990 17505
3368 18990 17525
3369 18990 17537
3370 18990 17978
3371 18990 17991 17505 19562
3372 18990 18044
3373 18990 19055
3374 18990 19071 19127
3375 18990 19181
3376 18990 19308 19327 17505 17628
3377 18990 19471 17705
3378 18992 19095
3379 18993 18810 19846 18859 19471 19847
3380 18994 18237
3381 18996 18985
3382 18997 17637 19879 19642
3383 18997 19419
3384 18999 18484
3385 19000 18648
3386 19001 17505
3387 19002 18422 17628 18237 19003
3388 19005 18359 18379 18459
3389 19007 18065 18270 17995 17796 18645 19008
3390 19009 18421
3391 19010 20097 19280 18918
3392 19011 18012 19215
3393 19012 18611
3394 19013 17628
3395 19015 18648 17804
3396 19016 18972 19017
3397 19018 17537
3398 19021 17978
3399 19021 19025
3400 19021 19467
3401 19023 17669 19678
3402 19023 17938
3403 19023 17978
3404 19023 18098
3405 19023 18642
3406 19023 18821
3407 19023 19049
3408 19023 19092 19093
3409 19023 19217 19048
3410 19023 19295 19517
3411 19023 19830 19919
3412 19026 18394 17529
3413 19029 19030
3414 19034 18607
3415 19040 17518
3416 19045 17586
3417 19045 17636
3418 19045 17637
3419 19045 18044
3420 19045 18461
3421 19045 18463
3422 19045 18685 19252
3423 19045 19189 19755
3424 19045 19207
3425 19045 19218
3426 19045 19314
3427 19045 20320 20321
3428 19046 19025 17628
3429 19046 19047
3430 19048 17518 17691 18989
3431 19048 17628
3432 19048 17919
3433 19048 17978
3434 19048 18000 19438 19569 19189
3435 19048 18589 19698
3436 19048 19189
3437 19048 19466 19668
3438 19048 19579
3439 19051 18990 19070
3440 19052 17606 17919
3441 19052 17628
3442 19052 17628 18645 19134
3443 19052 17783 19601 19073 17783
3444 19052 17978 19095
3445 19052 18065
3446 19052 18304
3447 19052 18690
3448 19052 19126 18990 18298 17505
3449 19052 19150 19151 19152
3450 19052 19154
3451 19052 19212
3452 19052 19590 17938
3453 19052 19625 19626 19627 19628 19629 19630
3454 19052 20175 18731 20168 18282
3455 19053 19054
3456 19055 17628
3457 19056 19057
3458 19058 18669 17791
3459 19059 19066 18044 19067
3460 19060 18484
3461 19060 19045
3462 19061 17960
3463 19065 18270
3464 19069 17505
3465 19069 19176
3466 19071 17978
3467 19071 18492
3468 19071 18850
3469 19071 19072 18791
3470 19072 17537
3471 19072 17586
3472 19072 17600
3473 19072 17636
3474 19072 17907
3475 19072 18370 17537
3476 19072 19095
3477 19072 19712
3478 19072 20168
3479 19073 19071 18044
3480 19075 19076
3481 19075 19158 17628
3482 19078 17628
3483 19082 19312
3484 19084 18932 19085
3485 19087 19088 17537 19078 19089
3486 19090 18065 18044 18477
3487 19090 19029 19091
3488 19090 19092
3489 19090 19099
3490 19090 19177 19187 19188
3491 19090 19303 19257
3492 19090 19378
3493 19090 20289
3494 19094 17600
3495 19094 18000 19812
3496 19094 19125 19201 18492
3497 19094 19598
3498 19094 19773
3499 19101 19107 19108
3500 19103 17535 17637
3501 19103 17537
3502 19103 18044 19541 17817 18645
3503 19113 17637
3504 19118 19119 18888 18990 17505 19120
3505 19121 17526
3506 19123 17637
3507 19125 17526
3508 19125 17628
3509 19125 17978
3510 19125 18667
3511 19125 19247 19420
3512 19125 19291
3513 19125 19843
3514 19125 19863
3515 19128 18270 19147 17611
3516 19128 19142 17628
3517 19130 19131
3518 19133 19504
3519 19138 19139
3520 19142 17783
3521 19153 18044 18921
3522 19157 18301
3523 19159 18301
3524 19161 17505
3525 19162 17960 19186
3526 19162 19163
3527 19162 19814
3528 19163 19653
3529 19164 19165 19166 19167
3530 19168 18100
3531 19169 19045 17586
3532 19170 17586
3533 19170 17960
3534 19170 19171
3535 19170 19288
3536 19172 17526
3537 19172 17939
3538 19172 18044
3539 19172 18671
3540 19172 18705
3541 19172 19247
3542 19172 19344
3543 19172 19407 18782
3544 19172 19448
3545 19174 19175
3546 19175 17960
3547 19177 17864
3548 19177 19128 18992 18124 18868
3549 19179 17518
3550 19179 17978
3551 19179 19740 17637
3552 19184 17628 17967
3553 19184 17864
3554 19184 18355
3555 19184 18808
3556 19184 19262
3557 19188 17529
3558 19188 17529 17537
3559 19188 17668
3560 19188 17978
3561 19188 18589 19418
3562 19188 18662 18811 17607 18000
3563 19188 18685
3564 19188 19220
3565 19188 19313
3566 19188 19411 20156 19765 18992 19912 19541 20157 19377 20158 19846 20007 18952 17586 19189 20159
3567 19188 19448 17960
3568 19188 19541
3569 19188 19729
3570 19188 19787
3571 19188 19850 20087 17496
3572 19188 19858
3573 19188 19890 17537
3574 19188 19909
3575 19188 20065
3576 19188 20069
3577 19188 20168
3578 19188 20203
3579 19188 20231 20232
3580 19189 17537
3581 19189 17537 18232
3582 19189 17978 19885 19916
3583 19189 17995 18395 19466
3584 19189 18000 19880
3585 19189 18270 18567 19232 19020
3586 19189 19090
3587 19189 19188 17607 19417
3588 19189 19448 17628 17513 17586 19611
3589 19189 19594 19756
3590 19189 19623
3591 19189 19624
3592 19189 19689 19811 19241
3593 19189 19698 19729 19729
3594 19189 19733
3595 19189 19760
3596 19189 19777 18346 19778
3597 19189 19869
3598 19189 20092 18907
3599 19192 17840 17600
3600 19192 17978
3601 19193 17628
3602 19193 17978
3603 19199 18464 17526
3604 19200 17939
3605 19206 17586
3606 19211 18485 19922 19923
3607 19211 19016 18012 19212
3608 19218 17960 19184
3609 19219 18270
3610 19220 19448 19212 19389
3611 19221 19078
3612 19222 18952 19360
3613 19222 19223 19193 17526
3614 19222 19238 19239 17628
3615 19222 19249
3616 19222 19259
3617 19222 19264 17526
3618 19222 20153
3619 19223 18484
3620 19223 19078
3621 19224 17628 19078
3622 19224 18589 17586
3623 19226 19227 17505
3624 19226 19985
3625 19229 17607 18492
3626 19229 19078 17505
3627 19229 19297 17505
3628 19233 19234 17526
3629 19235 17978 18270
3630 19239 19045 19382
3631 19241 17628 19613
3632 19241 17637
3633 19241 17960
3634 19241 18589
3635 19241 19188
3636 19241 19348
3637 19241 19597
3638 19247 17637
3639 19247 17817
3640 19247 18176 17529
3641 19247 19248
3642 19247 19360
3643 19247 20186 19790
3644 19251 19252 18492
3645 19253 19254 18649
3646 19255 17518
3647 19255 18111
3648 19255 19422
3649 19256 19257
3650 19257 19276
3651 19258 17537
3652 19259 19260 17595
3653 19261 19375
3654 19265 17995 17537
3655 19266 19267
3656 19268 17513 19269
3657 19268 17978
3658 19268 19966
3659 19271 18065 19272
3660 19273 17783
3661 19273 18270
3662 19277 19274
3663 19279 17978
3664 19281 17660
3665 19281 17784
3666 19281 17995
3667 19281 19282 18270
3668 19281 19374
3669 19281 19402
3670 19282 18270
3671 19283 17607
3672 19284 18939
3673 19285 18146
3674 19286 17526 18309
3675 19287 19095 19025
3676 19289 17496 19290 18866
3677 19292 19293
3678 19295 17548
3679 19295 17783 20098 19663
3680 19295 17978
3681 19295 18000
3682 19295 19164 18589 19733
3683 19295 19281 19395 19415
3684 19295 19296
3685 19295 19348
3686 19295 19504
3687 19295 19681
3688 19295 19763
3689 19295 20404
3690 19296 19196
3691 19296 19489
3692 19298 18690
3693 19300 17628
3694 19302 19048
3695 19302 19388
3696 19302 19391 19048 19392 17526
3697 19302 19393
3698 19302 19416
3699 19302 19482 19483 19189
3700 19305 19306
3701 19311 19125
3702 19315 19316
3703 19318 18257 19025 19346
3704 19318 18589 19348 17939 17628 19655
3705 19320 18065
3706 19321 18992
3707 19321 19322
3708 19323 17586
3709 19323 17637
3710 19323 17783
3711 19323 18383 17960 19324 19325
3712 19323 19045
3713 19323 19417 18489
3714 19328 19329 17537 18461 19330 19049
3715 19329 18848
3716 19329 19172 19193
3717 19333 17543
3718 19336 17548
3719 19337 18821 19338
3720 19341 19045
3721 19342 17553
3722 19342 18355
3723 19343 18309 17543
3724 19343 19448 17960
3725 19347 19207 18669 18044 17628
3726 19348 17606
3727 19348 17607 18201
3728 19348 17628
3729 19348 18648 18949
3730 19348 19011 19570 19738
3731 19348 19241
3732 19348 19349
3733 19348 19363 19364
3734 19348 19592
3735 19348 19654
3736 19348 19689
3737 19348 19961
3738 19348 20115 20404
3739 19348 20258
3740 19354 19355
3741 19355 19585
3742 19357 19358
3743 19362 17628
3744 19364 19342
3745 19364 19786 19368
3746 19368 19507
3747 19368 19694 19364
3748 19368 19718
3749 19368 19859
3750 19369 17513
3751 19369 19591
3752 19370 18589
3753 19371 17505
3754 19377 18000
3755 19377 19045 17586
3756 19377 20235
3757 19379 19045 19193
3758 19380 17978
3759 19381 17537
3760 19381 18934
3761 19381 19094 19630
3762 19381 19472 19930 19931
3763 19381 20109
3764 19385 17526
3765 19385 19874
3766 19386 19020
3767 19387 17600
3768 19387 17636
3769 19389 19363
3770 19394 18899
3771 19395 17569
3772 19395 17783
3773 19395 18480
3774 19395 18989
3775 19397 17791
3776 19397 19391
3777 19398 19123
3778 19400 19401
3779 19403 19404
3780 19405 18497
3781 19405 19786 18266
3782 19405 19884
3783 19407 17967
3784 19408 17978 17586
3785 19409 17513 17586 17907
3786 19410 19411
3787 19411 17783 17607 19919 19073
3788 19412 18589
3789 19412 19413 17840
3790 19421 17543
3791 19421 19497
3792 19421 19499 19103
3793 19421 19520 17628
3794 19423 19735
3795 19426 19086 17628
3796 19427 19428
3797 19429 17585
3798 19430 19431 18649
3799 19434 17505
3800 19434 19241
3801 19434 19786
3802 19436 17919 17841 19481
3803 19436 18610 18992
3804 19437 19438 19439 18589
3805 19437 19498
3806 19438 17543 17573
3807 19439 18492
3808 19439 19063 19662
3809 19445 17784 18589 19045
3810 19446 19447
3811 19448 17505
3812 19448 17628
3813 19448 17783 18294 17660
3814 19448 18524
3815 19448 19023
3816 19448 19188
3817 19448 19273 18380
3818 19448 19320 19683 17817 18928
3819 19448 19548
3820 19448 19598
3821 19448 19610
3822 19448 19642 19639
3823 19448 19805
3824 19448 19908
3825 19448 20100
3826 19448 20274
3827 19449 19103 18645 19450
3828 19451 18669 19452 17637
3829 19455 17526 19103
3830 19455 19312 19475 18922
3831 19455 19456
3832 19457 18782
3833 19458 19459 19460 18859
3834 19460 17505 17783
3835 19460 17526 19916 20055
3836 19460 17978
3837 19460 18589
3838 19460 19461 19168
3839 19460 19716
3840 19460 19822 20049
3841 19460 19869
3842 19460 20013 19299
3843 19460 20016
3844 19462 17526
3845 19463 17585
3846 19465 19502
3847 19465 19595 19689 17537 19598 19690
3848 19466 19247
3849 19466 19735 19790
3850 19466 20236
3851 19468 19469
3852 19470 17783 17660
3853 19470 17907
3854 19470 17978
3855 19470 18435
3856 19470 19595 17537 17791
3857 19470 19815 19733
3858 19470 19897
3859 19472 17537
3860 19472 17907
3861 19472 17978
3862 19472 19500
3863 19472 19525
3864 19472 19733
3865 19472 19898
3866 19472 19909
3867 19472 20290 19878 19916 20291
3868 19473 19474
3869 19473 19590
3870 19476 17518 19493 18861
3871 19476 19477
3872 19480 19481 19189
3873 19484 19485
3874 19486 17537
3875 19486 18383
3876 19486 18972 19086
3877 19486 19060 19562
3878 19490 17784
3879 19491 19023 19492 18176 17783
3880 19492 18685
3881 19492 19179
3882 19492 20223 20068
3883 19501 17706
3884 19503 17543
3885 19504 17526
3886 19504 17607
3887 19504 18042 17960
3888 19504 18282
3889 19504 18524
3890 19504 18848 19434 19763
3891 19504 19505 19506
3892 19504 19663
3893 19504 19762
3894 19504 19807 18968
3895 19504 19887 19888
3896 19504 20070
3897 19504 20160
3898 19504 20177
3899 19504 20406
3900 19506 19188
3901 19507 19486 17505 19508
3902 19509 19486
3903 19510 19511
3904 19514 17505
3905 19515 17526 19516
3906 19518 19472 19457 17553
3907 19519 17960
3908 19519 18667
3909 19521 19486
3910 19526 19527
3911 19529 17628
3912 19530 19531 17791
3913 19532 19533
3914 19534 18146
3915 19534 19368
3916 19535 17938 19189 17967
3917 19536 19537
3918 19537 17840 20345
3919 19539 18550 19001
3920 19540 19189
3921 19541 19593 19594 18044
3922 19543 19189 19212
3923 19545 18589
3924 19547 19348 19011 19548
3925 19549 19550 17505
3926 19551 17701 17537 19074
3927 19551 17978
3928 19551 17991
3929 19551 18610
3930 19552 17518
3931 19552 19739
3932 19553 17586
3933 19553 17938 18636 19554
3934 19553 18395
3935 19553 19885
3936 19556 17607
3937 19556 17907
3938 19556 19448 20211 20069 19189 19916
3939 19556 19788 19789 19570
3940 19556 19790 18868
3941 19556 20361
3942 19556 20405 19885
3943 19557 18000 19558
3944 19560 19561 19448 19304 19189
3945 19564 17505
3946 19566 19448 19560
3947 19569 18012 19247 17537
3948 19571 17489 17691
3949 19571 17698 19604
3950 19572 19257
3951 19572 19573
3952 19572 20100 20335 20396
3953 19575 17526
3954 19575 17543 19448 19140 19721
3955 19575 17628 19472 17526 19696 19448
3956 19577 17586
3957 19580 17701
3958 19580 19368 19295 19581 19052 19582
3959 19583 17526
3960 19583 18868 18713 17505
3961 19583 19189
3962 19585 17607
3963 19585 18022
3964 19585 18044 19738
3965 19585 18270
3966 19585 18395 18346
3967 19585 19786
3968 19585 19942
3969 19585 20306 19504
3970 19586 19593
3971 19587 17543 19095 19189
3972 19587 18589 17526 17691 19636 18794 18257
3973 19587 19588 19589
3974 19587 19793 17784
3975 19592 17978
3976 19593 17505 19667
3977 19593 17907
3978 19595 17537
3979 19595 17978
3980 19595 19405
3981 19595 19465
3982 19595 19580 17945
3983 19595 19840 19841
3984 19597 17907 17586 17543
3985 19598 17784
3986 19598 18383 17600
3987 19598 18914
3988 19598 19690 17526 18791 18993
3989 19598 19790
3990 19599 19600 19448 19374 19134
3991 19600 17637
3992 19602 17637
3993 19602 19603
3994 19605 18000 19569
3995 19607 17505
3996 19607 17783 17505
3997 19607 19614 18668
3998 19608 19470 19463 17600 17537 19020
3999 19608 19551
4000 19615 18972 19967
4001 19615 19189
4002 19615 19917 19010 19869 19304 18649
4003 19616 18497 18685
4004 19618 19551 19368
4005 19619 19222 18383 17637
4006 19621 17978
4007 19622 19448 17628
4008 19624 17526
4009 19624 18282 17537 19189
4010 19624 18309 17978
4011 19624 19637
4012 19624 19697 18383
4013 19631 19241
4014 19631 19448 17660
4015 19631 20161
4016 19632 19574
4017 19633 18668
4018 19635 17537
4019 19638 18972 17938
4020 19639 19241
4021 19639 19640 17991 18843 18859
4022 19640 17637 19456
4023 19641 17995 19535
4024 19642 17637
4025 19642 17783
4026 19642 18000
4027 19642 18589 19643
4028 19642 19006 17660
4029 19642 19095
4030 19642 19247
4031 19644 19645 18922 19646
4032 19646 17636
4033 19649 19643
4034 19650 19189 19086
4035 19653 18846
4036 19656 19657 19658 19659
4037 19661 17685
4038 19663 17526 19551
4039 19663 17607 17505 19581 17919
4040 19663 17628
4041 19663 17636
4042 19663 17840
4043 19663 17960
4044 19663 18992
4045 19663 19368
4046 19663 19624
4047 19663 19664
4048 19663 19723
4049 19663 19791
4050 19663 19929
4051 19663 19934 19935
4052 19663 19978 19039
4053 19663 20277 20070 20278
4054 19669 19067
4055 19669 19175
4056 19671 17637
4057 19672 19465
4058 19673 19816
4059 19676 18690 19360
4060 19677 19348 18393
4061 19679 17537 18346 17481
4062 19680 18691
4063 19680 19448
4064 19684 17526
4065 19684 17628 19613
4066 19684 19574
4067 19686 17526
4068 19686 17783 19759
4069 19686 19163
4070 19688 17586
4071 19689 17637
4072 19689 18355 19993 19936
4073 19689 19581 18859 19689
4074 19689 19691 17476 17967
4075 19689 19713
4076 19689 19987
4077 19689 20001 20002
4078 19689 20035 17526
4079 19691 17526
4080 19692 17600 19693
4081 19695 17691
4082 19699 17978
4083 19700 19701
4084 19702 17526 18346
4085 19703 19704
4086 19707 18671
4087 19708 19551
4088 19709 19710
4089 19710 19724 19439
4090 19714 19188 19715 19569
4091 19716 17505 19472
4092 19716 17537
4093 19716 18094
4094 19716 19597 19890 20209 20210
4095 19716 19663 18993 19295
4096 19716 20217
4097 19718 19642 19826 19827
4098 19719 18690
4099 19719 19072 18681
4100 19719 19348 19720
4101 19723 17628
4102 19723 19162 18589 19048
4103 19723 19982 19364 19991
4104 19723 20203
4105 19725 19726
4106 19726 17600
4107 19726 19470 19771 18921 19103 17637
4108 19729 17526
4109 19729 19188
4110 19730 19731 19581 19073
4111 19732 17585
4112 19732 17586 17721
4113 19732 19878 19937
4114 19736 19737 19570 19738 18868 18044
4115 19740 17569
4116 19740 17606
4117 19741 19506
4118 19743 17907
4119 19744 19448
4120 19744 19642
4121 19745 19746
4122 19747 19448 17995 19748 18986
4123 19751 19744
4124 19752 17783 19025
4125 19753 17526 19754
4126 19754 18848
4127 19754 20186 18524
4128 19754 20189
4129 19758 19241 17496 17537
4130 19761 19762 17537 19763
4131 19761 19763 17637
4132 19762 17513 19472 18993 19548
4133 19762 17637
4134 19762 17978
4135 19762 19891 19892
4136 19762 19952
4137 19763 17586
4138 19763 17622
4139 19763 17907
4140 19763 18668
4141 19763 19295 19790 19570 18949
4142 19763 19572 18589 20168
4143 19763 19750
4144 19763 19795
4145 19763 19808 19043 19809 17586
4146 19763 19947
4147 19763 20309 20310
4148 19769 19691 19770 17543 17526
4149 19774 17586
4150 19775 18857 19776 17600
4151 19777 19782
4152 19780 18383 17637 19189 19304
4153 19780 18422 18000
4154 19781 19758
4155 19782 19472 18485
4156 19783 19784 17537
4157 19784 19990
4158 19785 19786
4159 19786 19668 19438 19448 17783 17628
4160 19790 17543 17637
4161 19790 17586
4162 19790 17636
4163 19790 18122 19170
4164 19790 19572 19504
4165 19790 19631 19869 17960 18896
4166 19790 19763 18636
4167 19790 19967
4168 19790 20195
4169 19792 17607
4170 19796 19123 19797
4171 19798 17978
4172 19800 18636
4173 19801 17537
4174 19802 18461 19769 19239 19527 19803 18582 19247 18859
4175 19804 17526 17518
4176 19806 19807 19448
4177 19807 20146
4178 19809 17537
4179 19809 19188
4180 19810 19763
4181 19813 17537
4182 19814 19556
4183 19817 17537
4184 19817 17637
4185 19817 19834 19537 19448
4186 19817 20308
4187 19818 17978
4188 19819 17600
4189 19820 19763
4190 19822 19823
4191 19824 19351
4192 19824 19504
4193 19828 18685
4194 19828 19434
4195 19828 19642
4196 19828 19733 19822 19706
4197 19828 20069 20203 20261 20255 19797 19572
4198 19829 19448 19657
4199 19830 17607
4200 19830 19572 17526 19843 17548
4201 19830 19999
4202 19830 19999 19989 19878 17628
4203 19830 20000
4204 19832 17586
4205 19832 19833 19642 18000
4206 19834 19572
4207 19836 18589
4208 19838 19839
4209 19844 17637 17586 19597 17719
4210 19849 19553 19188
4211 19850 17537 19851 19852
4212 19850 20069
4213 19854 18868
4214 19859 17505
4215 19861 17978 19241
4216 19866 17586
4217 19866 19763
4218 19867 19868
4219 19869 19870
4220 19869 19889 19587 19890
4221 19869 19936
4222 19869 20070
4223 19869 20114
4224 19869 20335
4225 19871 17505
4226 19872 19729
4227 19873 19763
4228 19876 18000
4229 19881 17607
4230 19881 17607 19883
4231 19881 17669 17680
4232 19882 17607
4233 19885 17586
4234 19885 17907
4235 19885 18870
4236 19885 19543
4237 19885 19869 19918 19010 18667
4238 19885 19886
4239 19885 20164
4240 19885 20270 18422 19916
4241 19890 18791
4242 19890 18914
4243 19890 19189 20311
4244 19890 19763 20164
4245 19890 20090 19504
4246 19890 20238
4247 19893 19894 17637
4248 19894 19895 19551 18346
4249 19896 19048
4250 19899 19763 19247
4251 19900 17526
4252 19901 17628
4253 19901 19439 19960
4254 19901 19786
4255 19902 19247
4256 19903 19904
4257 19906 19907 17537
4258 19908 17978 19448
4259 19908 19010 19920
4260 19908 20249 20250 20251
4261 19908 20271 19448
4262 19909 19655
4263 19913 17637
4264 19913 19989 19368 19189
4265 19914 19881 19915 17537 19916
4266 19921 17526
4267 19921 17606 18791
4268 19928 18708
4269 19929 17586
4270 19929 17817 19374
4271 19929 18566 19189
4272 19929 19295
4273 19929 19681 18044 20032 17660
4274 19929 19977 20273
4275 19932 19933
4276 19938 19939
4277 19941 18680
4278 19941 20238
4279 19942 17505
4280 19942 18022
4281 19944 19061
4282 19944 19247 19241
4283 19944 19448
4284 19945 19946
4285 19946 20031 20033 19738
4286 19946 20048
4287 19950 19951
4288 19953 17537
4289 19954 17907
4290 19955 19956 17526
4291 19958 17960
4292 19959 19569
4293 19962 19348
4294 19967 17526 19460
4295 19967 17637
4296 19967 17978 20209
4297 19967 18044
4298 19967 18282
4299 19967 18589 20224 19916
4300 19967 19791 19162
4301 19967 19977 19189
4302 19967 19981 19236 19025 18645 19878
4303 19967 20080 19681 18201
4304 19967 20091 17505
4305 19967 20099
4306 19967 20154
4307 19967 20164
4308 19967 20192 20193 18182 17939
4309 19967 20334 20087
4310 19970 19189 19465 19706
4311 19971 17628 19448
4312 19973 18896 19912 19963
4313 19974 17660
4314 19975 18914
4315 19976 18282 18309 17695 20078
4316 19976 19958 19790 17537
4317 19976 20032
4318 19976 20100
4319 19982 19869
4320 19985 19986 19817
4321 19986 17660
4322 19986 18972
4323 19986 20382 20383
4324 19989 18914 19434 19368
4325 19994 19995 19996 19738
4326 19997 19448 18000
4327 19998 17991
4328 20003 19189
4329 20003 19448 19188 19188
4330 20003 20066 18589
4331 20003 20358
4332 20007 19689 19817
4333 20008 20009
4334 20010 19762 17526
4335 20012 17978
4336 20017 18503
4337 20018 19021 17606 17505 18022
4338 20019 19663 19466
4339 20020 17978
4340 20022 17978
4341 20023 17995 20024
4342 20025 18111
4343 20026 17543 19663
4344 20026 17636
4345 20026 18137
4346 20026 18282 20068
4347 20028 18062 19438 18911 19906 20029 17526
4348 20030 19967 20032 18928 19338
4349 20030 20031
4350 20031 17606
4351 20031 18044 18589
4352 20031 18972
4353 20031 19188 19472 20385 20386
4354 20031 19885
4355 20031 20032
4356 20031 20164 20230 17698 17945
4357 20032 17505
4358 20032 17526 20101
4359 20032 18524
4360 20032 19967 20130
4361 20032 20154 19537 19791 18870 18886
4362 20034 19717
4363 20036 17526 20034 17537
4364 20037 17637
4365 20038 20037 19045 19790 20039
4366 20040 17586
4367 20040 18992 20292
4368 20040 19241
4369 20040 20066
4370 20040 20082
4371 20040 20376
4372 20040 20403
4373 20041 20042
4374 20043 19460 17860 19220
4375 20044 19882
4376 20046 17606 19393
4377 20047 19941
4378 20050 18346
4379 20051 17526 19738
4380 20051 19281 17529
4381 20054 19460
4382 20056 19822 20057 20058 19911
4383 20059 19188
4384 20060 20061
4385 20062 20032
4386 20062 20063
4387 20064 19448 20005
4388 20066 17505
4389 20066 18503 19103
4390 20066 18668 20229 19820
4391 20066 18848
4392 20066 19967
4393 20066 20067 20068 19193
4394 20066 20095
4395 20066 20107
4396 20068 19247
4397 20069 17606 19189
4398 20069 17607
4399 20069 17960
4400 20069 17967
4401 20069 18146 19916
4402 20069 18848
4403 20069 18972
4404 20069 19163
4405 20069 19188
4406 20069 19448
4407 20069 19631
4408 20069 19733 20016
4409 20069 19967 19466 19189
4410 20069 20031 20365
4411 20069 20100
4412 20069 20115 18282
4413 20069 20115 20127
4414 20069 20164 17777
4415 20069 20203 20288 19008
4416 20069 20273 17606 19189 20368 19916 20369
4417 20069 20359
4418 20069 20384 19448
4419 20069 20392 20130
4420 20070 17607
4421 20070 17978
4422 20070 20188
4423 20070 20349 18022
4424 20071 20072
4425 20075 17978 17526 18907
4426 20076 20077 19107 20046
4427 20078 19885
4428 20078 20246 20247 20164 20248
4429 20081 19504 19983
4430 20081 19572 19733
4431 20081 20115
4432 20083 17637
4433 20084 20085 20086
4434 20089 17637
4435 20093 19188 20094 17509 18495
4436 20093 19723 19586
4437 20099 19448
4438 20100 17978
4439 20100 17995 19888
4440 20100 18685 19569
4441 20100 19930
4442 20100 20254 20069 20255 20256 20257 19765
4443 20100 20318
4444 20100 20331 20332 20333
4445 20100 20367
4446 20101 17526
4447 20103 19967 20104
4448 20105 17698
4449 20110 17637 20111 20112
4450 20113 18870
4451 20115 17960
4452 20115 18870
4453 20115 20116 17526
4454 20115 20168
4455 20115 20168 19967 18042
4456 20115 20335
4457 20117 17628 20118 20119
4458 20120 20068 20032
4459 20121 19763
4460 20121 20122 20123
4461 20122 19448 20115 20124 20125 18282 20126
4462 20128 17637
4463 20128 17960 20115
4464 20128 19946
4465 20128 20007 17586
4466 20129 18094
4467 20131 19188 20132
4468 20133 19472 18589 18099
4469 20134 19849 20135 19524 17817 20136
4470 20135 19448
4471 20137 20138
4472 20140 18282
4473 20141 17600
4474 20145 17907
4475 20147 17505
4476 20148 20069 20149 20150
4477 20155 20069
4478 20160 18383 20207 20208
4479 20163 20164 18949
4480 20164 17783
4481 20164 18589
4482 20164 19370
4483 20164 20070 19716
4484 20164 20222 19763
4485 20165 19967
4486 20166 20167 19377
4487 20168 17526
4488 20168 17600
4489 20168 17606
4490 20168 17628
4491 20168 18124
4492 20168 18309
4493 20168 18383
4494 20168 18582 20078
4495 20168 18589 18348
4496 20168 19370
4497 20168 19448
4498 20168 19504 19220
4499 20168 19572 20394 20255
4500 20168 19733 20225 20226 19103 20227 18907 19797
4501 20168 19890
4502 20168 20031 19817 20315
4503 20168 20100
4504 20168 20115 19885
4505 20168 20187
4506 20168 20296 18671 18395 18146 20297
4507 20168 20326 19189 20078 18009
4508 20168 20330 20005 20408
4509 20168 20341 20164
4510 20168 20345 18731
4511 20168 20376 20378
4512 20170 20154
4513 20171 20172 20173 19460 20174 19107
4514 20175 19010 17978 20068
4515 20175 20032 20176
4516 20177 20154
4517 20178 20179 20014 20180
4518 20181 20100
4519 20182 19295 20058
4520 20183 20184 20185 20130 19472
4521 20188 19188 20032
4522 20196 19946 20197 20198 20199 20200 20201 20202
4523 20203 17586
4524 20203 17967 20068
4525 20203 18198
4526 20203 20214
4527 20203 20328
4528 20204 20205 20203
4529 20212 20213
4530 20214 19967
4531 20214 20215
4532 20216 18282
4533 20221 17535
4534 20221 18524 20115 17606 20164
4535 20221 20066 19541
4536 20221 20203
4537 20228 20068
4538 20233 19723 19448
4539 20234 17606
4540 20237 19967 20238 18913 20239 18993 18309
4541 20238 17586
4542 20238 18348
4543 20238 19723
4544 20238 20070 18990
4545 20238 20279 19188 20280 19663
4546 20238 20319
4547 20238 20344 17637
4548 20244 20245 17817
4549 20247 17637
4550 20248 18524 19438
4551 20253 19196
4552 20259 17978 20203
4553 20259 18012
4554 20260 19763
4555 20262 20040
4556 20263 19448
4557 20264 19295
4558 20265 20069 20203
4559 20266 18972 18859
4560 20268 17695 17637
4561 20269 19569
4562 20274 18691 18124
4563 20274 20007
4564 20275 20276
4565 20281 18870
4566 20281 20068
4567 20282 20283
4568 20284 18348 19247
4569 20285 20286 20287
4570 20293 19393 20294
4571 20295 18282
4572 20302 20303
4573 20313 19448
4574 20317 17637
4575 20323 17662 20068
4576 20324 19723 19909 18972 20325
4577 20327 18753
4578 20329 18282
4579 20329 20330 18589
4580 20334 20335 17637 20125 20336 20337
4581 20335 19189 19541 20383
4582 20335 20317 20350
4583 20339 20100
4584 20340 17606
4585 20342 20343
4586 20346 20308
4587 20347 18022
4588 20351 20100
4589 20351 20352 19448 20353
4590 20354 20355 20356 18911
4591 20360 20056
4592 20362 17978 20363
4593 20364 20100
4594 20366 20069
4595 20370 19763
4596 20371 19986 19448
4597 20373 20374 20375 20376 18589
4598 20373 20387 17504
4599 20376 17491 20379 20380
4600 20376 17907
4601 20376 18705
4602 20376 19852 20273 17526 20377
4603 20376 20078 20388 17606
4604 20390 19878 17539 20130
4605 20391 19556
4606 20392 17840
4607 20392 19885
4608 20399 20323
4609 20400 20069
4610 20401 17907 20376
4611 20402 20357 17840
4612 20407 20376 19448
