AnswererNewID OriginalID
0 1
1 42
2 65
3 66
4 1826
5 3927
6 3
7 83
8 394
9 927
10 412
11 307
12 1220
13 1781
14 135
15 2312
16 5740
17 3546
18 4778
19 25
20 3272
21 791
22 961
23 1450
24 8799
25 27
26 32
27 1149
28 1446
29 461
30 14
31 22
32 204
33 577
34 200
35 837
36 2901
37 8094
38 39521
39 84526
40 21
41 37
42 9449
43 85535
44 121
45 367
46 392
47 45
48 143
49 317
50 381
51 4528
52 40
53 27465
54 2926
55 70
56 4
57 605
58 1223
59 828
60 763
61 930
62 2893
63 10696
64 371
65 391
66 4231
67 86
68 732
69 8032
70 450
71 11214
72 1384
73 75
74 49
75 16
76 2623
77 582
78 1306
79 78
80 297
81 94
82 68932
83 2533
84 1698
85 3696
86 88
87 1222
88 36108
89 1465
90 259
91 4042
92 375
93 424
94 397
95 118706
96 3824
97 184
98 437
99 2
100 41103
101 488
102 1878
103 110
104 2106
105 302
106 327
107 1044
108 1119
109 586
110 343
111 360
112 349
113 100
114 2051
115 451
116 35833
117 1148
118 284
119 910
120 784
121 1459
122 1047
123 8448
124 8212
125 17787
126 613
127 250
128 795
129 1179
130 1177
131 1400
132 30081
133 59142
134 40386
135 290
136 14447
137 447
138 469
139 519
140 2821
141 102
142 733
143 342
144 1681
145 370
146 376
147 2165
148 908
149 402
150 4991
151 7160
152 93
153 2042
154 5034
155 463
156 1198
157 6872
158 10368
159 326
160 799
161 347
162 778
163 425
164 939
165 1345
166 1355
167 1107
168 445
169 986
170 3396
171 405
172 36412
173 1228
174 1655
175 6936
176 126667
177 382
178 2467
179 182
180 321
181 340
182 346
183 239
184 422
185 27829
186 351
187 473
188 113296
189 1028
190 1403
191 10594
192 310
193 71
194 1841
195 20584
196 1326
197 23215
198 430
199 498
200 619
201 2043
202 8838
203 513
204 3304
205 2060
206 14450
207 428
208 431
209 2665
210 3049
211 14809
212 699
213 556
214 158
215 136
216 333
217 61817
218 562
219 441
220 2578
221 262
222 1023
223 3684
224 6666
225 22878
226 1993
227 11926
228 7844
229 702
230 956
231 1618
232 4118
233 4354
234 9694
235 30
236 1672
237 2265
238 296
239 6794
240 6206
241 22277
242 416
243 4040
244 396
245 951
246 5937
247 2906
248 2841
249 1946
250 717
251 2837
252 622
253 580
254 675
255 7311
256 13213
257 15245
258 454
259 6647
260 571
261 683
262 30521
263 781
264 749
265 439
266 916
267 440
268 728
269 38236
270 9025
271 406
272 848
273 2508
274 35357
275 238
276 271
277 810
278 660
279 2089
280 2046
281 3703
282 3708
283 1483
284 3503
285 15630
286 1094
287 359
288 345
289 404
290 5963
291 860
292 1233
293 344
294 888
295 1441
296 861
297 885
298 261
299 318
300 744
301 1013
302 4790
303 62425
304 460
305 5771
306 750
307 6757
308 8494
309 914
310 950
311 892
312 825
313 797
314 1229
315 2510
316 3457
317 1831
318 4265
319 2938
320 987
321 7313
322 4707
323 7031
324 14167
325 5000
326 17845
327 19027
328 25910
329 943
330 6522
331 6545
332 423
333 324
334 446
335 1249
336 1175
337 1098
338 1182
339 984
340 2348
341 492
342 4542
343 10547
344 5627
345 51
346 12664
347 947
348 493
349 14094
350 118688
351 11682
352 468
353 788
354 802
355 919
356 5010
357 1587
358 1708
359 1532
360 4961
361 6552
362 2698
363 322
364 2349
365 484
366 955
367 4013
368 598
369 303
370 913
371 32366
372 27968
373 11500
374 1021
375 35416
376 379
377 2294
378 8050
379 23571
380 32431
381 39212
382 3197
383 2362
384 11640
385 1116
386 1018
387 3485
388 2874
389 288
390 429
391 812
392 806
393 1347
394 1168
395 10503
396 1017
397 572
398 1056
399 462
400 1042
401 1075
402 1536
403 1172
404 3818
405 4180
406 2290
407 358
408 3029
409 35575
410 4910
411 3901
412 2123
413 12481
414 19307
415 3332
416 22714
417 30860
418 30684
419 5712
420 1060
421 658
422 2618
423 7437
424 14830
425 1162
426 1109
427 1463
428 1131
429 1191
430 880
431 316
432 34655
433 12617
434 15833
435 915
436 373
437 3634
438 35428
439 766
440 27564
441 1143
442 434
443 2565
444 1528
445 3738
446 1073
447 709
448 9317
449 36539
450 1404
451 377
452 1227
453 1004
454 34170
455 1048
456 4194
457 1409
458 1040
459 1649
460 838
461 813
462 362
463 1000
464 1547
465 1805
466 1821
467 1636
468 1840
469 2402
470 1037
471 3161
472 2000
473 2480
474 3324
475 5917
476 4361
477 4782
478 7386
479 2807
480 3193
481 8684
482 7161
483 3709
484 6856
485 1851
486 800
487 3902
488 31163
489 21815
490 896
491 54609
492 31627
493 1245
494 1313
495 2264
496 3557
497 5387
498 7739
499 5175
500 33872
501 3593
502 1106
503 765
504 1301
505 703
506 1234
507 2757
508 56721
509 2083
510 1035
511 3011
512 2039
513 1296
514 5477
515 1123
516 1171
517 137259
518 13566
519 14497
520 7234
521 1322
522 18283
523 1061
524 2383
525 348
526 3996
527 19949
528 4008
529 874
530 2096
531 2112
532 3842
533 3154
534 8676
535 5708
536 1049
537 23079
538 1253
539 1335
540 1309
541 1121
542 2196
543 39082
544 8345
545 1429
546 8112
547 1374
548 1437
549 1321
550 1811
551 26801
552 3623
553 1847
554 532
555 785
556 1443
557 107
558 3124
559 3308
560 38869
561 60435
562 4953
563 10446
564 1476
565 1266
566 1623
567 2514
568 2620
569 7257
570 21529
571 1524
572 935
573 855
574 1467
575 1583
576 3975
577 6129
578 10059
579 7710
580 10629
581 42297
582 80366
583 3106
584 13475
585 2047
586 9672
587 1963
588 881
589 5301
590 9300
591 1610
592 1224
593 3168
594 1671
595 1702
596 2648
597 4960
598 1982
599 38075
600 1059
601 1657
602 1281
603 1716
604 1193
605 1392
606 1674
607 2033
608 1924
609 1593
610 2954
611 3721
612 5339
613 5706
614 4400
615 11973
616 12995
617 13009
618 13825
619 1568
620 7521
621 15934
622 15334
623 7392
624 4177
625 4760
626 34671
627 8639
628 12518
629 108556
630 1713
631 1734
632 6521
633 1966
634 1557
635 3931
636 1573
637 949
638 10076
639 380
640 1762
641 1765
642 1784
643 25510
644 1566
645 932
646 19
647 1353
648 16409
649 2554
650 5403
651 4842
652 11142
653 2968
654 1855
655 15506
656 2562
657 960
658 1302
659 21907
660 7410
661 1703
662 3240
663 840
664 332
665 7113
666 6316
667 5751
668 15765
669 7193
670 15629
671 20302
672 33842
673 13268
674 4832
675 1797
676 2029
677 5405
678 5753
679 3214
680 515
681 16527
682 6030
683 1939
684 8761
685 4644
686 1938
687 4625
688 109
689 1958
690 1096
691 12310
692 1972
693 3454
694 2436
695 14915
696 2149
697 3983
698 8208
699 5550
700 66832
701 1737
702 1358
703 19475
704 2579
705 2275
706 3401
707 2711
708 2035
709 2396
710 1985
711 26935
712 64141
713 12218
714 2055
715 31923
716 2024
717 3969
718 39117
719 2095
720 33792
721 2260
722 1407
723 4213
724 8925
725 6646
726 1464
727 18060
728 8883
729 2238
730 2132
731 2121
732 12230
733 16858
734 5906
735 26013
736 2233
737 11220
738 2181
739 2273
740 3077
741 3521
742 1709
743 1114
744 273
745 1525
746 8165
747 22873
748 16046
749 1626
750 66983
751 2229
752 2653
753 4046
754 7732
755 3659
756 49936
757 3357
758 4367
759 7314
760 865
761 8096
762 2191
763 3040
764 6094
765 1186
766 8051
767 2326
768 21108
769 2330
770 5688
771 2356
772 1650
773 67011
774 2363
775 2689
776 2282
777 970
778 2616
779 4580
780 20595
781 2733
782 2384
783 2823
784 4312
785 400
786 2596
787 3032
788 4233
789 3449
790 2451
791 1886
792 2368
793 2490
794 2224
795 33912
796 113851
797 1176
798 2513
799 1184
800 361
801 3502
802 16627
803 1631
804 215
805 12705
806 42440
807 1231
808 2933
809 12605
810 16123
811 41291
812 8441
813 69371
814 1084
815 3848
816 2589
817 2530
818 2619
819 6085
820 3183
821 20039
822 2311
823 24480
824 2638
825 2883
826 6787
827 1710
828 2627
829 27453
830 1888
831 4023
832 3992
833 12178
834 2683
835 12976
836 9684
837 15247
838 3479
839 6801
840 6563
841 8099
842 80565
843 4558
844 2770
845 17836
846 38203
847 2819
848 2932
849 4073
850 4035
851 31307
852 2804
853 50409
854 2797
855 19729
856 1327
857 2813
858 12987
859 25412
860 386
861 1492
862 2816
863 21684
864 25309
865 2833
866 458
867 34243
868 2856
869 15292
870 4344
871 8726
872 26608
873 8385
874 14154
875 18131
876 33768
877 1104
878 12213
879 11919
880 43899
881 40213
882 2795
883 4145
884 2361
885 385
886 972
887 14564
888 26522
889 2891
890 2907
891 7507
892 2146
893 3905
894 3837
895 6209
896 2935
897 3010
898 2912
899 3132
900 5015
901 2344
902 6506
903 13503
904 1050
905 2868
906 2604
907 6076
908 5903
909 3496
910 3052
911 353
912 1622
913 1835
914 3035
915 2621
916 21339
917 2755
918 2327
919 11540
920 31102
921 1481
922 2720
923 6716
924 1921
925 5210
926 9981
927 13809
928 94631
929 3122
930 4076
931 1310
932 4653
933 3143
934 8264
935 3139
936 4149
937 2284
938 3000
939 31344
940 12547
941 22095
942 11797
943 16474
944 23835
945 3473
946 5267
947 1916
948 3377
949 3206
950 5585
951 9716
952 5371
953 11241
954 31469
955 4130
956 15780
957 14302
958 82588
959 2594
960 4556
961 6609
962 8216
963 7886
964 13220
965 78525
966 3651
967 75106
968 3247
969 28143
970 36090
971 36067
972 12603
973 3366
974 13235
975 7743
976 27206
977 5124
978 3397
979 8239
980 6942
981 4158
982 1496
983 5849
984 3370
985 14514
986 28
987 2693
988 3041
989 3384
990 7443
991 3493
992 1079
993 3648
994 5822
995 2615
996 5288
997 3528
998 3529
999 3509
1000 509
1001 3545
1002 4710
1003 4706
1004 50609
1005 1246
1006 2739
1007 3568
1008 20391
1009 3580
1010 3619
1011 3329
1012 2622
1013 934
1014 3632
1015 9949
1016 3199
1017 4696
1018 16814
1019 3657
1020 89973
1021 3675
1022 26039
1023 12898
1024 3685
1025 11885
1026 3701
1027 28104
1028 3710
1029 4304
1030 2784
1031 4757
1032 7060
1033 11765
1034 30668
1035 30800
1036 1799
1037 44016
1038 1378
1039 4745
1040 10774
1041 43266
1042 3315
1043 9124
1044 6579
1045 83025
1046 2734
1047 3847
1048 2004
1049 3827
1050 3879
1051 3882
1052 56418
1053 3888
1054 16684
1055 3952
1056 4321
1057 4572
1058 16524
1059 1979
1060 10363
1061 15394
1062 8176
1063 13168
1064 4128
1065 4144
1066 3977
1067 3974
1068 2215
1069 767
1070 5743
1071 2081
1072 10591
1073 2552
1074 4015
1075 17218
1076 4069
1077 4620
1078 6133
1079 9161
1080 9248
1081 49750
1082 3948
1083 3096
1084 4061
1085 2097
1086 6503
1087 4100
1088 11394
1089 4183
1090 14157
1091 9924
1092 15056
1093 19012
1094 20803
1095 44797
1096 1643
1097 23455
1098 4064
1099 4067
1100 3993
1101 3874
1102 7397
1103 3380
1104 13925
1105 22840
1106 70618
1107 117551
1108 3532
1109 12104
1110 3639
1111 4188
1112 4173
1113 4186
1114 23807
1115 109085
1116 50846
1117 4232
1118 18939
1119 28128
1120 4277
1121 3909
1122 121592
1123 4649
1124 21230
1125 13972
1126 4205
1127 4262
1128 4280
1129 3065
1130 9928
1131 60465
1132 27783
1133 7868
1134 38434
1135 4756
1136 2641
1137 4357
1138 9546
1139 6827
1140 37515
1141 4153
1142 2678
1143 41232
1144 11211
1145 99154
1146 81883
1147 7936
1148 35336
1149 45255
1150 39146
1151 92
1152 6753
1153 6355
1154 21119
1155 10744
1156 3920
1157 7655
1158 15837
1159 74814
1160 2481
1161 11417
1162 4872
1163 1898
1164 4133
1165 745
1166 6278
1167 8584
1168 8755
1169 4398
1170 83957
1171 70432
1172 4513
1173 21336
1174 5499
1175 1377
1176 40103
1177 37691
1178 22709
1179 18494
1180 2610
1181 4325
1182 19276
1183 16671
1184 25028
1185 10194
1186 5484
1187 12050
1188 20189
1189 31304
1190 39735
1191 54608
1192 8430
1193 131562
1194 61479
1195 1015
1196 5619
1197 3955
1198 4661
1199 8615
1200 7348
1201 9896
1202 43954
1203 6270
1204 20787
1205 3822
1206 2267
1207 4643
1208 3753
1209 4763
1210 4755
1211 4762
1212 3903
1213 70808
1214 4351
1215 4716
1216 19088
1217 17988
1218 5002
1219 8735
1220 4803
1221 1411
1222 9068
1223 10585
1224 2702
1225 4891
1226 3205
1227 4087
1228 6183
1229 17064
1230 5417
1231 4500
1232 4794
1233 6348
1234 2666
1235 5621
1236 36904
1237 7325
1238 2628
1239 5731
1240 15980
1241 4800
1242 1844
1243 4915
1244 20597
1245 104018
1246 7106
1247 1161
1248 2857
1249 942
1250 3394
1251 1743
1252 84753
1253 5090
1254 6060
1255 4291
1256 4925
1257 1785
1258 1158
1259 7294
1260 36814
1261 2701
1262 1256
1263 5153
1264 1539
1265 23827
1266 4692
1267 1478
1268 3811
1269 9310
1270 84311
1271 3635
1272 2164
1273 5174
1274 5869
1275 4890
1276 27735
1277 401
1278 56938
1279 44693
1280 31331
1281 128912
1282 85994
1283 2158
1284 607
1285 3916
1286 23509
1287 5147
1288 4639
1289 2644
1290 33854
1291 13297
1292 13650
1293 6067
1294 6262
1295 34890
1296 4408
1297 4658
1298 5305
1299 50854
1300 25040
1301 6101
1302 12610
1303 5284
1304 7206
1305 5304
1306 2559
1307 4721
1308 29428
1309 6023
1310 5334
1311 5998
1312 5340
1313 3578
1314 10749
1315 12058
1316 126651
1317 5373
1318 4767
1319 3376
1320 3723
1321 5632
1322 6015
1323 3995
1324 5316
1325 2147
1326 4399
1327 2878
1328 6342
1329 16831
1330 14689
1331 6976
1332 9062
1333 5281
1334 3547
1335 2318
1336 4313
1337 30679
1338 5563
1339 5286
1340 68473
1341 1988
1342 4428
1343 4333
1344 5547
1345 4517
1346 5442
1347 9015
1348 7144
1349 10854
1350 98841
1351 3293
1352 10366
1353 5652
1354 5976
1355 16555
1356 1837
1357 8552
1358 3959
1359 3711
1360 5229
1361 2669
1362 18705
1363 1474
1364 1729
1365 84349
1366 2464
1367 5702
1368 4622
1369 5762
1370 11581
1371 5758
1372 5583
1373 5575
1374 1291
1375 12166
1376 6165
1377 12693
1378 22481
1379 7709
1380 4362
1381 5821
1382 5801
1383 5701
1384 6043
1385 5830
1386 56779
1387 18850
1388 5880
1389 5542
1390 3970
1391 5732
1392 965
1393 5914
1394 7247
1395 27613
1396 11115
1397 5944
1398 5094
1399 2109
1400 5659
1401 5714
1402 6574
1403 692
1404 5690
1405 1125
1406 6451
1407 5548
1408 51043
1409 5860
1410 5724
1411 6066
1412 2555
1413 32389
1414 54267
1415 7463
1416 6295
1417 8610
1418 80739
1419 5723
1420 8103
1421 4241
1422 10007
1423 15541
1424 3275
1425 7553
1426 4101
1427 4783
1428 6172
1429 6205
1430 39938
1431 8775
1432 6153
1433 4111
1434 2944
1435 6277
1436 2386
1437 3810
1438 630
1439 3803
1440 6699
1441 5378
1442 1055
1443 5977
1444 5952
1445 3102
1446 7772
1447 6651
1448 6369
1449 61106
1450 8435
1451 13903
1452 36665
1453 21611
1454 22642
1455 6517
1456 10819
1457 5282
1458 70638
1459 8008
1460 644
1461 7157
1462 6180
1463 16294
1464 6502
1465 47274
1466 6214
1467 1612
1468 20659
1469 2631
1470 6401
1471 7076
1472 6572
1473 142
1474 5462
1475 57668
1476 10251
1477 121665
1478 9489
1479 5513
1480 9502
1481 5516
1482 81295
1483 42576
1484 8628
1485 6668
1486 6998
1487 7034
1488 21372
1489 4290
1490 6089
1491 32814
1492 57983
1493 10478
1494 10811
1495 34538
1496 11332
1497 602
1498 7055
1499 2310
1500 7717
1501 6773
1502 6658
1503 673
1504 14628
1505 23743
1506 4170
1507 3849
1508 131140
1509 7300
1510 6871
1511 13369
1512 6700
1513 6876
1514 12170
1515 15155
1516 4281
1517 952
1518 4002
1519 6566
1520 1894
1521 9019
1522 11568
1523 2575
1524 14510
1525 14493
1526 10883
1527 37646
1528 2415
1529 23950
1530 81169
1531 38851
1532 26085
1533 7138
1534 23201
1535 11629
1536 6486
1537 7631
1538 11054
1539 6982
1540 4200
1541 19054
1542 12106
1543 2454
1544 6988
1545 6992
1546 1120
1547 25712
1548 2498
1549 3621
1550 45005
1551 1606
1552 6958
1553 50
1554 3402
1555 8013
1556 8153
1557 8183
1558 11264
1559 1849
1560 7033
1561 11108
1562 5372
1563 16109
1564 2389
1565 4747
1566 7043
1567 63936
1568 24657
1569 4600
1570 73451
1571 7145
1572 6670
1573 12088
1574 9093
1575 7932
1576 8424
1577 4167
1578 10431
1579 69412
1580 5735
1581 4928
1582 3075
1583 6514
1584 19077
1585 7357
1586 31233
1587 4037
1588 10390
1589 65994
1590 7307
1591 7411
1592 82042
1593 23501
1594 14233
1595 4053
1596 4336
1597 6649
1598 111
1599 4553
1600 7399
1601 7422
1602 6818
1603 6950
1604 7673
1605 39495
1606 7721
1607 61996
1608 11052
1609 7502
1610 7460
1611 6415
1612 7575
1613 7691
1614 143090
1615 6751
1616 46735
1617 8125
1618 4085
1619 7666
1620 13870
1621 5506
1622 18889
1623 7644
1624 6339
1625 6766
1626 7671
1627 7222
1628 10909
1629 7079
1630 798
1631 7687
1632 22265
1633 7434
1634 7792
1635 27984
1636 7742
1637 13834
1638 7755
1639 12776
1640 7759
1641 7851
1642 15604
1643 61217
1644 7878
1645 11028
1646 5399
1647 4416
1648 56127
1649 62695
1650 9550
1651 8923
1652 5497
1653 7919
1654 7982
1655 8056
1656 6531
1657 6485
1658 4164
1659 2811
1660 16494
1661 97564
1662 33663
1663 13530
1664 6923
1665 299
1666 122026
1667 10487
1668 37373
1669 7767
1670 15856
1671 4614
1672 13265
1673 29287
1674 5018
1675 10083
1676 7727
1677 17252
1678 5480
1679 7952
1680 16839
1681 7402
1682 8090
1683 16852
1684 21123
1685 10708
1686 7330
1687 8798
1688 33039
1689 29364
1690 9991
1691 8133
1692 31161
1693 11618
1694 15365
1695 8197
1696 8196
1697 19393
1698 1887
1699 7763
1700 5495
1701 1540
1702 2672
1703 17164
1704 8309
1705 9658
1706 5081
1707 30118
1708 14230
1709 83010
1710 24633
1711 34105
1712 42278
1713 8320
1714 1105
1715 5091
1716 3027
1717 2003
1718 8338
1719 15470
1720 4720
1721 7747
1722 3448
1723 64136
1724 3912
1725 8538
1726 92070
1727 26002
1728 5784
1729 6948
1730 38624
1731 10995
1732 56336
1733 8670
1734 8621
1735 8723
1736 12352
1737 4402
1738 3698
1739 730
1740 6768
1741 11145
1742 8075
1743 19823
1744 8905
1745 10400
1746 15242
1747 47710
1748 4678
1749 7641
1750 13923
1751 61536
1752 14566
1753 8888
1754 18814
1755 37919
1756 5419
1757 39582
1758 8945
1759 8952
1760 7001
1761 4466
1762 102519
1763 31328
1764 8588
1765 47322
1766 73967
1767 11025
1768 79998
1769 5101
1770 9076
1771 7333
1772 9069
1773 2468
1774 4345
1775 824
1776 8248
1777 11586
1778 8991
1779 23141
1780 1102
1781 91254
1782 19739
1783 2036
1784 9044
1785 6637
1786 7561
1787 2677
1788 60575
1789 823
1790 14973
1791 6013
1792 10475
1793 10867
1794 7934
1795 7505
1796 9316
1797 5734
1798 11716
1799 9354
1800 11033
1801 45923
1802 9372
1803 3655
1804 1715
1805 9390
1806 6986
1807 9411
1808 22414
1809 8272
1810 3005
1811 8134
1812 23408
1813 801
1814 29555
1815 15175
1816 48532
1817 105615
1818 44739
1819 9542
1820 9057
1821 10204
1822 7263
1823 33664
1824 9617
1825 9625
1826 96931
1827 14913
1828 9671
1829 8824
1830 1822
1831 9355
1832 67193
1833 9710
1834 13618
1835 9736
1836 9717
1837 9417
1838 2602
1839 9853
1840 12712
1841 17529
1842 20158
1843 20160
1844 7021
1845 9777
1846 3579
1847 15304
1848 22447
1849 17945
1850 9471
1851 9831
1852 6904
1853 16286
1854 9825
1855 9848
1856 9857
1857 10862
1858 12047
1859 9342
1860 9951
1861 9927
1862 10086
1863 10109
1864 10004
1865 57973
1866 35840
1867 36466
1868 7591
1869 4507
1870 10075
1871 9501
1872 30691
1873 25556
1874 34304
1875 19471
1876 7408
1877 10097
1878 7108
1879 8756
1880 10124
1881 3556
1882 43682
1883 8027
1884 19965
1885 26080
1886 41862
1887 52890
1888 10186
1889 6460
1890 8157
1891 10255
1892 10253
1893 10106
1894 7538
1895 10773
1896 10220
1897 9024
1898 1202
1899 19444
1900 10265
1901 10454
1902 10718
1903 50212
1904 22112
1905 36950
1906 19191
1907 9652
1908 46900
1909 13417
1910 4248
1911 9313
1912 8870
1913 2741
1914 42933
1915 113213
1916 44143
1917 10500
1918 9944
1919 15293
1920 2031
1921 4054
1922 9498
1923 10650
1924 10944
1925 23654
1926 20186
1927 48263
1928 22971
1929 8927
1930 68871
1931 118731
1932 6481
1933 14006
1934 9564
1935 3859
1936 5337
1937 10675
1938 15743
1939 8146
1940 20783
1941 9942
1942 10327
1943 10671
1944 89797
1945 16943
1946 14340
1947 6107
1948 11009
1949 12563
1950 8733
1951 21380
1952 27870
1953 8721
1954 7281
1955 11191
1956 58976
1957 4137
1958 10881
1959 10769
1960 10868
1961 10227
1962 6430
1963 10610
1964 44557
1965 7762
1966 9871
1967 14321
1968 10775
1969 10941
1970 11322
1971 6771
1972 11413
1973 19836
1974 11015
1975 11318
1976 30186
1977 57583
1978 69862
1979 115087
1980 8394
1981 31807
1982 10111
1983 20033
1984 38435
1985 24386
1986 2056
1987 17029
1988 41953
1989 11244
1990 41263
1991 8794
1992 10147
1993 34670
1994 13694
1995 11081
1996 8131
1997 5110
1998 11675
1999 30889
2000 25980
2001 18739
2002 50426
2003 37099
2004 8604
2005 22131
2006 9470
2007 31036
2008 11483
2009 11482
2010 64184
2011 110305
2012 9163
2013 13035
2014 31991
2015 135253
2016 10201
2017 5750
2018 11670
2019 5001
2020 11344
2021 13119
2022 11738
2023 12014
2024 22608
2025 9422
2026 11771
2027 21528
2028 13292
2029 10602
2030 22029
2031 68958
2032 12296
2033 2381
2034 14777
2035 20038
2036 11853
2037 11018
2038 19885
2039 10458
2040 11176
2041 8203
2042 62091
2043 9269
2044 11608
2045 68969
2046 12156
2047 12036
2048 6269
2049 8843
2050 31446
2051 48792
2052 82880
2053 37021
2054 16185
2055 12365
2056 24221
2057 12292
2058 40297
2059 7690
2060 12376
2061 19145
2062 35482
2063 10605
2064 38805
2065 12858
2066 27876
2067 26380
2068 10497
2069 4140
2070 23758
2071 11786
2072 12336
2073 12578
2074 175
2075 12897
2076 10266
2077 82702
2078 12531
2079 89948
2080 1090
2081 12466
2082 11552
2083 15516
2084 12650
2085 66688
2086 36721
2087 12252
2088 9666
2089 6921
2090 12699
2091 12362
2092 12482
2093 5831
2094 12487
2095 12703
2096 10095
2097 5177
2098 21605
2099 19873
2100 12735
2101 33141
2102 14245
2103 54702
2104 70498
2105 12767
2106 12804
2107 12643
2108 12337
2109 11059
2110 3400
2111 7967
2112 43683
2113 12107
2114 12082
2115 9534
2116 12841
2117 12669
2118 29972
2119 62003
2120 12877
2121 4003
2122 5744
2123 12906
2124 12301
2125 10541
2126 10673
2127 7456
2128 9386
2129 8201
2130 6756
2131 9890
2132 12138
2133 6151
2134 4234
2135 12978
2136 13061
2137 9022
2138 10849
2139 13160
2140 3757
2141 12282
2142 3897
2143 12952
2144 13223
2145 13206
2146 4494
2147 8707
2148 14740
2149 16939
2150 127957
2151 13311
2152 13270
2153 13151
2154 11928
2155 8250
2156 49924
2157 90610
2158 12205
2159 3676
2160 6307
2161 8680
2162 10946
2163 12629
2164 4753
2165 9347
2166 8699
2167 13381
2168 12176
2169 13402
2170 36952
2171 36148
2172 21051
2173 13480
2174 12595
2175 13486
2176 7011
2177 4298
2178 13552
2179 8857
2180 11016
2181 59312
2182 12722
2183 6121
2184 64420
2185 131647
2186 22019
2187 34127
2188 5587
2189 12120
2190 34478
2191 13730
2192 66205
2193 14653
2194 13750
2195 8252
2196 37855
2197 15673
2198 16620
2199 13816
2200 11751
2201 13824
2202 13840
2203 8714
2204 12386
2205 22989
2206 7448
2207 13733
2208 9202
2209 11300
2210 13863
2211 6701
2212 10898
2213 36103
2214 3759
2215 13915
2216 13331
2217 3642
2218 13951
2219 13785
2220 13218
2221 13625
2222 13858
2223 26144
2224 6360
2225 13878
2226 13776
2227 87815
2228 16008
2229 24027
2230 27529
2231 83518
2232 91414
2233 27004
2234 39775
2235 106467
2236 36697
2237 41337
2238 23288
2239 4115
2240 45611
2241 9915
2242 14588
2243 15819
2244 5152
2245 13753
2246 9547
2247 10901
2248 14102
2249 12879
2250 14039
2251 14733
2252 8891
2253 50524
2254 13139
2255 15358
2256 13774
2257 13024
2258 4401
2259 67031
2260 12806
2261 1516
2262 14124
2263 9481
2264 4701
2265 9545
2266 5031
2267 14401
2268 7352
2269 12660
2270 14515
2271 10273
2272 39280
2273 14175
2274 6518
2275 19157
2276 14673
2277 5537
2278 10482
2279 14417
2280 4246
2281 14757
2282 15238
2283 23388
2284 8003
2285 41947
2286 1778
2287 12914
2288 14639
2289 39115
2290 1304
2291 14694
2292 2218
2293 75954
2294 3891
2295 3544
2296 85578
2297 14901
2298 46290
2299 6032
2300 12678
2301 43309
2302 5263
2303 15044
2304 15073
2305 15137
2306 8818
2307 26650
2308 15200
2309 10839
2310 13215
2311 14517
2312 988
2313 85932
2314 54458
2315 15423
2316 6074
2317 94923
2318 15697
2319 15441
2320 12878
2321 2663
2322 4659
2323 35353
2324 17212
2325 15331
2326 15438
2327 16622
2328 15454
2329 4315
2330 11266
2331 15808
2332 14681
2333 15650
2334 15655
2335 17926
2336 15388
2337 10758
2338 1556
2339 95545
2340 30364
2341 25326
2342 17477
2343 9497
2344 6243
2345 10330
2346 15933
2347 17085
2348 2063
2349 13506
2350 17721
2351 30380
2352 8482
2353 20281
2354 88818
2355 8590
2356 4235
2357 14551
2358 23297
2359 22247
2360 16143
2361 91360
2362 12412
2363 50128
2364 7361
2365 7845
2366 50886
2367 16526
2368 16645
2369 27559
2370 16477
2371 8955
2372 24703
2373 16510
2374 13022
2375 90095
2376 13059
2377 48438
2378 8381
2379 21694
2380 16698
2381 24195
2382 11647
2383 32147
2384 21979
2385 62201
2386 14794
2387 16826
2388 14304
2389 8914
2390 17053
2391 16906
2392 5584
2393 2308
2394 661
2395 16751
2396 20562
2397 13842
2398 127891
2399 16702
2400 16995
2401 16988
2402 5323
2403 12751
2404 18756
2405 18238
2406 17228
2407 17298
2408 17277
2409 5709
2410 17308
2411 2305
2412 11260
2413 8769
2414 17422
2415 13027
2416 17036
2417 17113
2418 66593
2419 60476
2420 17353
2421 16678
2422 75735
2423 11143
2424 22377
2425 17607
2426 18593
2427 13302
2428 17763
2429 18505
2430 17687
2431 17770
2432 17696
2433 19759
2434 13441
2435 14282
2436 17725
2437 40120
2438 16193
2439 13377
2440 17263
2441 17887
2442 13693
2443 17761
2444 17993
2445 18171
2446 1508
2447 4923
2448 38566
2449 7302
2450 17907
2451 15505
2452 42343
2453 17969
2454 14969
2455 11035
2456 141767
2457 17901
2458 18030
2459 20640
2460 32229
2461 15517
2462 18072
2463 21171
2464 15032
2465 9101
2466 18142
2467 17118
2468 17114
2469 18128
2470 114509
2471 17980
2472 18263
2473 9563
2474 16518
2475 18050
2476 18483
2477 18440
2478 15887
2479 18191
2480 12357
2481 18635
2482 17657
2483 18645
2484 25485
2485 18602
2486 34591
2487 18256
2488 128027
2489 18662
2490 85804
2491 11504
2492 11043
2493 22001
2494 47330
2495 3680
2496 16546
2497 10217
2498 19068
2499 19004
2500 19007
2501 19022
2502 1682
2503 3928
2504 17764
2505 19034
2506 19206
2507 4048
2508 19044
2509 19334
2510 19505
2511 19534
2512 18245
2513 5841
2514 8887
2515 82276
2516 19184
2517 7519
2518 14067
2519 20598
2520 12498
2521 7867
2522 58944
2523 19463
2524 17875
2525 19516
2526 56624
2527 19029
2528 34258
2529 7530
2530 18119
2531 19702
2532 8382
2533 26735
2534 17498
2535 19864
2536 9430
2537 18435
2538 19943
2539 19952
2540 13992
2541 21095
2542 1590
2543 20114
2544 19731
2545 20233
2546 12400
2547 11661
2548 26899
2549 16380
2550 20403
2551 20416
2552 19368
2553 7442
2554 19520
2555 8542
2556 20791
2557 20799
2558 23572
2559 19075
2560 20542
2561 5496
2562 8508
2563 20674
2564 20215
2565 21100
2566 21688
2567 8871
2568 21743
2569 5965
2570 29247
2571 25256
2572 32777
2573 1756
2574 20833
2575 102390
2576 21082
2577 5413
2578 22631
2579 21061
2580 20995
2581 17176
2582 3462
2583 38250
2584 21179
2585 21246
2586 12750
2587 8719
2588 104937
2589 21146
2590 21327
2591 81311
2592 21403
2593 57323
2594 21428
2595 18086
2596 21452
2597 24403
2598 44642
2599 21564
2600 18938
2601 20497
2602 6040
2603 21638
2604 23148
2605 95328
2606 123435
2607 21724
2608 16882
2609 22210
2610 103578
2611 117532
2612 22479
2613 21163
2614 14848
2615 19964
2616 27656
2617 21999
2618 20729
2619 20557
2620 7150
2621 15054
2622 22199
2623 22202
2624 15503
2625 53091
2626 24139
2627 5519
2628 33757
2629 17846
2630 22294
2631 4690
2632 32010
2633 101745
2634 22721
2635 14869
2636 22607
2637 13961
2638 3536
2639 32636
2640 80326
2641 2353
2642 20940
2643 11100
2644 10779
2645 6698
2646 22368
2647 24165
2648 26360
2649 22052
2650 6468
2651 12261
2652 23338
2653 20307
2654 26509
2655 22948
2656 22885
2657 4221
2658 22916
2659 22260
2660 23310
2661 22606
2662 8410
2663 23086
2664 23085
2665 23184
2666 6575
2667 3935
2668 92032
2669 23550
2670 18744
2671 3669
2672 23457
2673 6728
2674 19355
2675 22973
2676 2586
2677 23678
2678 25184
2679 21090
2680 23796
2681 40549
2682 23868
2683 26649
2684 23998
2685 20804
2686 73454
2687 39602
2688 16537
2689 23993
2690 21864
2691 47778
2692 77936
2693 13360
2694 8899
2695 7156
2696 10365
2697 24433
2698 2985
2699 18512
2700 13132
2701 29938
2702 9156
2703 20026
2704 16002
2705 24478
2706 20754
2707 274
2708 24614
2709 24616
2710 16054
2711 23373
2712 3121
2713 37211
2714 45640
2715 38267
2716 49009
2717 24587
2718 24563
2719 22345
2720 24442
2721 7653
2722 83267
2723 4433
2724 23935
2725 95148
2726 2138
2727 24646
2728 25017
2729 42751
2730 19045
2731 408
2732 88133
2733 24953
2734 25322
2735 22460
2736 37353
2737 56920
2738 10427
2739 9970
2740 24891
2741 25355
2742 38085
2743 8737
2744 24792
2745 25544
2746 39623
2747 25356
2748 22302
2749 12824
2750 25631
2751 11841
2752 8106
2753 81573
2754 22758
2755 25619
2756 24848
2757 13762
2758 18516
2759 9479
2760 25232
2761 21005
2762 1100
2763 24008
2764 11638
2765 26145
2766 26200
2767 42046
2768 26218
2769 30304
2770 22051
2771 29724
2772 477
2773 16877
2774 21349
2775 26052
2776 26486
2777 13653
2778 13995
2779 25051
2780 25494
2781 27704
2782 84494
2783 23911
2784 26600
2785 17847
2786 21075
2787 26945
2788 26845
2789 26886
2790 9833
2791 17503
2792 26921
2793 26929
2794 19373
2795 14171
2796 22250
2797 16762
2798 26737
2799 10146
2800 50509
2801 2900
2802 37436
2803 21940
2804 20052
2805 36862
2806 23291
2807 27056
2808 27491
2809 27518
2810 3603
2811 27111
2812 9332
2813 27552
2814 8358
2815 13960
2816 33064
2817 70019
2818 27816
2819 27824
2820 141932
2821 27020
2822 27969
2823 20763
2824 8426
2825 13410
2826 26576
2827 59204
2828 827
2829 28172
2830 28195
2831 32454
2832 17581
2833 2503
2834 4096
2835 5598
2836 27933
2837 22975
2838 17261
2839 80744
2840 22295
2841 25145
2842 24494
2843 35520
2844 29283
2845 32605
2846 34951
2847 28090
2848 99221
2849 9793
2850 24309
2851 29720
2852 31010
2853 22846
2854 24201
2855 11233
2856 13832
2857 9849
2858 30161
2859 21375
2860 16134
2861 30650
2862 26069
2863 30269
2864 90258
2865 38783
2866 33295
2867 29992
2868 48094
2869 45413
2870 20716
2871 44555
2872 6999
2873 15129
2874 27140
2875 81225
2876 47412
2877 25997
2878 30602
2879 28011
2880 30363
2881 30062
2882 30180
2883 26674
2884 24152
2885 30379
2886 27013
2887 6084
2888 21779
2889 26459
2890 31537
2891 31020
2892 16659
2893 20997
2894 32186
2895 31154
2896 31391
2897 31415
2898 22781
2899 30827
2900 31324
2901 30035
2902 7
2903 25442
2904 31511
2905 33623
2906 31530
2907 31583
2908 31963
2909 30412
2910 17630
2911 45681
2912 70252
2913 15704
2914 31951
2915 13243
2916 21620
2917 68935
2918 32551
2919 32916
2920 32051
2921 13647
2922 25792
2923 32641
2924 32436
2925 32210
2926 48767
2927 120914
2928 29980
2929 37371
2930 32985
2931 68799
2932 24076
2933 21800
2934 33127
2935 25577
2936 33497
2937 3923
2938 12248
2939 33269
2940 33283
2941 36071
2942 40682
2943 19642
2944 30790
2945 6779
2946 33443
2947 41577
2948 33546
2949 24859
2950 37644
2951 24727
2952 74494
2953 21704
2954 33709
2955 43871
2956 44331
2957 21850
2958 3460
2959 32332
2960 27729
2961 47682
2962 19796
2963 34259
2964 32962
2965 33985
2966 22119
2967 29697
2968 27767
2969 49628
2970 35007
2971 33829
2972 22882
2973 26352
2974 38319
2975 34690
2976 11445
2977 29316
2978 34544
2979 34576
2980 32882
2981 21059
2982 37191
2983 65919
2984 20349
2985 32938
2986 34755
2987 33128
2988 35986
2989 34866
2990 27637
2991 30516
2992 14024
2993 25122
2994 9253
2995 36212
2996 34050
2997 5556
2998 36177
2999 36079
3000 17047
3001 4672
3002 36302
3003 36752
3004 35673
3005 36469
3006 29341
3007 29873
3008 51557
3009 5993
3010 40899
3011 37104
3012 37214
3013 85349
3014 26809
3015 9485
3016 2011
3017 16326
3018 35324
3019 26342
3020 37818
3021 38623
3022 37808
3023 36883
3024 82816
3025 38316
3026 38337
3027 37394
3028 68564
3029 13326
3030 69037
3031 38631
3032 38979
3033 38798
3034 38724
3035 15891
3036 38893
3037 38468
3038 34063
3039 25905
3040 18117
3041 12905
3042 142423
3043 39284
3044 41613
3045 32972
3046 13251
3047 43172
3048 39425
3049 17968
3050 27909
3051 31026
3052 45976
3053 39331
3054 39552
3055 80985
3056 5498
3057 39487
3058 39744
3059 27034
3060 40174
3061 40198
3062 35733
3063 30641
3064 43406
3065 37555
3066 21402
3067 8751
3068 10850
3069 19051
3070 29887
3071 40744
3072 30158
3073 80483
3074 9091
3075 1058
3076 40352
3077 36145
3078 22157
3079 75288
3080 41274
3081 25358
3082 40821
3083 38104
3084 38052
3085 42658
3086 41870
3087 18943
3088 24119
3089 101029
3090 42210
3091 3461
3092 42307
3093 33828
3094 9840
3095 7482
3096 41219
3097 42087
3098 48831
3099 21124
3100 33199
3101 68822
3102 43014
3103 43383
3104 29491
3105 36707
3106 43192
3107 21193
3108 5678
3109 39086
3110 43919
3111 29783
3112 34490
3113 39754
3114 10035
3115 43643
3116 43107
3117 20516
3118 8084
3119 25642
3120 44293
3121 17506
3122 11236
3123 36672
3124 42059
3125 39747
3126 1944
3127 32723
3128 48356
3129 36688
3130 43681
3131 44817
3132 35626
3133 41654
3134 44821
3135 16785
3136 45125
3137 51479
3138 23829
3139 44953
3140 89334
3141 48029
3142 45704
3143 45669
3144 42369
3145 6781
3146 46184
3147 23193
3148 3118
3149 8193
3150 46519
3151 92120
3152 41305
3153 43326
3154 46744
3155 11051
3156 5984
3157 31339
3158 18810
3159 72328
3160 47279
3161 35648
3162 47312
3163 58051
3164 54403
3165 74539
3166 44949
3167 88173
3168 4181
3169 39004
3170 10518
3171 50157
3172 49491
3173 48142
3174 48296
3175 57297
3176 19603
3177 38407
3178 82179
3179 42207
3180 48880
3181 398
3182 46855
3183 25104
3184 36799
3185 43054
3186 438
3187 14527
3188 47462
3189 24916
3190 22880
3191 49268
3192 49370
3193 49409
3194 49208
3195 49438
3196 44191
3197 16981
3198 43559
3199 118083
3200 5100
3201 48144
3202 31883
3203 46690
3204 49915
3205 51492
3206 48111
3207 7458
3208 88739
3209 14972
3210 50307
3211 5107
3212 26319
3213 125703
3214 23444
3215 8846
3216 97692
3217 38966
3218 34435
3219 82006
3220 35593
3221 39421
3222 51164
3223 23008
3224 51244
3225 46214
3226 51424
3227 36441
3228 103200
3229 52796
3230 7092
3231 23907
3232 34640
3233 48839
3234 53170
3235 54454
3236 56179
3237 55893
3238 52824
3239 54455
3240 6005
3241 58996
3242 56050
3243 56670
3244 81224
3245 2502
3246 102323
3247 10707
3248 38523
3249 56563
3250 24483
3251 57010
3252 34180
3253 21369
3254 97836
3255 113174
3256 57286
3257 49983
3258 64594
3259 91764
3260 16183
3261 56594
3262 58171
3263 16371
3264 37998
3265 57926
3266 57842
3267 49003
3268 38889
3269 78061
3270 14385
3271 58057
3272 51484
3273 58328
3274 10846
3275 26349
3276 58235
3277 4613
3278 56727
3279 25511
3280 30375
3281 47973
3282 100497
3283 63926
3284 58777
3285 58835
3286 64175
3287 59010
3288 59107
3289 60991
3290 48866
3291 14143
3292 113506
3293 35529
3294 48503
3295 50901
3296 50551
3297 60548
3298 25311
3299 31952
3300 26538
3301 40323
3302 46104
3303 46464
3304 46903
3305 6634
3306 57398
3307 58618
3308 61355
3309 40950
3310 61910
3311 60708
3312 61520
3313 61857
3314 31194
3315 43737
3316 58888
3317 61852
3318 83700
3319 38477
3320 135269
3321 58718
3322 62130
3323 62113
3324 61939
3325 24768
3326 57405
3327 46975
3328 62367
3329 104817
3330 62405
3331 24993
3332 6797
3333 13093
3334 59303
3335 140072
3336 140613
3337 78112
3338 48859
3339 23007
3340 64226
3341 64224
3342 64231
3343 62709
3344 64354
3345 21278
3346 69387
3347 12674
3348 66404
3349 37822
3350 22389
3351 889
3352 31371
3353 109573
3354 65801
3355 65915
3356 66597
3357 13556
3358 65864
3359 36502
3360 62471
3361 43108
3362 66847
3363 40835
3364 59248
3365 97849
3366 55866
3367 67115
3368 66536
3369 68204
3370 52936
3371 21917
3372 68382
3373 58952
3374 66275
3375 27742
3376 112889
3377 37875
3378 38711
3379 96921
3380 68953
3381 68305
3382 15002
3383 41139
3384 69245
3385 52954
3386 46591
3387 69463
3388 26766
3389 51663
3390 69586
3391 115088
3392 62434
3393 73755
3394 68722
3395 17644
3396 69444
3397 69194
3398 60810
3399 71040
3400 73430
3401 4497
3402 48481
3403 30755
3404 62629
3405 101577
3406 39762
3407 70355
3408 32216
3409 31475
3410 13525
3411 46510
3412 4854
3413 20507
3414 61785
3415 71045
3416 63927
3417 57472
3418 36625
3419 69091
3420 73383
3421 73388
3422 70739
3423 9232
3424 39142
3425 73885
3426 73956
3427 29437
3428 36282
3429 1874
3430 61372
3431 74359
3432 66607
3433 14436
3434 31310
3435 35652
3436 10466
3437 56617
3438 38620
3439 74606
3440 74763
3441 47167
3442 62680
3443 4519
3444 19186
3445 39129
3446 70005
3447 49247
3448 75749
3449 76462
3450 125578
3451 76593
3452 76601
3453 36579
3454 32961
3455 70809
3456 44860
3457 28209
3458 78204
3459 100670
3460 50754
3461 99044
3462 61682
3463 94585
3464 42047
3465 84385
3466 94600
3467 41644
3468 16739
3469 5450
3470 43138
3471 75422
3472 68708
3473 4366
3474 78726
3475 42006
3476 43324
3477 104342
3478 71137
3479 98306
3480 86131
3481 20781
3482 80363
3483 78434
3484 15782
3485 21291
3486 78588
3487 32178
3488 68448
3489 80774
3490 25011
3491 73972
3492 78849
3493 75470
3494 41593
3495 61630
3496 40432
3497 51685
3498 36871
3499 53180
3500 127183
3501 50145
3502 18606
3503 70060
3504 41827
3505 13767
3506 104294
3507 6836
3508 31724
3509 29241
3510 36720
3511 82821
3512 10443
3513 15735
3514 81488
3515 81776
3516 35687
3517 126292
3518 42676
3519 57712
3520 82739
3521 8938
3522 82497
3523 103270
3524 37103
3525 81332
3526 52811
3527 82840
3528 57888
3529 11546
3530 35394
3531 87712
3532 84240
3533 84500
3534 85036
3535 51668
3536 58847
3537 38448
3538 74578
3539 18526
3540 84572
3541 84847
3542 1445
3543 80891
3544 85322
3545 85372
3546 85395
3547 101109
3548 85592
3549 37432
3550 88856
3551 44291
3552 24078
3553 84499
3554 86033
3555 83134
3556 18583
3557 97337
3558 70313
3559 61960
3560 66044
3561 51389
3562 68910
3563 6322
3564 4648
3565 64153
3566 60519
3567 65878
3568 17734
3569 83681
3570 87844
3571 98314
3572 19929
3573 129086
3574 36372
3575 26266
3576 89259
3577 21337
3578 88614
3579 48687
3580 89233
3581 89127
3582 71011
3583 33717
3584 108637
3585 76709
3586 89661
3587 90412
3588 89005
3589 4306
3590 90316
3591 95241
3592 39475
3593 12128
3594 58456
3595 90487
3596 15602
3597 90657
3598 805
3599 90904
3600 85489
3601 145612
3602 91471
3603 91656
3604 138543
3605 92007
3606 42606
3607 21326
3608 93866
3609 66131
3610 93858
3611 85906
3612 94157
3613 98093
3614 64449
3615 95131
3616 112398
3617 51450
3618 28033
3619 88815
3620 109444
3621 6263
3622 6363
3623 23951
3624 82938
3625 110252
3626 35453
3627 89429
3628 39304
3629 5181
3630 91255
3631 18286
3632 88592
3633 25563
3634 58307
3635 100302
3636 16857
3637 98900
3638 50073
3639 2183
3640 94188
3641 98365
3642 99391
3643 36085
3644 42137
3645 58271
3646 979
3647 100164
3648 32022
3649 54788
3650 59219
3651 100564
3652 99234
3653 100713
3654 100807
3655 100979
3656 21252
3657 58706
3658 47722
3659 26705
3660 22512
3661 80296
3662 52918
3663 45956
3664 106277
3665 64676
3666 104685
3667 41094
3668 97265
3669 102343
3670 17883
3671 74951
3672 14349
3673 83598
3674 57114
3675 103227
3676 103319
3677 102997
3678 85967
3679 103524
3680 100908
3681 98590
3682 12055
3683 75338
3684 39120
3685 105668
3686 14807
3687 99088
3688 45027
3689 104858
3690 46551
3691 13034
3692 42851
3693 84312
3694 76355
3695 61438
3696 95282
3697 90906
3698 105816
3699 95413
3700 51336
3701 106171
3702 51223
3703 50356
3704 76332
3705 78645
3706 106779
3707 106788
3708 76148
3709 68222
3710 19272
3711 47189
3712 104791
3713 130058
3714 25437
3715 112626
3716 17509
3717 40804
3718 70594
3719 46859
3720 20796
3721 7559
3722 84320
3723 32042
3724 22810
3725 91023
3726 120363
3727 75420
3728 106087
3729 109717
3730 90511
3731 110046
3732 110733
3733 58242
3734 78795
3735 101078
3736 60618
3737 88300
3738 21483
3739 112993
3740 99224
3741 105095
3742 110515
3743 53155
3744 85652
3745 93613
3746 12565
3747 51107
3748 40563
3749 110856
3750 19230
3751 91227
3752 111215
3753 116360
3754 109592
3755 112406
3756 85913
3757 113409
3758 103678
3759 100607
3760 91976
3761 97414
3762 6427
3763 104432
3764 110732
3765 112113
3766 112238
3767 95718
3768 108431
3769 33041
3770 38838
3771 39955
3772 51505
3773 113152
3774 89514
3775 112641
3776 35486
3777 56062
3778 8217
3779 1619
3780 108631
3781 41145
3782 91903
3783 109932
3784 101929
3785 99732
3786 112385
3787 61949
3788 37757
3789 33089
3790 85550
3791 106551
3792 114278
3793 15046
3794 82067
3795 35660
3796 99045
3797 106512
3798 69642
3799 114758
3800 20999
3801 111338
3802 128702
3803 144495
3804 115244
3805 2126
3806 94968
3807 40723
3808 75670
3809 124144
3810 43499
3811 62782
3812 120265
3813 128723
3814 66133
3815 54401
3816 117273
3817 102946
3818 92164
3819 84923
3820 74819
3821 118310
3822 118337
3823 50339
3824 118468
3825 37821
3826 118986
3827 85406
3828 113763
3829 119114
3830 117456
3831 22599
3832 119216
3833 145820
3834 35609
3835 32355
3836 119901
3837 104633
3838 121003
3839 22930
3840 120972
3841 115052
3842 104669
3843 6223
3844 93602
3845 121731
3846 116794
3847 89654
3848 121820
3849 51771
3850 122297
3851 122316
3852 60732
3853 75890
3854 122755
3855 69292
3856 110389
3857 17773
3858 123210
3859 120578
3860 97402
3861 122473
3862 124387
3863 124586
3864 16302
3865 108862
3866 54780
3867 56461
3868 45581
3869 84700
3870 88851
3871 15540
3872 125121
3873 69603
3874 11134
3875 124654
3876 115211
3877 124949
3878 122945
3879 105092
3880 32660
3881 82843
3882 125498
3883 19369
3884 113828
3885 127871
3886 127309
3887 127668
3888 127334
3889 110368
3890 108503
3891 121307
3892 57030
3893 49822
3894 86006
3895 110229
3896 128535
3897 61337
3898 36146
3899 84120
3900 38698
3901 122383
3902 125584
3903 106377
3904 7872
3905 129803
3906 129678
3907 129768
3908 45707
3909 106114
3910 114263
3911 118440
3912 126017
3913 20062
3914 14967
3915 125275
3916 95043
3917 86014
3918 130757
3919 131560
3920 127616
3921 90655
3922 23648
3923 113756
3924 132069
3925 71028
3926 42636
3927 66777
3928 104330
3929 91061
3930 133974
3931 69010
3932 60398
3933 35868
3934 119793
3935 88932
3936 134799
3937 134803
3938 48047
3939 81055
3940 124004
3941 112284
3942 110522
3943 111917
3944 129074
3945 114668
3946 35306
3947 56188
3948 131781
3949 136161
3950 133811
3951 38068
3952 33121
3953 102684
3954 136567
3955 136562
3956 1243
3957 26862
3958 44463
3959 136932
3960 137323
3961 35959
3962 56328
3963 40694
3964 50244
3965 137875
3966 15860
3967 138483
3968 130741
3969 98863
3970 110166
3971 140496
3972 140871
3973 41301
3974 140920
3975 51323
3976 101775
3977 140013
3978 138060
3979 134512
3980 130124
3981 38253
3982 89084
3983 85136
3984 84768
3985 86526
3986 80665
3987 94293
3988 36683
3989 119731
3990 143349
3991 29736
3992 144602
3993 144606
3994 145307
3995 134555
3996 95347
3997 146235
3998 36385
3999 75761
4000 134721
4001 118180
4002 108884
4003 134299
4004 141766
4005 147976
4006 78655
4007 147129
4008 145919
4009 83073
4010 47135
4011 148559
4012 112954
4013 134186
4014 148793
4015 149003
