ExpertID   TeamID    QuestionIDwithBestAnswer    Score 
38366 468 106 78.0
38367 1 0 6.0
38368 2834 178 50.0
38369 61 59 50.0
38370 8762 4996 205.0
38371 3061 426 55.0
38372 115 1194 30.0
38373 135 676 41.0
38374 241 2183 69.0
38375 2063 239 48.0
38376 2542 10034 22.0
38377 2834 178 67.0
38378 102 2589 15.0
38379 2 1 17.0
38380 5933 1816 38.0
38381 2 1 15.0
38382 7117 1855 38.0
38383 4008 299 23.0
38384 2 1 5.0
38385 197 2 43.0
38386 227 1186 203.0
38387 197 2 8.0
38388 238 77 26.0
38389 257 398 129.0
38390 306 2739 45.0
38391 333 4 37.0
38392 2285 2755 78.0
38393 402 5137 95.0
38394 333 4 69.0
38395 646 2809 16.0
38396 427 5 9.0
38397 1780 9380 124.0
38398 427 5 6.0
38399 458 663 13.0
38400 427 5 12.0
38401 427 5 4.0
38402 427 5 4.0
38403 427 5 5.0
38404 463 6345 45.0
38405 1939 468 152.0
38406 470 7 4.0
38407 471 9494 31.0
38410 434 1215 67.0
38411 480 8 15.0
38412 524 3346 13.0
38413 4373 3008 103.0
38414 6109 1184 64.0
38415 575 834 74.0
38418 525 11 67.0
38419 644 6271 35.0
38420 685 3564 134.0
38421 697 12 5.0
38422 1939 468 44.0
38423 2623 823 35.0
38424 4701 2566 15.0
38425 3592 933 118.0
38426 732 9801 66.0
38427 2356 833 72.0
38408 474 8707 23.0
38428 5961 9672 16.0
38429 1581 1448 32.0
38430 758 13 25.0
38431 1564 2273 76.0
38432 2942 3906 63.0
38433 826 14 45.0
38434 826 14 45.0
38435 8073 3442 23.0
38436 2728 9298 67.0
38437 9 15 62.0
38438 2728 9298 104.0
38439 2020 9613 50.0
38440 8427 9023 176.0
38441 971 18 6.0
38442 974 713 12.0
38443 5631 1315 40.0
38444 5206 8324 49.0
38446 1163 9251 118.0
38447 531 23 11.0
38448 531 23 14.0
38449 3573 513 9.0
38450 3025 9236 38.0
38451 3842 673 96.0
38453 1477 312 10.0
38454 1185 79 44.0
38455 1224 2090 71.0
38456 2834 178 17.0
38457 7117 1855 21.0
38458 2834 178 9.0
38459 1489 4804 21.0
38463 2209 1390 119.0
38464 1916 743 60.0
38465 26 118 44.0
38466 25 32 7.0
38467 63 33 9.0
38468 256 291 13.0
38469 1327 35 10.0
38470 3842 673 72.0
38471 469 621 46.0
38472 1350 36 6.0
38473 4010 1408 94.0
38474 1378 1904 54.0
38475 4186 4540 112.0
38476 949 51 7.0
38477 1429 3313 206.0
38478 1572 9451 55.0
38479 1921 180 26.0
38480 4373 3008 51.0
38481 1479 335 32.0
38482 1482 3500 23.0
38483 1269 39 17.0
38484 126 279 29.0
38485 62 90 38.0
38486 464 41 9.0
38487 3988 295 136.0
38488 464 41 43.0
38489 464 41 4.0
38490 4026 1869 31.0
38491 4664 3302 26.0
38492 5127 2407 123.0
38493 905 10114 35.0
38494 121 44 7.0
38495 4396 2738 16.0
38496 121 44 7.0
38497 5070 2515 24.0
38498 121 44 6.0
38499 121 44 7.0
38500 121 44 4.0
38501 4546 6001 93.0
38502 1276 4035 144.0
38505 1700 3647 26.0
38507 594 1395 28.0
38508 2619 9806 41.0
38509 1737 9428 40.0
38510 1726 47 9.0
38511 24 306 31.0
38512 23 49 11.0
38513 23 49 4.0
38514 1740 122 14.0
38515 4010 1408 185.0
38416 627 243 76.0
38516 911 53 40.0
38517 949 51 4.0
38518 1061 9280 67.0
38519 1555 470 28.0
38520 654 3264 41.0
38521 911 53 34.0
38522 4523 407 23.0
38523 537 2213 31.0
38524 2510 6344 17.0
38525 67 55 15.0
38526 67 55 25.0
38527 1771 56 11.0
38528 1775 4088 40.0
38529 1782 493 43.0
38530 1547 58 6.0
38531 4387 7982 49.0
38532 61 59 17.0
38533 1848 962 75.0
38534 1064 125 22.0
38535 4279 9121 13.0
38536 40 63 5.0
38537 1858 166 97.0
38538 1351 64 6.0
38540 4 67 17.0
38541 1868 8371 29.0
38542 1874 92 48.0
38543 1900 139 32.0
38544 584 69 45.0
38545 4278 9644 16.0
38546 1911 9768 32.0
38547 1746 1250 27.0
38548 4002 924 43.0
38549 1572 9451 33.0
38551 1931 5635 43.0
38552 261 343 10.0
38553 1921 180 56.0
38554 582 74 4.0
38558 4051 405 73.0
38559 1942 75 26.0
38560 3214 950 20.0
38561 5809 4153 11.0
38562 3858 257 9.0
38563 238 77 4.0
38565 2951 10115 11.0
38566 1185 79 26.0
38567 1185 79 10.0
38568 1185 79 17.0
38569 1974 83 19.0
38570 201 220 26.0
38571 1429 3313 47.0
38572 2009 7362 38.0
38573 2021 111 83.0
38574 2885 216 36.0
38575 1071 85 6.0
38576 2048 958 42.0
38577 4808 2671 11.0
38578 3988 295 26.0
38460 1263 2363 15.0
38579 2054 88 6.0
38580 2054 88 42.0
38581 7117 1855 58.0
38582 2834 178 62.0
38583 2054 88 4.0
38584 2053 89 5.0
38585 974 713 22.0
38586 139 700 8.0
38587 2063 239 38.0
38588 1347 369 9.0
38589 3995 1066 137.0
38590 2298 10054 63.0
38591 7193 9968 14.0
38503 1694 2016 28.0
38592 6466 9558 34.0
38593 4373 3008 57.0
38594 1063 93 5.0
38445 4348 1548 121.0
38595 1383 94 8.0
38596 2580 144 37.0
38597 4702 838 18.0
38598 4324 5323 25.0
38599 2396 1213 112.0
38600 2231 9829 27.0
38601 2233 450 8.0
38602 204 261 23.0
38603 744 97 5.0
38604 2238 8438 13.0
38608 1585 99 4.0
38609 436 1520 41.0
38610 2563 4960 29.0
38611 571 102 7.0
38612 571 102 6.0
38613 2908 9715 76.0
38614 874 1527 65.0
38615 2486 2587 188.0
38550 1066 351 47.0
38616 1939 468 25.0
38617 7117 1855 73.0
38618 1347 369 123.0
38619 7494 2855 37.0
38620 4228 537 6.0
38621 2561 4935 114.0
38622 1100 597 41.0
38623 2576 109 13.0
38624 2610 8722 50.0
38625 5010 1849 53.0
38626 2021 111 31.0
38627 2620 5361 17.0
38628 557 113 9.0
38629 4346 1526 12.0
38630 590 114 21.0
38631 2624 2620 29.0
38632 3611 404 24.0
38633 2635 545 56.0
38634 5440 3160 11.0
38635 1589 117 5.0
38636 6243 4312 59.0
38637 6065 2451 93.0
38638 1504 119 15.0
38639 3585 2230 36.0
38640 7193 9968 37.0
38641 1330 3761 29.0
38652 6945 3035 31.0
38653 1740 122 9.0
38654 6617 4516 14.0
38655 1347 369 27.0
38656 7383 2038 21.0
38657 1977 130 9.0
38658 1477 312 84.0
38659 7117 1855 64.0
38660 32 268 48.0
38661 2773 9118 27.0
38662 2809 134 4.0
38663 2809 134 4.0
38664 1900 139 19.0
38665 2828 7787 33.0
38666 2834 178 91.0
38667 2835 182 11.0
38668 3251 1323 92.0
38669 1431 138 12.0
38670 358 9630 75.0
38671 2874 142 22.0
38672 2353 2623 77.0
38673 2880 143 29.0
38674 2880 143 8.0
38675 2529 9223 53.0
38676 2580 144 21.0
38677 2580 144 9.0
38678 2580 144 15.0
38679 2580 144 5.0
38680 2580 144 9.0
38681 2894 733 17.0
38682 2580 144 22.0
38683 2580 144 15.0
38684 2580 144 18.0
38685 2897 2075 20.0
38686 6104 1078 29.0
38687 2580 144 5.0
38688 5852 5430 33.0
38689 6005 9857 15.0
38690 2901 4109 10.0
38691 2580 144 6.0
38692 2904 4337 10.0
38693 2580 144 5.0
38694 2580 144 42.0
38695 2933 3186 41.0
38696 2938 3860 19.0
38697 3814 4709 32.0
38713 2986 4875 16.0
38714 1301 148 53.0
38715 2998 9017 61.0
38716 1856 149 5.0
38717 4747 3524 20.0
38721 793 5827 25.0
38722 1275 1376 41.0
38729 79 157 10.0
38730 3801 1878 39.0
38725 2075 1642 74.0
38731 3112 2030 75.0
38732 7962 2824 19.0
38733 2334 162 16.0
38734 3118 163 9.0
38735 1352 322 16.0
38736 3118 163 24.0
38737 3118 163 5.0
38738 3118 163 23.0
38739 3118 163 10.0
38740 5787 840 14.0
38741 7656 3135 54.0
38742 1089 264 30.0
38743 3146 9532 98.0
38744 7386 2117 31.0
38745 3152 648 81.0
38746 1858 166 4.0
38747 1858 166 5.0
38748 1858 166 4.0
38749 3167 4575 18.0
38750 3169 5760 19.0
38751 3179 168 12.0
38752 3035 474 62.0
38753 3183 169 37.0
38754 6984 3005 160.0
38756 119 282 10.0
38757 2834 178 102.0
38758 1348 336 18.0
38759 202 175 4.0
38761 3292 8970 41.0
38762 1459 177 67.0
38763 2834 178 6.0
38764 2834 178 109.0
38765 2834 178 25.0
38766 2405 1794 17.0
38767 2834 178 55.0
38755 2834 178 30.0
38768 2834 178 23.0
38769 2834 178 4.0
38770 4625 1506 10.0
38771 2834 178 30.0
38772 2573 2441 67.0
38773 2834 178 4.0
38774 2834 178 55.0
38775 2834 178 144.0
38776 7750 2443 31.0
38777 3372 2679 23.0
38710 2834 178 26.0
38778 2834 178 4.0
38779 3386 7512 31.0
38780 2834 178 7.0
38781 611 9501 7.0
38782 5013 4774 13.0
38783 2834 178 5.0
38784 8483 6846 13.0
38785 3391 7797 15.0
38786 4929 2612 61.0
38787 3397 1528 150.0
38788 3402 364 25.0
38789 4536 3176 14.0
38790 7248 4425 199.0
38791 3801 1878 50.0
38792 3449 275 47.0
38793 2499 4399 27.0
38794 3492 9117 119.0
38796 109 199 8.0
38797 109 199 4.0
38798 180 200 18.0
38799 3503 3379 17.0
38800 586 202 9.0
38801 36 331 12.0
38802 3505 7637 12.0
38803 5127 2407 86.0
38564 1971 3289 46.0
38805 2055 411 183.0
38806 3517 208 14.0
38719 3272 286 33.0
38807 4008 299 20.0
38808 5978 1258 23.0
38809 592 212 7.0
38810 592 212 9.0
38811 3541 213 12.0
38812 3547 8633 67.0
38813 3548 792 9.0
38814 4299 5505 42.0
38815 2056 218 4.0
38816 1888 365 11.0
38817 915 223 18.0
38818 1347 369 56.0
38819 2063 239 44.0
38820 1099 226 14.0
38821 157 612 40.0
38822 594 1395 42.0
38823 4702 838 58.0
38718 3518 339 51.0
38824 73 2039 33.0
38825 921 6071 16.0
38826 2063 239 11.0
38827 2063 239 15.0
38828 2063 239 77.0
38829 2063 239 9.0
38830 2063 239 44.0
38831 2063 239 4.0
38832 2063 239 26.0
38833 2063 239 6.0
38834 4801 9414 17.0
38835 2063 239 34.0
38836 2063 239 13.0
38837 3675 800 8.0
38838 6790 1565 113.0
38839 2063 239 60.0
38840 3741 1424 106.0
38841 3755 3071 11.0
38842 2063 239 28.0
38843 2063 239 8.0
38844 2063 239 4.0
38845 3995 1066 137.0
38846 3801 1878 10.0
38847 2063 239 6.0
38848 2063 239 7.0
38849 2063 239 5.0
38850 2063 239 11.0
38851 407 994 11.0
38852 627 243 23.0
38853 3785 1280 26.0
38854 627 243 6.0
38855 627 243 20.0
38856 3792 449 16.0
38857 3796 8532 22.0
38858 483 246 6.0
38859 3798 248 22.0
38860 3798 248 19.0
38861 732 9801 30.0
38862 3802 1154 7.0
38863 1347 369 13.0
38864 3798 248 5.0
38865 3798 248 7.0
38866 3798 248 10.0
38867 3804 4313 19.0
38868 4222 5057 40.0
38504 3797 392 39.0
38704 1572 9451 12.0
38869 1695 250 15.0
38870 1695 250 24.0
38871 276 3017 51.0
38872 5762 10056 24.0
38873 4702 838 88.0
38874 1898 251 5.0
38875 4732 9731 50.0
38876 3852 255 4.0
38877 3852 255 12.0
38878 3855 5634 33.0
38879 3858 257 5.0
38880 3858 257 21.0
38881 4029 2058 26.0
38882 569 260 11.0
38883 569 260 4.0
38884 1891 262 10.0
38885 5999 4118 42.0
38886 1108 263 5.0
38887 32 268 7.0
38888 55 270 13.0
38889 3884 3798 31.0
38890 3889 8253 28.0
38891 20 732 24.0
38892 3894 3975 23.0
38893 7750 2443 42.0
38894 4348 1548 46.0
38895 3941 857 13.0
38896 119 282 6.0
38897 119 282 5.0
38898 119 282 4.0
38899 4111 1133 10.0
38900 502 2343 18.0
38901 119 282 6.0
38902 3630 9888 8.0
38903 731 285 5.0
38760 7237 2503 23.0
38905 3965 1256 52.0
38906 198 289 7.0
38907 974 713 20.0
38908 198 289 8.0
38909 3979 7826 33.0
38910 3986 2194 14.0
38904 489 292 14.0
38911 1180 293 10.0
38912 1442 8321 37.0
38913 3988 295 4.0
38914 4140 4913 29.0
38915 3988 295 10.0
38916 3991 5888 20.0
38917 1804 2199 8.0
38703 4702 838 21.0
38918 6046 1049 34.0
38605 2275 8654 59.0
38919 3992 1014 42.0
38920 1347 369 30.0
38921 1805 5102 14.0
38922 4008 299 4.0
38923 4008 299 5.0
38924 2687 1812 12.0
38925 4008 299 8.0
38926 4008 299 7.0
38927 4008 299 7.0
38928 4035 9843 116.0
38929 4664 3302 110.0
38930 4041 304 7.0
38720 1338 518 53.0
38555 1941 9570 15.0
38931 5156 3854 28.0
38932 6444 1559 16.0
38933 1477 312 6.0
38934 1477 312 17.0
38935 1477 312 16.0
38936 1477 312 5.0
38937 3952 313 5.0
38938 417 2929 54.0
38939 2747 316 10.0
38940 2573 2441 22.0
38941 4058 3404 19.0
38942 4059 2121 21.0
38943 4010 1408 22.0
38944 3741 1424 28.0
38945 8538 5086 15.0
38946 247 321 4.0
38947 2060 324 23.0
38948 2060 324 34.0
38949 2573 2441 88.0
38950 1579 328 8.0
38951 4348 1548 35.0
38952 1524 3239 34.0
38953 1279 332 15.0
38711 8169 3536 77.0
38954 734 341 4.0
38955 4097 1429 12.0
38956 6717 3199 14.0
38957 4193 2592 56.0
38958 4108 345 10.0
38642 2702 9338 31.0
38959 4116 353 24.0
38723 7117 1855 80.0
38960 359 356 21.0
38961 359 356 21.0
38962 359 356 18.0
38963 359 356 6.0
38964 4625 1506 22.0
38965 1888 365 7.0
38966 4117 1244 18.0
38967 1347 369 23.0
38968 1347 369 26.0
38969 1347 369 72.0
38970 1347 369 12.0
38971 1347 369 32.0
38972 1347 369 11.0
38724 157 612 122.0
38973 1347 369 41.0
38974 1347 369 4.0
38975 1509 827 50.0
38976 5159 1233 156.0
38977 1347 369 5.0
38978 1347 369 12.0
38979 1347 369 14.0
38980 1347 369 8.0
38981 1347 369 7.0
38982 1347 369 6.0
38983 1347 369 6.0
38984 4158 3272 9.0
38985 5747 1919 19.0
38986 1347 369 23.0
38987 1564 2273 58.0
38988 1347 369 5.0
38989 6538 2114 43.0
38990 2532 2238 40.0
38991 1347 369 5.0
38992 1347 369 6.0
38993 6745 6463 7.0
38994 9533 8846 9.0
38995 4214 8204 24.0
38996 1925 375 7.0
38997 467 379 4.0
38998 349 2517 16.0
38999 3629 381 4.0
39001 1940 1081 55.0
39002 1239 1995 41.0
39003 4239 6679 12.0
39004 4966 3039 48.0
39005 7275 3306 40.0
39006 4265 389 9.0
39007 3574 391 12.0
39008 4277 742 47.0
39009 8851 5271 64.0
39010 1420 393 14.0
39011 1113 580 26.0
38650 5414 2081 98.0
39016 257 398 42.0
39017 257 398 12.0
39018 4476 9339 103.0
39019 4522 5798 12.0
39020 271 403 8.0
39021 309 5199 10.0
39022 3795 495 17.0
39023 4523 407 7.0
39024 4524 409 5.0
39027 1115 4635 15.0
39028 3262 410 6.0
39029 2055 411 23.0
39030 2055 411 22.0
39031 6444 1559 8.0
39032 1519 3942 60.0
39033 685 3564 18.0
39034 2055 411 6.0
39035 4197 3804 20.0
39036 402 5137 27.0
39037 4557 5209 60.0
39038 3855 5634 6.0
39039 2055 411 40.0
39040 2691 1989 148.0
39041 929 413 18.0
39042 7433 2119 150.0
39043 3564 414 5.0
39044 4652 9754 20.0
39045 1994 5181 17.0
39046 2058 418 5.0
39047 4641 425 4.0
39048 4656 7585 17.0
39049 4658 427 10.0
39050 4658 427 7.0
39052 1444 430 12.0
39053 1223 9763 20.0
39054 7750 2443 16.0
39055 4663 433 5.0
39056 1938 434 22.0
39057 4664 3302 53.0
39025 4557 5209 27.0
39058 4675 436 13.0
39059 4675 436 4.0
39060 4676 910 24.0
39061 9252 6927 32.0
39067 2952 445 9.0
39068 7354 7747 31.0
39069 4721 4706 19.0
39070 4729 447 6.0
39071 4732 9731 44.0
39072 7618 2619 22.0
39073 2233 450 4.0
39074 4740 3796 27.0
39075 722 457 8.0
39076 6108 9894 49.0
39077 2209 1390 24.0
39078 4767 6970 14.0
39079 8656 8064 12.0
39080 4771 4361 10.0
39081 1553 460 7.0
39082 3314 3827 24.0
39083 3965 1256 19.0
39084 4775 5885 20.0
39085 1939 468 4.0
38645 1780 9380 11.0
39086 1555 470 13.0
39087 1341 9564 18.0
39088 2024 473 7.0
39089 7021 1712 75.0
39090 3035 474 4.0
39091 279 475 30.0
39092 1978 476 20.0
39093 4850 4520 112.0
39095 3181 480 6.0
39096 888 483 12.0
39097 1499 484 7.0
39098 1759 485 12.0
39099 1759 485 11.0
39101 4917 5183 13.0
39102 4931 5190 43.0
39103 5540 3173 6.0
39104 1396 554 9.0
39105 4957 7244 52.0
38452 5846 899 31.0
39106 4065 1769 44.0
39107 8555 5824 28.0
39108 3809 515 9.0
39110 3024 498 4.0
39111 3024 498 5.0
39112 3024 498 4.0
39113 3286 2770 6.0
39114 4048 3814 19.0
39115 2237 504 6.0
39116 2237 504 7.0
39117 284 505 4.0
39118 4982 506 33.0
39119 2921 508 24.0
39120 211 509 12.0
39121 366 512 19.0
39122 366 512 7.0
39123 3809 515 5.0
39124 3809 515 8.0
39125 203 517 5.0
39126 1338 518 10.0
39127 1338 518 14.0
39128 2430 2337 19.0
39129 1342 524 16.0
39130 9361 7856 54.0
39131 4536 3176 32.0
39132 2909 529 4.0
39133 2549 530 7.0
39134 5604 4367 22.0
39135 85 536 11.0
39136 3650 1531 13.0
39137 1578 1481 43.0
39138 5089 7488 30.0
39140 5111 3245 16.0
39141 4676 910 155.0
39144 39 551 5.0
39145 2644 553 4.0
39146 2644 553 12.0
39147 5116 5536 26.0
39148 3770 1170 52.0
39149 3612 1427 41.0
39150 5221 7782 64.0
39151 5258 556 8.0
39152 5258 556 5.0
38646 1780 9380 14.0
39155 2640 557 6.0
39156 459 560 10.0
39157 251 563 6.0
39158 5159 1233 13.0
39159 73 2039 56.0
39160 4023 569 5.0
39153 5263 9288 21.0
39000 4216 576 26.0
39161 4216 576 8.0
39162 289 577 4.0
39013 4340 595 31.0
39163 9059 6180 53.0
39164 207 581 7.0
39165 207 581 11.0
39166 161 584 20.0
39169 1578 1481 11.0
38726 3076 1971 53.0
39170 2748 586 8.0
39171 5326 3297 35.0
39172 3174 7148 7.0
39173 847 594 12.0
39174 847 594 4.0
39175 4563 4467 39.0
39176 273 600 7.0
39177 6308 6912 62.0
39178 3902 2903 16.0
39179 3603 606 5.0
39180 258 608 8.0
39181 258 608 4.0
39182 1471 609 8.0
39183 8427 9023 50.0
39184 1370 614 31.0
39185 2438 9482 65.0
39186 4677 9475 7.0
39187 1124 616 4.0
39188 707 618 4.0
39189 1447 619 12.0
39190 469 621 4.0
39191 3801 1878 23.0
39192 7180 2500 6.0
39109 3222 2137 45.0
39193 5400 624 8.0
39194 5406 3164 16.0
39195 8095 6617 11.0
39197 549 634 7.0
39198 896 1358 101.0
39199 5613 3204 17.0
39200 291 637 10.0
39201 530 638 19.0
39202 4776 643 26.0
39203 4776 643 20.0
39204 208 651 32.0
39205 208 651 16.0
39206 5439 1770 35.0
39207 208 651 12.0
39208 2206 656 4.0
39209 4438 3283 28.0
39210 1622 660 8.0
39212 146 662 5.0
39015 4375 2780 36.0
39213 5450 4789 8.0
39214 458 663 6.0
39215 458 663 4.0
39216 5454 1319 13.0
39217 458 663 5.0
39218 5455 667 7.0
39220 227 1186 24.0
38506 8261 3392 123.0
39222 5458 672 4.0
39223 5458 672 11.0
39224 5458 672 19.0
39225 5458 672 10.0
39226 3842 673 33.0
39227 8717 4734 27.0
39228 5466 674 8.0
39229 5475 4653 84.0
39230 4451 6990 45.0
39231 5494 3227 23.0
39232 71 679 11.0
39233 344 685 7.0
39234 5495 686 13.0
39235 5495 686 20.0
39236 3251 1323 67.0
39237 5507 7583 31.0
39238 9167 6741 7.0
39239 7189 6633 19.0
39240 1909 6955 6.0
39241 7651 4557 33.0
39242 4359 704 35.0
39062 7656 3135 43.0
39243 4217 1821 6.0
39244 2531 705 11.0
39245 5532 8524 65.0
39246 2531 705 5.0
39247 2531 705 4.0
39248 5575 707 14.0
39249 5575 707 37.0
39250 2541 709 19.0
39251 865 1160 10.0
39252 5579 1241 44.0
39253 6644 10046 9.0
39254 8762 4996 86.0
39255 5098 714 4.0
39256 1580 717 12.0
38607 4476 9339 162.0
39257 5590 2330 12.0
39258 1746 1250 13.0
39259 2552 723 4.0
39260 713 2413 47.0
39261 2843 1683 7.0
39026 9000 5964 37.0
39262 5168 735 5.0
39263 5168 735 4.0
39264 5593 736 13.0
39265 5595 6056 33.0
39266 7039 2842 14.0
39267 6990 2528 13.0
39268 3140 2656 36.0
39269 4277 742 12.0
39270 5612 4060 21.0
39271 5615 761 22.0
39272 6274 1354 24.0
39273 3193 755 12.0
39275 477 756 8.0
39276 5995 1019 24.0
39277 7746 2655 118.0
39278 5645 1893 20.0
39279 3245 865 8.0
39280 5646 766 8.0
39281 5648 832 6.0
39282 5646 766 11.0
39283 3586 769 4.0
39284 764 1478 14.0
39285 5658 3914 23.0
39286 5661 3671 15.0
39287 1231 773 5.0
39289 1694 2016 38.0
39290 5665 1453 20.0
39291 5666 2837 15.0
39292 3997 779 11.0
39293 5668 4434 16.0
39294 3997 779 4.0
39295 553 786 4.0
39296 4112 788 5.0
39297 5685 10039 41.0
39298 5691 1671 19.0
39300 1201 793 15.0
39301 3999 9774 17.0
39302 5696 5008 32.0
39303 5709 2537 45.0
39304 3186 799 5.0
39305 2649 801 5.0
39306 5716 7831 16.0
39307 2553 9229 6.0
39308 2052 810 6.0
39309 3622 812 4.0
39312 2961 3440 58.0
39196 5414 2081 23.0
39313 5727 2979 51.0
39315 5725 830 10.0
39316 4348 1548 11.0
39317 3146 9532 32.0
39318 1502 1827 59.0
39319 1509 827 4.0
39320 5766 8740 43.0
39321 5725 830 23.0
39322 2275 8654 30.0
39323 5648 832 35.0
39324 5775 8285 32.0
39325 4702 838 19.0
39326 4813 1488 18.0
39327 4702 838 6.0
39328 4702 838 8.0
39329 4702 838 9.0
39330 5313 3125 15.0
38712 1722 5336 18.0
39331 5781 8990 28.0
39332 7822 9555 17.0
39333 4702 838 8.0
39334 5787 840 14.0
39335 5447 4616 5.0
39336 5027 6188 11.0
39337 801 4444 15.0
39338 720 847 4.0
39339 5788 850 7.0
39340 5788 850 4.0
39341 5802 3413 35.0
39342 5788 850 8.0
39343 3941 857 8.0
39344 5808 860 6.0
39345 5808 860 4.0
39346 5809 4153 23.0
39347 8387 6234 15.0
39350 5649 870 19.0
39299 4939 1299 19.0
39351 7315 6790 7.0
39352 2033 880 4.0
39353 3642 881 9.0
39354 5827 8857 20.0
39355 5840 5023 16.0
39356 5842 8976 8.0
39311 3999 9774 29.0
39357 1519 3942 15.0
39358 732 9801 21.0
39359 5845 898 5.0
39360 5845 898 42.0
39361 5846 899 5.0
39362 3800 903 6.0
39363 5848 1945 28.0
39368 4977 905 10.0
39369 5877 1864 48.0
39370 3587 906 4.0
39367 8762 4996 173.0
39349 4077 1876 18.0
39371 131 913 11.0
39372 3824 914 7.0
39373 4140 4913 13.0
39167 5307 2219 18.0
39365 5853 9145 19.0
39374 5202 918 4.0
39375 132 922 6.0
39376 512 923 9.0
39377 4002 924 15.0
39378 5887 5671 32.0
39379 5902 3418 10.0
39380 361 926 24.0
39381 361 926 16.0
39382 9232 7487 34.0
39383 4709 1861 21.0
39384 5078 943 4.0
39386 3701 944 4.0
39387 5914 7532 13.0
39388 1717 947 12.0
39389 5918 9835 10.0
39390 736 948 7.0
39391 8955 6024 32.0
39392 5854 1025 30.0
39393 5925 9550 37.0
39394 5933 1816 69.0
39395 1233 1384 19.0
39396 2452 1048 13.0
39397 5957 2445 28.0
39401 3942 983 8.0
39402 990 1688 7.0
39403 5959 986 6.0
39404 5960 988 12.0
39405 1746 1250 7.0
39406 413 1755 49.0
39407 1393 995 34.0
39410 5380 2005 18.0
39411 2454 996 6.0
39412 735 998 11.0
39413 3845 1000 66.0
39414 5282 1296 9.0
39415 5986 1003 4.0
39417 5989 1261 11.0
39418 1906 1006 4.0
39419 3249 1009 10.0
39421 5079 1012 14.0
39422 3992 1014 8.0
39423 2209 1390 19.0
39424 1027 1015 8.0
39425 5994 1221 16.0
39427 1957 1028 15.0
39428 5999 4118 51.0
39314 155 1030 24.0
39429 5977 8468 20.0
39430 2536 1038 4.0
39431 6025 9126 60.0
39432 3961 1042 17.0
39433 6045 1043 10.0
39434 2718 1044 8.0
39435 6046 1049 39.0
39436 3252 10024 21.0
39437 3826 1051 5.0
39438 3828 1053 8.0
39440 6055 1058 18.0
39441 1519 3942 10.0
39448 6065 2451 63.0
39449 6083 1200 16.0
39450 3995 1066 7.0
39451 3995 1066 15.0
39452 3995 1066 54.0
39453 3995 1066 9.0
39454 3780 3145 24.0
39455 3995 1066 28.0
39456 3995 1066 18.0
39457 4307 8443 22.0
39458 3995 1066 9.0
39459 3995 1066 11.0
39460 3995 1066 12.0
39461 6100 7090 44.0
39462 3452 2516 23.0
39463 1820 1073 4.0
39464 6103 1075 4.0
39465 6104 1078 10.0
39442 6056 1079 15.0
39466 6113 2170 38.0
39467 611 9501 41.0
39468 1105 1087 5.0
39469 1164 6393 13.0
39470 3702 1094 7.0
39471 3702 1094 15.0
39472 3072 8032 110.0
39473 6264 4993 15.0
39474 6132 10110 22.0
39475 4113 2063 18.0
39476 162 1101 5.0
39477 162 1101 50.0
39478 4352 1102 6.0
39479 6133 1107 35.0
39480 6133 1107 5.0
39481 6726 8115 8.0
39482 6465 6581 33.0
38417 634 5402 23.0
39486 3848 1124 5.0
39487 4004 1356 18.0
39488 166 1127 4.0
39489 538 1128 10.0
38539 5645 1893 7.0
39490 768 1130 9.0
39491 6171 6437 142.0
39492 6192 1136 4.0
39493 6194 1138 13.0
39495 150 1141 11.0
39496 2148 4388 48.0
39497 5283 1152 5.0
39498 3802 1154 11.0
39499 8123 3569 24.0
39500 1661 6436 8.0
39501 5459 1163 7.0
39502 3638 1166 5.0
39503 6221 1168 17.0
39504 6221 1168 9.0
39505 6222 4094 27.0
39506 3770 1170 15.0
39507 4344 1172 24.0
39508 4653 1970 8.0
39509 4344 1172 7.0
39510 7673 5855 13.0
39511 4344 1172 5.0
39512 3762 1173 6.0
39513 4046 2904 38.0
39514 3146 9532 36.0
39515 3762 1173 4.0
39516 5061 7758 8.0
39517 101 1176 11.0
39518 7014 4382 20.0
39522 6109 1184 8.0
39523 6109 1184 29.0
39524 8675 4504 29.0
39525 6109 1184 6.0
39526 6266 7642 39.0
39527 8058 8445 129.0
39528 6275 4964 25.0
39530 6293 1190 12.0
39531 1527 1192 13.0
39532 134 3817 11.0
39533 856 1195 5.0
39211 5448 4188 26.0
39534 6302 2402 11.0
39535 5461 1198 8.0
39536 4882 8182 9.0
39537 866 1203 16.0
39538 380 1205 4.0
39539 1632 1207 26.0
39540 7746 2655 77.0
39541 6303 1420 20.0
39542 1210 1211 4.0
39543 1510 1404 7.0
39544 434 1215 17.0
39548 2671 6367 107.0
39549 5832 4979 16.0
39550 2610 8722 25.0
39551 4459 4140 24.0
39552 4348 1548 27.0
39553 5159 1233 4.0
39554 4719 1237 25.0
39555 4719 1237 24.0
39556 4719 1237 4.0
39557 5579 1241 9.0
39558 6347 6394 48.0
39559 5579 1241 11.0
39560 6493 7684 21.0
39561 6363 1242 22.0
39562 3829 1243 12.0
39563 1382 1245 14.0
39564 6364 2961 13.0
39565 1746 1250 9.0
39566 4805 1255 27.0
39567 7656 3135 8.0
39568 4121 1257 4.0
39569 5978 1258 4.0
39570 6970 5410 34.0
39571 6382 1260 14.0
39572 1915 5754 15.0
39573 3106 1272 13.0
39574 1278 1318 18.0
39575 805 1277 9.0
39576 2597 1281 10.0
39577 2597 1281 13.0
39578 1725 1285 8.0
39579 6387 7383 16.0
39580 6398 4163 32.0
39581 859 1289 6.0
39582 859 1289 5.0
39583 2863 3588 8.0
39584 6400 1290 6.0
39585 6400 1290 12.0
39586 3457 9718 17.0
39587 5081 1294 4.0
39588 7249 4579 51.0
39589 6110 1301 34.0
39590 894 1302 7.0
39591 231 1310 6.0
39592 3049 1311 21.0
39593 3049 1311 16.0
39594 3049 1311 32.0
39595 2275 8654 50.0
39596 6409 1312 11.0
39597 1825 1595 15.0
39598 791 3448 18.0
39599 6419 5532 27.0
39600 709 1320 5.0
39601 1015 1322 9.0
39603 5881 1935 7.0
39604 6425 1332 12.0
39605 1558 1341 8.0
39606 5426 1860 10.0
39607 5127 2407 9.0
39608 6431 1353 10.0
39609 2462 1355 28.0
39610 2462 1355 8.0
39611 2462 1355 4.0
39612 4015 1357 15.0
39613 896 1358 20.0
39614 896 1358 6.0
39615 896 1358 5.0
39616 896 1358 8.0
39617 1599 1359 4.0
39618 1599 1359 10.0
39619 6446 1383 11.0
39620 1213 1363 6.0
39621 1085 1368 10.0
39622 5013 4774 21.0
39623 6433 1372 6.0
39624 6434 1374 7.0
39627 6442 1379 4.0
39628 4625 1506 76.0
39629 6445 1380 13.0
39630 6445 1380 8.0
39631 897 1382 8.0
39632 6604 1464 21.0
39633 6447 3100 18.0
39634 7656 3135 89.0
39635 6446 1383 11.0
39636 9325 7379 32.0
39637 579 1389 26.0
39638 579 1389 10.0
39639 2209 1390 93.0
39640 2209 1390 60.0
39641 2209 1390 5.0
39642 2209 1390 27.0
39643 2209 1390 17.0
39644 6453 8176 11.0
39645 2209 1390 16.0
39646 2209 1390 11.0
39647 2209 1390 6.0
39648 770 3871 26.0
39649 5752 1933 6.0
39650 594 1395 5.0
39651 6455 1808 9.0
39652 594 1395 5.0
39653 6458 1397 22.0
39654 6971 6377 26.0
39655 2464 1401 5.0
39656 6304 1403 6.0
39657 2847 1405 25.0
39658 8169 3536 59.0
39659 4010 1408 7.0
39660 653 2636 10.0
39661 4010 1408 15.0
39662 513 1415 14.0
39663 6523 1419 7.0
39664 5203 1422 7.0
39665 5203 1422 37.0
39666 5203 1422 6.0
39667 8261 3392 64.0
39668 7725 9921 34.0
39669 6571 1425 7.0
39670 4691 7800 27.0
39671 4625 1506 45.0
39673 3146 9532 43.0
39674 1091 1432 4.0
39675 6591 10052 12.0
39676 89 1439 6.0
39677 4284 1440 5.0
39678 3397 1528 12.0
39679 6592 1444 7.0
39546 7653 2322 7.0
39680 5204 1445 4.0
39681 225 1446 20.0
39683 6593 1454 5.0
39684 6004 2711 32.0
39689 6601 1458 10.0
39690 6601 1458 5.0
39692 6604 1464 6.0
39693 6604 1464 35.0
39694 6604 1464 9.0
39695 6604 1464 9.0
39696 6604 1464 18.0
39697 413 1755 37.0
39698 191 2326 129.0
39274 4652 9754 26.0
39699 3669 1530 22.0
39700 1578 1481 9.0
39701 1578 1481 23.0
39702 1578 1481 5.0
39703 6652 5417 7.0
39704 5638 1485 22.0
39705 6599 1486 17.0
39706 1483 1487 4.0
39707 6654 5949 15.0
39708 6019 2560 39.0
39709 5066 9587 42.0
39710 4625 1506 5.0
39711 4625 1506 32.0
39712 6680 7738 42.0
39713 4625 1506 5.0
39714 4625 1506 25.0
39715 4625 1506 27.0
39716 3935 1507 17.0
39717 6690 1508 9.0
39718 6728 3858 49.0
39719 1750 1509 4.0
39720 1750 1509 5.0
39721 1750 1509 9.0
39722 1513 1511 5.0
39723 7827 2580 11.0
39521 6238 9708 47.0
39724 6755 9362 60.0
39725 6760 5967 26.0
39726 6768 1547 29.0
39727 6772 6392 16.0
39728 3397 1528 8.0
39729 6773 5042 10.0
39730 5596 2942 19.0
39731 7773 8283 13.0
39691 2375 1541 19.0
39732 6784 1544 10.0
39733 4348 1548 128.0
39734 6444 1559 10.0
39735 7219 7209 18.0
39736 3389 1561 10.0
39737 6088 1562 18.0
39738 1519 3942 30.0
39739 7005 5655 41.0
39740 4630 2897 15.0
39741 4951 1569 27.0
39742 3504 1571 10.0
39743 8093 3028 8.0
39746 3861 4393 42.0
39747 6838 1581 4.0
39748 547 1750 48.0
39749 3528 2670 74.0
39750 1636 2603 22.0
39751 6848 1589 13.0
39752 6848 1589 10.0
39753 8936 5656 18.0
39755 2285 2755 17.0
39756 6852 8716 12.0
39758 6858 1599 13.0
39759 6859 1600 4.0
39760 7380 2032 11.0
39763 6399 1608 7.0
39764 219 1625 16.0
39765 3347 1610 18.0
39766 2972 9717 14.0
39767 7237 2503 11.0
39768 2006 5650 30.0
39769 4821 1614 33.0
39770 4821 1614 176.0
39771 8064 3021 15.0
39773 6881 1619 8.0
39774 890 1622 11.0
39775 6931 1623 36.0
39776 6931 1623 8.0
39777 6932 1632 6.0
39778 6934 1633 13.0
39781 2225 1644 6.0
39782 1505 1646 8.0
39783 6602 1648 4.0
39784 6602 1648 4.0
39786 6959 5850 58.0
39790 6966 1651 6.0
39791 4806 1654 11.0
39792 753 1661 15.0
39793 4064 1663 9.0
39794 4064 1663 47.0
39795 1467 1959 39.0
38606 2300 3043 20.0
39796 5691 1671 6.0
39797 2643 1674 6.0
39798 6995 3223 25.0
39799 2843 1683 8.0
39800 3085 9261 9.0
39801 3936 1693 9.0
39802 6538 2114 11.0
39803 518 1700 22.0
39804 7005 5655 93.0
39805 7014 4382 20.0
39806 6049 1703 5.0
39807 7017 1707 7.0
39808 7019 1708 13.0
39809 6993 1711 11.0
39810 7020 4311 11.0
39811 4543 1713 7.0
39812 3744 1715 4.0
39813 4630 2897 13.0
39814 3652 1718 6.0
39815 519 1723 8.0
39816 7023 5955 11.0
39817 3081 1727 5.0
39818 2474 1728 61.0
39785 2474 1728 9.0
39819 2474 1728 13.0
39820 2474 1728 54.0
39821 3853 1729 6.0
39822 1465 2930 25.0
39823 7027 1736 5.0
39824 7027 1736 4.0
39825 1639 2444 29.0
39826 5623 1745 40.0
39827 1830 1748 10.0
39828 4036 1749 4.0
39829 1814 1752 7.0
39830 7054 1754 8.0
39831 413 1755 8.0
39832 3072 8032 82.0
39833 7055 1761 5.0
39757 6856 1778 9.0
39834 4053 1764 5.0
39836 4065 1769 22.0
39837 5180 7930 15.0
39772 4016 1961 31.0
39838 6987 1773 8.0
39839 6987 1773 73.0
39840 3811 1776 6.0
39841 3811 1776 5.0
39842 7232 10104 18.0
39843 7675 8834 70.0
39845 7078 9259 40.0
39846 1441 1789 18.0
39847 2939 1793 7.0
39063 4710 1797 45.0
39848 4710 1797 24.0
39849 1358 1803 16.0
39850 3756 8296 14.0
39851 7092 8190 23.0
39852 6455 1808 10.0
39853 6455 1808 6.0
39854 6455 1808 4.0
39855 7095 1809 39.0
39856 2651 1811 12.0
39857 7096 1814 7.0
39858 7096 1814 15.0
39859 233 1817 9.0
39860 7136 4645 11.0
39861 8351 3732 16.0
39862 7098 6016 12.0
39863 7101 2251 10.0
39864 450 1826 6.0
39865 1502 1827 12.0
39866 7746 2655 13.0
39867 1149 1907 13.0
39868 7700 2406 15.0
39869 122 1832 11.0
39870 159 1838 13.0
39871 159 1838 7.0
39872 7106 1839 13.0
39873 7106 1839 4.0
39874 5039 1841 4.0
39875 5083 1845 10.0
39876 171 2801 82.0
39877 5083 1845 21.0
39879 7110 1846 4.0
39688 3801 1878 34.0
39882 5010 1849 25.0
39883 5010 1849 42.0
39602 6424 9594 23.0
39884 7117 1855 39.0
39885 7117 1855 28.0
39886 7117 1855 7.0
39887 7117 1855 19.0
39888 7117 1855 24.0
39889 7119 2436 46.0
39890 7117 1855 6.0
39891 6308 6912 39.0
39892 7117 1855 55.0
39893 7117 1855 20.0
39894 7117 1855 18.0
39895 7117 1855 16.0
39896 3146 9532 29.0
39897 317 7389 17.0
39898 7117 1855 5.0
39899 4823 1856 5.0
39288 5426 1860 5.0
39901 5426 1860 4.0
39902 3112 2030 39.0
39903 7690 7460 62.0
39904 3072 8032 161.0
39905 7146 1865 5.0
39906 4789 1866 8.0
39907 7147 1867 4.0
39908 7147 1867 14.0
39909 7148 1868 6.0
39910 4026 1869 7.0
39911 6691 1870 6.0
39912 6691 1870 8.0
39787 3801 1878 42.0
39913 5016 1875 5.0
39914 4077 1876 11.0
39485 2500 3155 16.0
39915 4077 1876 8.0
39916 4077 1876 14.0
39484 4001 9834 28.0
39917 3801 1878 39.0
39918 3801 1878 22.0
39919 3801 1878 17.0
39920 2315 1975 27.0
39921 3801 1878 4.0
39922 3801 1878 7.0
39923 4480 3662 13.0
39924 8758 5113 6.0
39925 7166 6977 11.0
39926 94 1880 4.0
39927 608 1883 16.0
39928 7172 1965 9.0
39929 7912 2796 15.0
39930 7175 1890 13.0
39931 7175 1890 49.0
39932 5756 1891 9.0
39933 7176 6702 6.0
39934 2693 1906 10.0
39935 7179 2555 42.0
39936 2693 1906 5.0
39937 7213 1909 8.0
39938 7215 1911 53.0
39939 7215 1911 14.0
39940 7215 1911 4.0
39941 7218 2748 20.0
39942 7221 1912 18.0
39943 4052 1913 5.0
39944 6986 1914 114.0
39945 6986 1914 7.0
39946 7809 2922 29.0
39686 5101 9867 9.0
39672 5285 9554 12.0
39947 4713 1917 4.0
39948 7223 7698 32.0
39949 7227 6181 221.0
39950 6004 2711 22.0
39951 5881 1935 4.0
39952 7230 8607 15.0
39953 7231 1941 5.0
39954 7231 1941 5.0
39955 7231 1941 4.0
39958 1697 1943 7.0
39959 3348 5193 11.0
39960 5848 1945 31.0
39961 3126 2392 8.0
39962 2108 1952 8.0
39963 6693 1954 23.0
39964 7377 2029 17.0
39965 5428 1956 4.0
39966 7115 3992 33.0
39967 7242 1962 8.0
39968 7245 3328 16.0
39969 3138 2894 73.0
39970 7251 1967 52.0
39971 3072 8032 81.0
39779 4035 9843 26.0
39973 3076 1971 5.0
39975 2315 1975 6.0
39976 7306 2800 59.0
39977 4086 8395 46.0
39978 2652 1986 6.0
39979 2691 1989 47.0
39980 2691 1989 4.0
39981 6786 1991 15.0
39982 5043 1996 6.0
39983 7358 1997 4.0
38699 1572 9451 21.0
39984 5380 2005 25.0
39985 710 3875 33.0
39986 6588 2009 6.0
39987 1694 2016 16.0
39988 335 2018 6.0
39989 7371 5459 26.0
39990 2129 2422 8.0
39991 2076 2021 6.0
39992 7373 2026 13.0
39993 7656 3135 32.0
39994 4733 9993 23.0
39995 7377 2029 24.0
39997 2479 2304 21.0
39998 1381 2033 6.0
39999 2002 3414 40.0
40000 7381 2034 4.0
40001 7381 2034 8.0
40002 3431 8379 31.0
40004 5026 2037 12.0
40005 5026 2037 10.0
40006 7383 2038 37.0
40007 7383 2038 18.0
40008 7383 2038 8.0
40009 7383 2038 13.0
40010 73 2039 16.0
40012 2931 2053 4.0
40013 5591 2054 5.0
40014 4661 2059 5.0
40015 2400 2060 4.0
40016 8169 3536 25.0
40018 1322 2457 7.0
40019 3255 2064 10.0
40020 7386 2117 35.0
40021 3519 2066 4.0
40022 4714 2071 7.0
40023 7387 2073 20.0
40024 7388 9211 12.0
40025 2897 2075 22.0
40026 294 2078 4.0
40027 5414 2081 8.0
40028 5393 2713 19.0
40029 5393 2713 5.0
40030 2965 2328 7.0
40031 1700 3647 19.0
40032 9530 8914 10.0
40033 5425 2094 5.0
40034 5425 2094 5.0
40035 7390 3643 11.0
40036 3931 2096 6.0
40039 6246 2103 13.0
40040 7427 6773 11.0
40041 3898 5220 16.0
40042 7429 2113 7.0
40043 6538 2114 6.0
40044 7752 2459 20.0
40045 7433 2119 8.0
40046 7433 2119 7.0
40047 7433 2119 26.0
40048 4059 2121 12.0
40049 4059 2121 8.0
40050 6711 4549 41.0
40051 6586 2122 5.0
40052 5757 2123 10.0
40053 5757 2123 44.0
40054 7445 9646 42.0
40055 2278 2134 4.0
40056 2976 2139 14.0
40057 7447 8279 74.0
40058 3144 2143 5.0
40059 7470 2146 17.0
40060 1151 2148 7.0
40061 7472 2150 13.0
40062 7472 2150 12.0
40063 6903 2151 6.0
40065 7473 2154 11.0
40066 7473 2154 6.0
39625 5913 2158 18.0
40067 7621 6984 17.0
40068 2243 2164 17.0
40069 7481 4596 13.0
40070 3709 2174 8.0
40071 7487 2429 16.0
40072 2285 2755 38.0
40073 2985 2182 4.0
40074 2985 2182 12.0
40075 2985 2182 4.0
40076 3746 2185 4.0
40077 3746 2185 20.0
40078 317 7389 25.0
40079 6907 3687 39.0
40080 7496 2189 5.0
40081 7500 8259 54.0
40082 7513 2191 5.0
40083 7513 2191 10.0
39685 6112 9480 14.0
40084 5044 9466 62.0
40085 6226 2198 8.0
40086 7523 4822 70.0
40087 6195 2201 9.0
40088 7524 2202 25.0
40089 7524 2202 4.0
40090 7525 2205 12.0
40091 383 2206 28.0
40092 4370 2210 4.0
40093 7526 5185 9.0
40094 2565 2372 14.0
40096 7558 7624 93.0
40097 2483 2221 12.0
40098 173 2223 4.0
40099 7560 2229 10.0
40100 7561 6962 12.0
40101 5580 2235 18.0
40095 7530 9772 34.0
40102 7531 2237 24.0
40103 7200 2494 20.0
40104 7791 2491 13.0
40105 9142 6520 17.0
40106 7570 3661 11.0
40107 3735 2246 21.0
40108 3087 2250 8.0
40109 7101 2251 8.0
40110 5185 2253 5.0
40111 7578 6146 11.0
40112 6179 4561 7.0
40113 7587 2255 19.0
40114 5748 2256 5.0
40115 336 2262 6.0
40116 2188 8888 11.0
40118 6450 3401 5.0
40119 1564 2273 12.0
40120 7597 5891 13.0
40121 1564 2273 8.0
40123 7551 2282 9.0
40124 4943 2286 14.0
40125 7603 2290 6.0
40126 4018 2295 5.0
40127 7604 2297 15.0
40128 9132 8791 25.0
40129 5002 2298 6.0
40130 8413 9091 29.0
40131 7622 2299 4.0
40132 7625 2302 6.0
40133 7628 4487 25.0
40134 2479 2304 7.0
40135 7650 9364 19.0
40136 1183 2315 10.0
40137 1183 2315 39.0
40138 1153 2318 9.0
40139 1736 2321 7.0
40140 7653 2322 5.0
40141 1519 3942 20.0
39972 7269 3319 85.0
40142 191 2326 18.0
40143 191 2326 10.0
40144 7657 7819 70.0
40145 1645 8879 32.0
40146 6665 3426 26.0
40147 7696 2334 4.0
40148 7149 2336 8.0
40149 7697 2341 12.0
40150 7698 2346 6.0
40151 7698 2346 6.0
40152 149 2347 4.0
40153 3359 2349 9.0
40154 3633 2350 4.0
40155 5834 2355 5.0
39446 6058 2356 38.0
40156 6058 2356 7.0
40157 7699 2814 13.0
40158 4557 5209 100.0
40159 7702 3351 18.0
40160 6437 2359 21.0
40161 310 2367 18.0
40162 7706 2369 10.0
40163 8823 5785 13.0
40164 7710 9356 21.0
40165 2565 2372 13.0
40166 2565 2372 4.0
40167 2565 2372 6.0
40168 2221 2373 17.0
40169 7712 2375 12.0
40170 1154 3800 11.0
40171 2161 2376 5.0
40172 7716 5144 8.0
40173 6631 2380 43.0
40174 2572 2384 17.0
40175 7717 2389 4.0
40176 4373 3008 22.0
40177 6649 2391 4.0
40178 3126 2392 10.0
40179 7725 9921 29.0
40180 2584 2399 9.0
40181 3256 2401 8.0
40182 7700 2406 5.0
40183 7700 2406 11.0
40184 5127 2407 7.0
40185 5127 2407 7.0
40186 5127 2407 8.0
40187 5127 2407 8.0
40188 7733 2412 77.0
40189 7733 2412 37.0
40190 4222 5057 51.0
40191 7183 2417 5.0
40192 2129 2422 5.0
40193 3711 4116 17.0
40194 2226 2426 5.0
40195 4588 5040 9.0
40196 6956 3590 12.0
40197 2603 2432 10.0
40198 5804 2434 7.0
40199 3257 2435 8.0
40200 7119 2436 6.0
40201 7744 2437 6.0
40202 2641 2440 10.0
40203 6728 3858 43.0
40204 2573 2441 23.0
40205 2573 2441 33.0
40206 2573 2441 6.0
40207 2573 2441 7.0
40208 2573 2441 5.0
40209 2573 2441 7.0
40210 7749 2691 14.0
40211 7750 2443 7.0
40212 6065 2451 17.0
40213 6065 2451 22.0
40214 4706 2452 15.0
40215 4706 2452 14.0
40216 8520 3921 24.0
40217 1322 2457 33.0
40218 1322 2457 7.0
40219 1322 2457 4.0
40220 7751 2458 10.0
40221 7752 2459 152.0
40223 1406 10003 23.0
40224 711 2468 4.0
40225 7755 2470 18.0
40227 7757 2474 14.0
40228 2797 2476 7.0
40229 2797 2476 8.0
40230 3758 2481 23.0
40231 5045 6604 9.0
40232 8694 7162 44.0
40233 7788 7979 47.0
40234 7791 2491 19.0
39529 6292 7207 31.0
40235 7793 2493 7.0
40236 7018 2496 10.0
40237 7794 2497 5.0
40239 298 2501 22.0
40240 4347 2504 7.0
40241 3867 4260 6.0
40242 7798 2506 4.0
40243 7798 2506 6.0
40244 7799 2507 11.0
40245 7799 2507 9.0
40246 4095 2510 4.0
40247 7334 2511 9.0
40248 7491 2513 4.0
40249 349 2517 7.0
40250 4895 6089 6.0
40251 349 2517 6.0
40252 1583 2519 5.0
40253 299 2522 10.0
40254 4826 2525 17.0
40255 7804 3561 18.0
40257 900 2534 4.0
40258 6972 2536 5.0
40259 7807 2540 8.0
40260 2978 2544 20.0
40261 2978 2544 4.0
40262 7808 2546 5.0
40263 1360 2549 7.0
40264 6589 2976 15.0
40266 6177 5318 27.0
40267 7814 9502 5.0
40268 7815 6122 12.0
40269 3742 2564 7.0
40270 7390 3643 6.0
40271 7817 6250 32.0
40272 5739 2572 7.0
40273 8137 5972 47.0
39835 3146 9532 56.0
40275 4705 2577 7.0
40276 7825 2578 24.0
40277 7826 2579 7.0
40278 7827 2580 5.0
40279 7384 2583 11.0
40280 6555 2586 6.0
40281 2486 2587 8.0
40282 7828 8939 39.0
40283 301 2590 18.0
40284 567 2591 7.0
40285 4193 2592 10.0
40286 4193 2592 6.0
40298 6751 2595 26.0
40299 1685 9148 8.0
40300 2979 3036 19.0
40301 7849 2605 8.0
40302 7335 2608 4.0
40303 7854 2611 25.0
40304 7856 5349 16.0
40305 4929 2612 23.0
40287 3146 9532 105.0
40306 7859 7891 17.0
40307 7861 2617 12.0
40308 3747 2625 4.0
40309 5805 2626 11.0
40310 2720 2627 7.0
40311 6704 2628 8.0
40312 7862 7221 12.0
40313 5686 9438 12.0
40314 7656 3135 100.0
40315 1379 2653 5.0
40316 3885 3296 82.0
40317 7746 2655 14.0
40318 7746 2655 8.0
40319 7746 2655 13.0
40320 5378 3396 18.0
40322 5392 2659 4.0
40323 5393 2713 12.0
40324 4707 2661 11.0
40325 7872 2664 53.0
40328 7873 2668 4.0
40329 7875 4045 30.0
40330 3528 2670 4.0
40331 7877 3972 35.0
40332 1971 3289 25.0
40333 5750 2676 5.0
40334 3372 2679 7.0
40335 3372 2679 7.0
40336 3393 2681 10.0
40337 7889 2683 27.0
40338 7889 2683 12.0
40339 7889 2683 8.0
40340 6621 2685 4.0
40341 2285 2755 66.0
40342 7893 9010 49.0
40343 2359 2695 11.0
40344 2359 2695 4.0
39762 6872 8352 22.0
40117 4468 8422 41.0
40345 6739 2699 10.0
40347 6496 7155 12.0
40348 5640 3094 7.0
40349 5794 2712 11.0
40350 5393 2713 6.0
40351 814 4727 15.0
40353 2793 6329 11.0
40354 2492 7263 25.0
40355 2494 2730 12.0
40356 5060 9235 25.0
40357 306 2739 88.0
40358 7909 2740 11.0
40359 1570 2747 7.0
40360 7910 5806 6.0
40362 2113 9248 11.0
40363 2285 2755 22.0
40364 2285 2755 6.0
40365 2285 2755 6.0
40366 9187 9168 9.0
40367 7843 5059 48.0
40368 6793 2761 6.0
40369 5784 2765 4.0
40370 6773 5042 17.0
40371 7949 8664 61.0
40372 7376 2777 5.0
40373 4375 2780 14.0
40374 7950 2783 13.0
40375 5949 2784 11.0
40376 3553 2790 21.0
40377 3553 2790 4.0
40378 2269 2792 4.0
40379 5688 2793 12.0
40361 7973 2872 36.0
40380 1107 2799 6.0
40381 1107 2799 5.0
40037 7007 6032 16.0
40383 7009 2812 18.0
40384 7699 2814 22.0
40385 322 2822 21.0
39143 1006 9170 9.0
40386 322 2822 4.0
40387 7955 6498 25.0
40388 7962 2824 13.0
40389 7962 2824 5.0
40390 7962 2824 26.0
40391 1649 2828 5.0
40393 2980 2832 14.0
40394 3531 2833 5.0
40395 7964 2835 5.0
40396 5013 4774 14.0
40397 5388 2838 5.0
40400 1707 2844 4.0
40401 5613 3204 26.0
40402 7968 2851 28.0
40403 3337 4019 13.0
40404 2194 5577 13.0
40405 7972 2869 8.0
40392 5806 2870 9.0
40406 7865 3230 21.0
40407 7154 3128 25.0
39880 1911 9768 16.0
40408 610 2881 4.0
40409 7981 5308 36.0
40410 7983 9891 6.0
40411 6556 8314 12.0
39996 7379 9551 14.0
40412 7988 8282 47.0
40413 4630 2897 4.0
40414 5782 7299 63.0
40415 4373 3008 38.0
40416 4630 2897 5.0
40417 4630 2897 6.0
40418 7047 2898 5.0
40419 7993 2899 4.0
40420 7901 4975 6.0
40421 7507 2912 4.0
40422 6412 2913 7.0
40423 7995 2914 4.0
40424 8426 7243 24.0
40426 417 2929 6.0
40427 417 2929 10.0
40428 417 2929 8.0
40429 681 4041 44.0
40430 417 2929 4.0
40431 4670 2932 11.0
40432 4670 2932 6.0
40433 817 4515 17.0
40434 8029 2938 4.0
40436 8033 6297 9.0
40437 1701 3833 25.0
40438 8035 2943 13.0
40439 8036 2944 87.0
40441 91 2945 4.0
40442 6740 9172 30.0
40443 7858 2949 4.0
40444 1237 2950 29.0
40445 818 2951 30.0
40446 8047 2958 8.0
40447 6557 2959 16.0
40448 8048 2966 14.0
40449 8048 2966 28.0
40450 6228 2972 4.0
40451 6787 2974 4.0
40452 8440 7057 21.0
40453 8064 3021 7.0
40454 8066 2989 7.0
40455 8067 2999 5.0
40456 4384 3000 6.0
40457 8069 3041 33.0
40458 7275 3306 38.0
40459 8079 3004 15.0
40462 8086 5691 22.0
40463 4373 3008 18.0
40464 4373 3008 5.0
40465 2074 3010 6.0
40466 8088 3016 4.0
40467 276 3017 7.0
40468 6403 3022 4.0
40469 6077 3023 9.0
40470 6077 3023 4.0
40471 8089 3025 53.0
40472 8089 3025 9.0
40473 4760 4821 10.0
40474 8093 3028 22.0
40475 8093 3028 7.0
40476 3309 4527 14.0
40478 3776 3032 9.0
40479 6038 3052 22.0
40480 8105 10073 13.0
40481 5908 4015 25.0
40482 3067 3038 9.0
40483 3067 3038 5.0
40484 3067 3038 11.0
40485 2300 3043 6.0
40488 3059 3047 6.0
40489 3059 3047 4.0
40490 8112 7085 46.0
40491 6038 3052 6.0
40492 3472 3066 4.0
40327 2112 3070 11.0
40493 8113 3077 5.0
40495 8115 3078 6.0
40496 8123 3569 26.0
40497 8128 3093 8.0
40498 8130 3097 4.0
40499 8130 3097 23.0
40500 4247 3102 12.0
40501 6500 8936 38.0
40502 4568 9842 13.0
40503 8136 4569 14.0
40504 8138 3113 13.0
40505 8140 3115 9.0
40506 8141 3116 12.0
40507 2114 3120 11.0
40508 8261 3392 16.0
40509 3509 3123 33.0
40510 7154 3128 31.0
40511 3513 3129 24.0
40512 7656 3135 9.0
40513 7656 3135 25.0
40514 5049 3932 17.0
40515 7656 3135 8.0
40516 7656 3135 5.0
40517 3354 3136 5.0
40518 7966 3137 8.0
40519 7966 3137 5.0
40520 7966 3137 19.0
40522 8153 3138 13.0
40523 8153 3138 4.0
40525 8160 3238 17.0
40526 2289 3143 4.0
40528 2769 3149 7.0
40529 2500 3155 9.0
40530 8163 3163 10.0
40531 6121 3165 6.0
40532 8166 3167 9.0
40533 9144 7138 14.0
40534 7931 5068 66.0
40535 7254 3175 5.0
40536 5238 7810 40.0
40537 8174 3177 5.0
40538 4633 7837 24.0
40524 8159 3408 13.0
40539 930 5935 11.0
40540 8182 3188 11.0
40527 4973 3194 4.0
40541 8184 3195 15.0
40542 5334 3201 4.0
40543 5728 3203 4.0
40544 5013 4774 20.0
40546 8191 3215 14.0
40547 8191 3215 18.0
40548 8192 5930 50.0
40549 1721 3217 8.0
40550 6995 3223 4.0
40551 6995 3223 9.0
40552 5494 3227 22.0
40553 5494 3227 4.0
40554 1652 3228 40.0
40555 8198 3519 45.0
40556 7865 3230 20.0
40557 1524 3239 4.0
40558 1524 3239 4.0
40559 4048 3814 38.0
40560 5111 3245 15.0
40561 1395 4644 24.0
40562 5111 3245 11.0
40563 6912 3251 13.0
40564 8211 3253 24.0
38804 8211 3253 5.0
40565 8212 3905 13.0
40566 2258 3259 21.0
40521 8151 3260 23.0
40567 8151 3260 13.0
40568 2227 3263 4.0
39221 8557 5400 14.0
40570 5342 3265 6.0
40571 6959 5850 44.0
40572 8104 3269 6.0
40399 7965 9701 28.0
40573 8253 3477 6.0
40574 2934 3271 4.0
40575 2164 3275 17.0
40576 8230 4687 6.0
40577 8231 3277 5.0
40579 2982 3282 11.0
40580 8237 3286 14.0
40581 8238 7169 28.0
40582 6998 3287 10.0
40583 418 3378 8.0
40585 8241 3290 16.0
40586 8241 3290 6.0
40589 8027 3294 4.0
40590 3885 3296 7.0
40591 3655 3648 37.0
40592 5326 3297 20.0
40593 1742 3299 4.0
40594 4664 3302 10.0
40595 4664 3302 6.0
40596 4664 3302 8.0
40597 4664 3302 6.0
40598 4664 3302 7.0
40599 4664 3302 7.0
40600 4664 3302 5.0
40601 4664 3302 6.0
40602 4664 3302 7.0
40603 2045 3305 4.0
40604 8248 4639 13.0
40606 8249 3307 10.0
40545 8652 4754 9.0
40607 4236 3310 5.0
40608 4735 3312 4.0
40609 1429 3313 15.0
40611 228 3322 16.0
40612 228 3322 13.0
40613 8251 8924 9.0
40614 8261 3392 15.0
40615 2830 3333 7.0
40616 8252 3339 14.0
40617 8208 3345 5.0
40618 7583 3347 8.0
40619 2165 3349 6.0
40346 4928 3353 15.0
40620 8254 3358 8.0
40621 8156 3363 4.0
40622 5177 3364 11.0
40623 8255 3371 20.0
40624 8256 3374 8.0
40625 8257 8891 15.0
40626 8258 3383 4.0
40627 8259 8604 9.0
40628 8260 3391 6.0
40629 8260 3391 15.0
40630 8260 3391 4.0
40631 8261 3392 51.0
40632 8261 3392 4.0
40633 8261 3392 11.0
40634 8261 3392 26.0
40635 3870 3420 20.0
40636 8264 4840 21.0
40637 995 6707 10.0
40638 8159 3408 16.0
40639 2002 3414 4.0
40640 8268 3415 13.0
40641 8268 3415 6.0
39881 318 4138 17.0
40642 5902 3418 13.0
40643 4259 3421 23.0
40644 2046 3425 4.0
40645 8269 3427 4.0
40646 8270 3432 5.0
40647 8271 3433 14.0
40648 3566 3439 12.0
40649 1128 4647 9.0
40650 7328 4073 10.0
40651 3437 8563 20.0
40652 4492 3444 14.0
40653 8274 4881 11.0
40654 4078 3619 7.0
40656 5772 3455 10.0
40657 8278 3460 4.0
40658 8279 3468 25.0
40659 8279 3468 44.0
40660 5908 4015 16.0
40661 3505 7637 18.0
40662 7704 3475 8.0
40663 4096 3476 31.0
40664 4361 3478 5.0
40665 8289 3611 7.0
40666 6218 3482 12.0
40667 6218 3482 7.0
40668 4333 6574 37.0
40494 8114 3485 12.0
40669 3749 3486 19.0
40670 6252 3493 8.0
40671 8305 3502 4.0
40672 8306 4237 14.0
40674 521 3513 5.0
40675 8310 8590 37.0
40676 8318 8390 42.0
40677 5013 4774 23.0
40678 8319 3518 8.0
40679 8319 3518 4.0
40680 8198 3519 17.0
40681 5774 3522 8.0
40292 3146 9532 32.0
40682 8034 3528 202.0
40683 8034 3528 29.0
40684 4662 3542 6.0
40685 2958 3550 7.0
40686 8320 3551 13.0
40687 8320 3551 10.0
40688 8324 3552 10.0
40689 8332 9799 23.0
40690 6352 3555 4.0
40691 6716 3873 7.0
40692 1865 3560 7.0
40693 7813 3562 5.0
40694 685 3564 16.0
40696 8340 3572 21.0
40697 8340 3572 8.0
40698 439 3576 36.0
40700 8342 3593 6.0
40701 2013 3594 6.0
40702 7651 4557 15.0
40704 8347 3607 7.0
40705 8347 3607 9.0
40706 4324 5323 51.0
40707 2743 4989 8.0
40699 4078 3619 13.0
40708 7710 9356 30.0
40709 1654 3633 6.0
40710 6256 3642 5.0
40711 8350 4278 6.0
40712 8351 3732 14.0
40713 1700 3647 15.0
40714 8352 3649 12.0
40715 686 3653 10.0
40716 4260 3654 4.0
40717 4260 3654 5.0
40718 687 3657 16.0
40719 8355 4259 19.0
40720 3656 3668 11.0
40721 688 3673 6.0
40722 1710 3674 7.0
40723 8359 9238 10.0
40726 8366 4513 26.0
40727 3394 3686 9.0
40728 6907 3687 10.0
40729 6907 3687 5.0
39420 2924 9639 8.0
39400 358 9630 15.0
40730 4547 3696 4.0
40695 1407 5301 14.0
40732 5408 3700 5.0
40733 992 3705 5.0
38709 3849 3710 5.0
40735 2497 3713 5.0
40736 4555 3718 6.0
40737 4672 4763 9.0
40738 4190 3730 5.0
40739 8372 6335 39.0
40740 6913 3736 8.0
40038 319 8074 30.0
40741 9351 7535 15.0
40742 3787 3748 5.0
40743 8157 3750 6.0
40745 1187 3751 5.0
40746 3382 3755 4.0
40747 3657 3756 12.0
40748 3072 8032 8.0
40749 1330 3761 6.0
40750 3261 3767 9.0
40751 3046 3772 4.0
38651 2942 3906 40.0
40754 8379 3778 4.0
40755 7341 4693 6.0
40756 5860 3780 6.0
40757 8290 3784 5.0
40758 4520 3786 12.0
40759 8380 3787 10.0
40760 7991 3792 7.0
40761 8383 3793 22.0
40762 8383 3793 9.0
40064 295 9971 11.0
40763 4207 3799 6.0
40764 4207 3799 7.0
40765 8887 5802 14.0
38728 4048 3814 14.0
40766 4493 3810 16.0
38649 4048 3814 21.0
40767 4048 3814 8.0
40768 8386 3815 23.0
40769 5522 3819 6.0
40771 8387 6234 12.0
40772 8120 3834 7.0
40773 3672 3845 9.0
40774 8389 3848 6.0
40775 6879 3855 11.0
40777 3218 3859 10.0
40778 8058 8445 114.0
40779 8507 3868 4.0
40780 4443 3872 11.0
40781 8508 3883 11.0
40782 8508 3883 4.0
40783 8509 3884 5.0
40784 2906 3886 8.0
40786 2036 3887 9.0
40787 8512 10006 19.0
40788 6741 3891 25.0
40789 8518 3895 5.0
40790 6504 4580 8.0
40791 8459 3900 7.0
40792 8459 3900 17.0
40793 7343 3901 12.0
40794 2692 3908 11.0
40795 175 3947 7.0
40796 2981 3915 5.0
40797 2085 3917 5.0
40798 1408 5156 17.0
40799 5442 3920 7.0
40800 8520 3921 7.0
40801 8521 3922 13.0
40802 8521 3922 59.0
40017 7385 5103 61.0
40265 7992 4323 15.0
40803 8522 9856 9.0
40804 5084 3936 12.0
40805 8525 3940 8.0
40806 8525 3940 9.0
40807 1519 3942 6.0
40808 1519 3942 5.0
40809 1519 3942 7.0
40810 1519 3942 4.0
40811 1519 3942 8.0
40812 1519 3942 10.0
40813 1519 3942 5.0
40814 8527 8828 68.0
40815 3373 6346 21.0
40816 2047 4637 15.0
40817 8531 3944 6.0
40818 7882 3945 25.0
40819 8535 4950 21.0
40820 8536 3951 11.0
40821 8536 3951 4.0
40822 3270 3952 5.0
40823 2868 3957 8.0
40824 8537 3959 17.0
40825 8460 3963 5.0
40826 1711 3965 7.0
40827 6353 3967 7.0
40828 8540 3970 13.0
40829 2038 3971 10.0
40830 7877 3972 4.0
40831 5050 3973 5.0
40832 1705 3974 10.0
40833 8543 3989 33.0
40834 8543 3989 16.0
40837 8552 3991 8.0
40838 738 6599 44.0
40839 7115 3992 16.0
40840 8562 3997 9.0
40841 2298 10054 42.0
40842 8567 4007 7.0
40843 5190 4008 9.0
40835 4695 7234 13.0
40844 5908 4015 17.0
40845 8568 4017 6.0
40846 3337 4019 13.0
40847 2175 4023 12.0
40848 2175 4023 8.0
40849 3439 7063 13.0
40850 7138 4034 15.0
40851 8571 4036 8.0
40852 8571 4036 6.0
40853 8572 4040 9.0
40855 3750 5830 17.0
40856 5191 4049 6.0
40857 8574 4050 4.0
40858 7509 4053 6.0
40859 690 4057 9.0
39519 8887 5802 9.0
40860 3751 4066 22.0
40861 4406 4071 10.0
40862 4497 4077 10.0
40863 8576 9310 7.0
40864 821 4083 5.0
40868 8581 6044 26.0
40869 8584 5025 7.0
40870 1518 4090 5.0
40871 5869 4093 4.0
40872 5869 4093 4.0
40873 6222 4094 6.0
40874 8585 4095 7.0
40875 8585 4095 7.0
40876 8586 4098 6.0
40877 7977 5907 10.0
40878 5007 4101 4.0
40879 7120 4104 7.0
40880 8587 7762 10.0
40487 8107 10118 12.0
40881 8557 5400 12.0
40882 3254 4111 4.0
40884 4209 4193 39.0
40885 5999 4118 20.0
40886 6846 4131 4.0
40887 1121 4134 6.0
40888 2109 6204 19.0
40889 4459 4140 7.0
40890 1424 4145 17.0
40891 8596 4154 17.0
40892 8597 10063 25.0
40731 8370 5291 29.0
40893 7522 5667 20.0
40894 8600 4167 13.0
40895 6814 4170 5.0
40896 8601 4171 5.0
40897 6843 4179 15.0
40898 6843 4179 4.0
40899 2869 4239 13.0
40752 8378 9937 14.0
40902 8604 4199 11.0
40903 8604 4199 7.0
40904 8607 4200 8.0
40905 8309 4202 6.0
40906 8608 4227 10.0
40907 2824 5755 21.0
40908 8605 4220 7.0
40909 8613 4228 4.0
40911 3913 6725 17.0
40912 3497 4244 4.0
40913 8617 4246 7.0
40915 4498 4250 4.0
39545 3381 9198 11.0
40916 8618 4267 11.0
40917 8618 4267 10.0
40918 8620 4413 13.0
38707 8144 4275 9.0
40919 3483 4277 11.0
40920 8621 4843 6.0
40922 6429 4282 17.0
40923 6429 4282 10.0
40924 3618 9596 43.0
40925 1915 5754 11.0
40926 8624 4287 7.0
40928 8627 4294 16.0
40435 4489 10035 21.0
40929 8628 4300 6.0
40930 5614 4309 7.0
38708 1572 9451 9.0
40931 4037 4305 14.0
40932 5462 4310 12.0
40933 6243 4312 17.0
40934 8631 4316 10.0
40935 8632 4318 4.0
40936 8632 4318 10.0
40939 8635 4321 6.0
40940 1541 4329 5.0
40942 1496 4343 41.0
40943 8639 4344 14.0
40944 8639 4344 6.0
40945 4594 9544 8.0
40946 8641 4362 10.0
40947 8642 4368 21.0
40948 8642 4368 7.0
40949 7026 4372 10.0
40950 1839 4375 29.0
40951 8606 4378 4.0
40952 901 4380 4.0
40953 8644 4872 11.0
40954 6277 4383 6.0
40955 8650 7405 95.0
40956 3440 4395 4.0
40957 8645 7256 16.0
40958 5134 4400 9.0
40959 6560 4404 4.0
40960 8651 4406 9.0
39444 732 9801 33.0
40961 7011 4562 9.0
40962 8655 4412 6.0
40963 4501 4414 6.0
40964 1475 4416 9.0
40965 8656 8064 25.0
40966 8661 4420 5.0
40900 4162 9703 16.0
40968 7248 4425 19.0
40970 8663 4427 6.0
40971 8663 4427 4.0
40972 7225 4436 4.0
40973 5524 4439 26.0
40974 7883 4447 4.0
40975 1161 4454 18.0
40976 2744 4457 14.0
40977 8670 9008 9.0
39745 4471 5941 28.0
40978 2130 4556 8.0
40979 8671 4470 5.0
40980 7281 4472 5.0
40981 8672 4475 11.0
40982 6743 4488 7.0
40983 8673 4493 4.0
40984 327 4494 11.0
40985 1690 4503 10.0
40986 1690 4503 11.0
40987 1690 4503 10.0
40989 8675 4504 20.0
40990 1840 4508 13.0
40991 9325 7379 9.0
40992 1155 4521 5.0
40993 8679 4523 9.0
40994 8679 4523 6.0
40995 936 5947 13.0
40996 8685 4533 14.0
40997 8685 4533 5.0
40998 4186 4540 4.0
40999 2935 4545 5.0
41000 3047 4553 7.0
41001 7651 4557 4.0
41002 7651 4557 7.0
41003 7651 4557 4.0
41004 5484 4559 33.0
41005 862 4560 8.0
41006 6179 4561 11.0
41007 8686 4563 15.0
41008 5052 4564 13.0
40460 8084 9954 17.0
41009 8136 4569 39.0
41010 2607 4570 10.0
41013 8700 9154 20.0
41014 3167 4575 18.0
41015 8703 4583 13.0
41016 6016 4584 4.0
41018 7481 4596 23.0
41019 7481 4596 8.0
41020 7481 4596 5.0
41021 8524 4597 9.0
41022 6060 4601 4.0
41023 2903 4604 10.0
41024 8705 4605 24.0
41026 3989 4615 6.0
41027 769 7071 11.0
41012 4089 4621 6.0
41028 4089 4621 15.0
41029 8706 4624 9.0
41030 8706 4624 5.0
41031 619 4629 5.0
41032 8707 4631 6.0
41034 7652 4634 6.0
41035 8248 4639 4.0
41036 8709 4641 6.0
41037 8674 4642 6.0
41038 8710 4657 9.0
41039 7857 4659 5.0
41040 1720 4666 6.0
41041 5485 4667 11.0
41042 8711 4675 10.0
41043 4998 4680 35.0
41044 8677 4683 6.0
41045 1148 5487 12.0
41046 6505 4695 10.0
41047 2804 4696 4.0
41048 8713 4701 10.0
41049 3498 4705 4.0
41050 4481 4712 4.0
41051 4418 4714 7.0
41052 7319 4720 5.0
41053 2510 6344 14.0
41054 8714 7015 24.0
41055 8717 4734 9.0
41056 8717 4734 12.0
41057 6815 4737 4.0
41058 8678 4739 4.0
41059 8718 5737 10.0
41060 7439 4753 20.0
41061 7439 4753 4.0
41062 7439 4753 4.0
41063 4404 4758 9.0
41064 1841 4760 24.0
41065 4672 4763 39.0
41066 4672 4763 6.0
41067 6792 4769 7.0
40724 6502 7337 6.0
41068 8722 4771 10.0
41069 5013 4774 18.0
41070 5013 4774 15.0
41071 5013 4774 8.0
41072 5013 4774 10.0
41073 2575 5145 8.0
41074 5013 4774 4.0
41075 5013 4774 10.0
41076 5013 4774 4.0
41077 5013 4774 4.0
41078 5013 4774 17.0
41079 5013 4774 6.0
41080 5013 4774 4.0
41081 9449 8081 19.0
41082 5013 4774 6.0
41083 7723 4777 13.0
41084 8726 4781 19.0
41085 6506 4782 8.0
41086 8729 9019 8.0
41087 7736 4812 17.0
41088 5024 4814 8.0
41089 3752 9970 14.0
41090 7418 4820 8.0
41091 7523 4822 21.0
40725 2503 4825 4.0
41092 491 4831 9.0
41094 4262 4837 4.0
41096 2879 5092 14.0
41097 8730 5548 17.0
41098 8733 7589 16.0
41099 8734 6656 9.0
41100 2022 4869 8.0
41101 419 4870 7.0
41102 6371 4871 12.0
41103 8737 6479 8.0
41104 8738 4887 8.0
40776 1244 9569 20.0
40294 5685 10039 27.0
41105 8740 5421 7.0
41106 8742 4896 20.0
41107 8742 4896 12.0
41108 695 7462 7.0
41109 738 6599 55.0
41110 8746 4903 4.0
41111 8746 4903 4.0
41112 8696 4905 4.0
41113 4140 4913 13.0
41114 4140 4913 7.0
41115 4140 4913 4.0
41116 8747 4914 8.0
41117 8748 4921 6.0
41118 8749 4931 12.0
41119 4397 4939 6.0
41120 3383 10075 16.0
41121 4319 9050 13.0
41122 8757 4946 4.0
41123 8758 5113 35.0
41124 2382 5717 16.0
40352 7903 4959 12.0
41125 2608 4961 11.0
41126 6275 4964 4.0
41127 4505 5101 10.0
41128 2752 4971 27.0
41129 8761 4976 5.0
41130 4199 4978 9.0
41131 8762 4996 43.0
41132 8764 4988 7.0
41133 3384 4992 10.0
41134 8762 4996 34.0
41135 8762 4996 16.0
41136 8765 4999 14.0
41137 8765 4999 4.0
41138 6017 5002 11.0
41139 6017 5002 5.0
41140 7834 6411 16.0
41141 4105 5010 5.0
41142 8464 5014 8.0
41143 4923 5016 4.0
41144 6299 5017 7.0
41145 3018 5019 10.0
41146 7731 5022 8.0
41147 7731 5022 5.0
41148 8465 5026 4.0
41149 5053 5029 5.0
41150 8767 5030 16.0
39547 6305 9633 10.0
41151 6012 5047 6.0
41154 2208 5053 7.0
41155 8768 5056 4.0
41158 4222 5057 18.0
41159 4222 5057 6.0
41160 4222 5057 14.0
41161 5859 5058 4.0
41162 5194 5060 11.0
41163 792 5066 6.0
41164 7644 5070 7.0
41165 2015 5072 8.0
41166 2015 5072 4.0
41167 8772 5074 4.0
41168 8774 7965 8.0
41169 8775 5079 5.0
41170 8776 5084 12.0
41171 8887 5802 27.0
41174 7385 5103 8.0
41175 5486 5104 8.0
41177 7951 5108 4.0
41178 7951 5108 5.0
41179 8791 5110 7.0
41180 8662 5124 6.0
41181 8662 5124 10.0
41182 7068 8886 17.0
40937 4500 7899 21.0
41184 8793 5188 30.0
41185 8799 5136 10.0
41186 402 5137 6.0
41187 6825 5140 6.0
41188 6825 5140 12.0
41189 5195 5142 6.0
41190 8800 5148 6.0
41191 8801 5151 4.0
41192 8802 5157 4.0
41193 2805 5167 4.0
41194 4595 5176 10.0
41195 4863 5177 12.0
41196 2228 5182 4.0
41197 2228 5182 5.0
41172 8778 5462 28.0
41173 8779 5201 18.0
41199 9135 7196 63.0
41200 5786 5204 9.0
41202 8822 8056 22.0
41203 4557 5209 15.0
41204 6154 8681 15.0
41205 8826 6141 16.0
41207 8081 5213 5.0
41208 4948 6488 6.0
41209 8466 5920 15.0
41210 5983 5221 5.0
41211 2870 5222 6.0
41212 4094 9387 16.0
41213 8835 5368 5.0
41215 8836 5238 7.0
41216 8838 6614 31.0
41217 8839 5251 10.0
41218 1809 5253 6.0
41219 8847 6985 31.0
41220 8702 5258 5.0
41221 8848 7536 7.0
41223 8715 8288 14.0
41224 2293 5273 12.0
41225 8852 5761 26.0
41226 8854 5275 16.0
41227 6563 5277 8.0
41228 2936 5278 12.0
41229 4755 5285 25.0
41230 6355 5286 7.0
41231 8856 5287 14.0
40587 9232 7487 14.0
41232 4327 5292 5.0
41233 8858 5294 12.0
41234 4377 6926 9.0
41235 8468 5305 6.0
41236 7981 5308 11.0
41237 7663 6385 13.0
41238 8859 5316 12.0
41239 8869 8501 13.0
41240 5085 5317 4.0
41241 6177 5318 8.0
41243 8872 5325 9.0
41244 8872 5325 4.0
41245 7135 5327 14.0
41246 7135 5327 4.0
41247 5926 9271 16.0
41248 8875 5329 12.0
41249 7684 5333 4.0
41250 6529 5334 18.0
40770 6308 6912 19.0
41198 8810 7849 22.0
41222 8850 5356 4.0
41251 8876 5359 6.0
41253 8884 8027 18.0
41254 8885 5366 4.0
41255 6558 5367 7.0
41258 2937 5374 4.0
41259 7866 5376 4.0
41260 7452 5379 5.0
41261 8886 5380 9.0
41262 620 5391 5.0
41264 8888 5394 17.0
41266 8890 5404 20.0
41267 8891 5477 6.0
41176 8790 9505 11.0
41268 3095 5408 4.0
41269 6674 5414 11.0
41270 5056 5423 5.0
41271 8892 5425 5.0
41274 8344 5437 6.0
40610 684 9591 7.0
41275 8894 6009 18.0
41276 8896 5448 14.0
41279 8032 5464 4.0
41280 1238 5468 26.0
41281 6895 5469 7.0
41282 8897 9033 6.0
41283 5471 5504 10.0
41284 4299 5505 5.0
41285 4299 5505 10.0
41287 8898 5513 12.0
41288 8898 5513 12.0
41289 8899 5521 13.0
41290 8900 5522 9.0
41291 8902 8693 18.0
41292 4159 5529 4.0
41293 4159 5529 4.0
41294 2229 5540 13.0
41295 8720 5544 6.0
41296 2670 7010 8.0
41297 4684 5552 5.0
41298 8903 5556 18.0
41300 8904 5559 15.0
40836 8548 9388 7.0
41301 5121 5571 5.0
41302 5121 5571 20.0
41303 6379 5572 5.0
41304 7686 5573 8.0
41305 5057 5576 4.0
41306 2194 5577 7.0
41307 8905 5583 6.0
41308 8905 5583 5.0
41309 5058 5584 8.0
41310 8906 5616 23.0
41311 5113 5590 4.0
41312 8908 5591 4.0
41313 8908 5591 6.0
41314 8909 5601 12.0
41315 8910 5602 8.0
41316 4867 7539 5.0
41317 8911 5613 7.0
41318 8906 5616 7.0
41319 8912 5617 4.0
41320 8912 5617 6.0
41321 8913 5624 10.0
41322 8914 5628 20.0
41323 8914 5628 5.0
41324 2828 7787 20.0
41325 8931 5978 20.0
41326 8934 5645 5.0
41327 8874 5647 4.0
41328 8935 5648 9.0
41329 2871 5654 6.0
41330 7005 5655 30.0
41331 8936 5656 5.0
41332 8936 5656 9.0
41334 8937 5661 15.0
41335 8937 5661 6.0
41336 2294 5663 8.0
41337 3906 5665 17.0
41338 7522 5667 5.0
41339 8938 5669 4.0
41340 8939 5950 11.0
41341 5820 5681 6.0
41342 8940 5689 6.0
41343 8426 7243 11.0
41344 6696 5695 16.0
41345 8942 5700 4.0
41346 8943 5701 17.0
41347 8944 5714 11.0
41348 1464 5715 10.0
41349 3297 5716 4.0
41350 2382 5717 7.0
41351 2382 5717 13.0
41352 8201 5718 6.0
41353 1129 5724 7.0
41354 8945 5726 6.0
41355 8945 5726 4.0
41356 2118 5730 5.0
41357 4330 5795 5.0
41358 8950 5744 4.0
41360 5452 5747 8.0
41361 9232 7487 21.0
41362 8951 6444 12.0
41364 3169 5760 4.0
41366 8955 6024 9.0
41367 5863 5762 4.0
41368 632 5765 14.0
41370 8957 5774 5.0
41371 8958 5778 15.0
41372 8658 7682 9.0
41373 2956 7052 15.0
41374 8832 5788 5.0
41376 4507 5792 5.0
41377 7687 5793 12.0
41379 3072 8032 40.0
41380 2312 5913 5.0
41381 3060 5800 4.0
41382 6357 5801 6.0
41383 8964 5809 5.0
41384 8965 5811 7.0
41385 8966 5815 4.0
41386 8109 5816 13.0
41387 6237 5823 7.0
41388 7263 5895 9.0
41389 1114 5828 14.0
41390 3750 5830 5.0
41391 633 5836 8.0
41392 8967 5839 7.0
41393 6564 5840 8.0
41395 8968 5848 7.0
41396 6959 5850 8.0
41299 6926 5851 4.0
41397 8969 5852 7.0
41398 1456 5857 18.0
41399 6940 5859 9.0
41400 8970 5862 11.0
41401 8971 5865 6.0
41402 8972 5866 7.0
41403 8973 7048 32.0
41404 4391 5869 7.0
41405 8974 5871 13.0
41406 8974 5871 5.0
41407 8470 6807 29.0
41408 8471 5874 10.0
41409 8472 8827 16.0
41410 5488 5880 5.0
41411 9003 6265 12.0
41413 3991 5888 5.0
41414 8976 5892 4.0
41415 8976 5892 10.0
41416 7263 5895 10.0
41417 5338 5898 11.0
41418 1816 5900 15.0
41419 8977 5901 6.0
41420 8977 5901 7.0
41421 8559 5904 8.0
41422 8980 7227 15.0
41423 7420 6026 18.0
41424 4549 5908 6.0
41359 8396 5910 9.0
41425 8984 9824 24.0
41428 2088 5923 8.0
41430 4509 5925 12.0
41431 8987 9433 35.0
41432 6635 5929 5.0
41433 8993 6636 6.0
41435 7989 5940 6.0
41436 6358 5943 7.0
41252 8880 9779 19.0
41438 8996 5953 10.0
41439 8997 9649 11.0
41440 7023 5955 23.0
41441 8998 5958 29.0
41443 2370 5961 8.0
41444 9000 5964 19.0
41445 9000 5964 13.0
41446 6869 5966 6.0
41447 9002 6086 14.0
41448 9004 5975 22.0
41449 9007 5980 4.0
41450 9008 5985 4.0
41451 624 8367 11.0
41452 9009 5989 6.0
41453 691 5993 8.0
41454 4546 6001 7.0
41455 4546 6001 5.0
41456 5403 6004 8.0
41457 9011 6006 4.0
41458 9011 6006 11.0
41461 5047 7126 5.0
41157 8770 6019 8.0
41462 9014 6020 7.0
41463 7142 6022 7.0
41464 6565 7795 23.0
41465 9016 6034 4.0
41466 845 6040 12.0
41467 1315 6043 7.0
41468 9017 6049 10.0
41469 4069 9062 8.0
41470 6915 6053 7.0
40578 8232 8011 11.0
41472 8475 6059 5.0
41474 8523 6061 4.0
41475 9021 6063 5.0
41476 7478 6076 8.0
41471 9020 8065 20.0
41478 8476 6082 20.0
41479 9024 10102 18.0
41480 9025 6083 4.0
41483 9028 6091 10.0
41484 9029 6093 18.0
41485 117 6094 10.0
41486 401 6103 4.0
41487 4376 6106 4.0
41488 9030 6108 24.0
41490 8303 6109 10.0
41491 9286 7154 37.0
41492 9035 6111 9.0
41493 9036 6112 8.0
41494 9037 6494 9.0
41477 7845 7253 9.0
41495 9040 6116 14.0
41496 8298 7285 17.0
41497 4974 6119 6.0
41501 9045 6125 28.0
41504 4905 6134 7.0
41505 9046 6137 8.0
41506 9051 8384 29.0
41498 1661 6436 20.0
41507 6359 6152 13.0
41508 9054 6153 10.0
41509 9056 8354 6.0
41510 8478 6159 5.0
41511 9057 6172 5.0
41512 8479 6176 8.0
41513 2313 6179 7.0
41514 9059 6180 14.0
41515 9060 6189 8.0
41516 9062 6191 14.0
41517 9062 6191 11.0
41518 6585 6196 10.0
41519 9063 6197 5.0
41520 9065 6198 6.0
41442 8999 9374 10.0
41521 774 6211 4.0
41522 2514 6213 8.0
41523 4170 6214 9.0
41524 7002 6215 4.0
41525 9068 6216 7.0
41526 8031 6220 5.0
41527 7946 6222 7.0
41528 7196 6223 32.0
41529 8932 6226 5.0
41530 1364 6232 4.0
41531 1364 6232 14.0
41533 4157 6245 4.0
41534 9069 6247 7.0
41535 2341 6514 9.0
41536 9070 6253 5.0
41537 9070 6253 6.0
41539 9080 8569 27.0
41540 9003 6265 10.0
41541 5324 6272 5.0
41542 7143 6273 7.0
41543 9081 6275 5.0
41544 9086 8789 23.0
41545 4467 6280 11.0
41546 2295 6285 9.0
41547 9257 6972 36.0
41549 5569 6295 4.0
41550 9093 6298 12.0
41552 9106 6300 9.0
41553 3441 6301 5.0
41554 9108 6302 5.0
41482 9026 10078 26.0
41556 8923 6305 4.0
41557 5577 6306 8.0
41558 5531 6309 10.0
41559 9110 9926 72.0
41561 9114 6314 6.0
41562 2516 8800 13.0
41563 8334 6316 11.0
41564 9117 6317 6.0
41565 8952 6320 6.0
41566 8506 9040 10.0
41551 9098 9074 27.0
41567 7520 6326 8.0
41568 2019 6328 4.0
41569 9119 6332 6.0
41570 9119 6332 7.0
41571 8372 6335 29.0
41572 2510 6344 11.0
41573 4319 9050 13.0
41574 463 6345 8.0
41575 9120 6354 22.0
41576 9120 6354 49.0
41577 7409 8878 7.0
41578 9125 6358 13.0
41579 9125 6358 4.0
41580 8481 6363 5.0
41581 3522 6365 4.0
41460 8473 9837 35.0
41582 4763 6371 4.0
41583 9126 6893 41.0
41560 2018 6395 15.0
41584 1662 6398 5.0
41585 8831 6402 7.0
41586 9128 6403 6.0
41587 9129 7344 12.0
41588 624 8367 62.0
41589 3753 6535 23.0
41590 9138 6405 5.0
41591 9139 7708 24.0
41592 9142 6520 13.0
41156 7205 9437 14.0
41593 693 6422 14.0
41594 693 6422 4.0
41595 4935 6429 19.0
41596 7542 6432 10.0
41597 8983 6434 6.0
41598 9143 6435 10.0
41599 9153 7872 32.0
41600 8933 6443 5.0
41601 4980 6447 8.0
41602 7624 6452 5.0
41603 9188 6625 47.0
41604 9172 6486 12.0
41605 9174 6457 4.0
41606 9175 6468 6.0
41609 4948 6488 5.0
41610 4948 6488 5.0
41611 9177 6489 9.0
41612 9177 6489 4.0
41613 2831 6706 12.0
41614 9170 6497 4.0
41615 7347 6503 22.0
41617 8484 6526 11.0
41618 7635 6527 5.0
41619 6965 9820 13.0
41620 8948 6534 4.0
41621 8948 6534 6.0
41622 8549 6537 5.0
41623 8014 6549 8.0
41624 8452 6552 4.0
41625 9161 6553 12.0
41626 738 6599 12.0
41627 8485 6561 5.0
41628 9171 6563 4.0
41629 9179 6565 45.0
41631 4333 6574 7.0
41632 9180 6575 17.0
41633 3072 8032 17.0
41634 9183 6870 18.0
41635 9184 8578 10.0
41636 6675 6578 5.0
41637 3557 6592 9.0
41638 9185 6594 6.0
41639 9185 6594 9.0
41640 9186 6595 5.0
41641 738 6599 10.0
41642 738 6599 4.0
41643 738 6599 23.0
41644 738 6599 5.0
41645 738 6599 8.0
41646 9187 9168 5.0
41647 7348 6603 5.0
41333 4476 9339 52.0
41648 8486 6607 5.0
41649 8095 6617 7.0
41650 9188 6625 8.0
41651 9188 6625 12.0
41658 5898 6632 6.0
41659 9189 6635 8.0
41660 9190 6637 8.0
41661 3399 6642 7.0
41662 7948 6647 7.0
41663 6513 6650 13.0
41664 8994 6651 8.0
41665 5409 6660 4.0
41666 9191 6661 34.0
41667 9193 6665 4.0
41668 9194 6667 4.0
41669 9194 6667 4.0
41670 1249 6668 5.0
41671 6291 6669 4.0
41672 822 6929 7.0
41673 4673 8653 10.0
41674 9173 6688 5.0
41675 9195 6715 7.0
41532 8551 6690 12.0
41676 6747 8050 9.0
41677 8487 6697 7.0
41678 9152 6698 7.0
41679 636 6704 5.0
41680 636 6704 5.0
41681 8058 8445 68.0
41683 5930 6711 10.0
41684 4765 6713 4.0
41685 9206 6952 11.0
41686 9199 6714 8.0
41687 1620 6716 4.0
41688 1168 6719 5.0
41689 3117 6722 9.0
41690 7367 6747 15.0
41691 9201 6730 7.0
41692 7349 6744 19.0
41693 9206 6952 11.0
41694 9207 6738 8.0
41695 9207 6738 8.0
41696 236 6740 9.0
41697 236 6740 5.0
41698 236 6740 4.0
41699 5038 6742 4.0
41700 9208 7338 15.0
41701 3499 6757 11.0
41702 3499 6757 6.0
41703 3430 6766 5.0
41704 9209 6768 9.0
41705 9210 6780 5.0
41706 9210 6780 5.0
41707 9211 6781 12.0
41708 2806 6782 5.0
41709 3872 6788 7.0
41710 9212 6789 6.0
41682 7990 9287 13.0
41714 5055 6802 6.0
41715 9216 7340 6.0
41716 9218 6806 6.0
41717 9221 6808 4.0
41718 9221 6808 11.0
41720 7784 6810 7.0
41721 1663 6811 5.0
41722 328 6821 4.0
41723 718 6822 6.0
41724 9224 6823 8.0
41725 9225 6837 17.0
41726 3535 6838 6.0
41727 9232 7487 26.0
41728 8483 6846 4.0
41729 3157 6848 5.0
41730 7631 6888 7.0
41731 9241 6853 9.0
41732 9242 6861 5.0
41733 6870 6862 4.0
41734 1169 6863 12.0
41735 6142 6866 9.0
41736 6393 7474 13.0
41737 9243 6874 8.0
41738 9243 6874 4.0
41739 9244 6879 5.0
41740 2955 6880 16.0
41741 5341 6882 7.0
41743 6143 6889 6.0
41744 9126 6893 5.0
41745 9126 6893 4.0
41746 7482 6895 10.0
41747 9247 6897 14.0
41748 3722 6967 19.0
41749 9250 6905 7.0
41750 6308 6912 10.0
41751 3072 8032 105.0
41752 6308 6912 5.0
41753 2330 6916 10.0
41755 4907 6919 8.0
41756 9251 6924 5.0
41757 823 6925 13.0
41758 9252 6927 24.0
41760 761 6931 7.0
41761 8189 6935 7.0
41762 4285 6942 4.0
41763 329 6943 5.0
41764 9253 6946 8.0
41765 9219 6948 5.0
41766 4513 7874 10.0
41767 3388 6951 6.0
41768 7081 6960 14.0
41769 4908 6963 8.0
41770 9254 6966 5.0
41771 6406 8897 10.0
41772 4515 6968 7.0
41773 9257 6972 6.0
41774 2202 6974 13.0
41775 7960 6978 7.0
41776 8694 7162 14.0
41777 9010 6988 5.0
41778 9259 6991 7.0
41779 6292 7207 6.0
41780 2698 8539 9.0
41781 9261 6995 6.0
41782 9261 6995 4.0
41783 7785 7003 5.0
41784 6044 7004 8.0
41785 9263 7008 6.0
41786 5490 7009 11.0
41787 9264 7663 16.0
41789 9266 7023 11.0
41790 194 8014 60.0
41791 8322 7028 12.0
41792 2518 7029 9.0
41793 2518 7029 5.0
41794 5570 7031 4.0
41489 9027 9575 6.0
41795 938 7039 10.0
41796 2232 7040 4.0
41797 8973 7048 5.0
41798 9268 7089 10.0
41800 6323 8178 10.0
41801 9271 7053 4.0
41802 8561 7059 7.0
41805 9272 7061 4.0
41806 9273 7067 5.0
41807 5571 7068 7.0
41809 3536 7075 5.0
41810 9323 7828 13.0
41788 9265 7081 11.0
41811 8949 7088 4.0
41812 330 7092 5.0
41813 9274 7109 10.0
41814 9275 7119 11.0
41815 4379 7120 5.0
41816 3572 7122 6.0
41817 9278 7124 6.0
41818 9279 7128 15.0
41819 9280 7136 9.0
41820 9282 7142 8.0
41821 9282 7142 5.0
41822 9283 7144 6.0
41823 9284 7145 11.0
41824 8883 7147 11.0
41825 9285 7150 7.0
41826 9286 7154 15.0
41827 1770 7156 5.0
41828 9287 7157 7.0
41829 7860 7160 6.0
41830 9237 7161 24.0
41831 8694 7162 8.0
41832 8694 7162 24.0
41833 9289 7709 8.0
41499 9044 7172 9.0
41834 8490 7179 4.0
41836 9192 7182 5.0
41837 9376 7722 5.0
41838 2807 7184 5.0
41839 9292 7185 8.0
41840 5248 7188 6.0
41841 8975 7189 6.0
41842 8975 7189 4.0
41843 8659 7197 6.0
41844 8864 7200 10.0
41845 1666 7742 12.0
41846 6871 7203 12.0
41847 6292 7207 12.0
41848 9293 7214 6.0
41849 8716 7222 6.0
41850 9294 7231 10.0
41851 9295 7232 4.0
41852 9296 7326 12.0
41835 6965 9820 11.0
41853 9299 10111 11.0
41854 9298 7237 11.0
41855 9300 7238 7.0
41856 3271 7239 8.0
41857 6312 7240 9.0
41858 8426 7243 23.0
41859 8426 7243 29.0
41860 8058 8445 12.0
41861 8426 7243 13.0
41862 8426 7243 8.0
41863 8426 7243 5.0
41864 8426 7243 9.0
41865 8426 7243 4.0
41866 8426 7243 4.0
41867 8491 7313 22.0
41868 9158 7293 8.0
41869 9301 7249 5.0
41870 7144 7252 4.0
41871 8326 7254 18.0
41872 8326 7254 5.0
41873 9248 7255 7.0
41875 8979 7267 4.0
41876 6188 7269 5.0
41877 5198 7276 8.0
41878 5932 7282 6.0
41879 694 7283 10.0
41880 7132 7729 12.0
41881 7557 8254 19.0
41882 9308 8510 11.0
41883 3500 7297 7.0
41884 8493 7353 17.0
41885 9310 7314 5.0
41886 7053 7317 4.0
41887 9311 7319 7.0
41888 9312 7322 8.0
41889 9238 7324 24.0
41890 7069 8596 27.0
41891 9318 7332 46.0
41892 7649 7333 4.0
41893 9321 7345 14.0
41894 4958 7438 12.0
41895 9323 7828 28.0
41896 9324 7370 8.0
41897 8236 7377 6.0
41898 9325 7379 12.0
41899 9325 7379 20.0
41900 9325 7379 8.0
41901 9330 7387 12.0
41902 317 7389 13.0
41903 317 7389 8.0
41904 317 7389 5.0
41905 8494 7391 5.0
41906 9331 7395 6.0
41907 741 7403 5.0
41803 8650 7405 57.0
41908 9332 7409 7.0
41909 9333 7412 10.0
41910 9338 7416 7.0
41911 9338 7416 6.0
41912 8495 7420 13.0
41913 4766 7428 5.0
41914 4335 7432 8.0
41915 2672 9720 10.0
41916 456 7436 17.0
41917 9339 7437 4.0
41918 7689 7443 10.0
41921 2404 7478 7.0
41922 9340 7451 5.0
41923 8496 7452 12.0
41924 7057 7458 4.0
41925 7690 7460 15.0
41926 695 7462 14.0
41927 695 7462 5.0
41928 4462 7464 6.0
41929 9342 7465 10.0
41930 8346 7518 7.0
41931 7797 7469 21.0
41932 9343 7472 19.0
41933 2520 7473 8.0
41934 9344 7477 22.0
41935 2404 7478 4.0
41936 2404 7478 6.0
41937 3723 7480 4.0
41938 6636 7485 8.0
41939 9232 7487 78.0
41940 6043 7491 4.0
41941 4616 7496 5.0
41942 1345 7498 4.0
41943 9345 7505 7.0
41944 9346 7507 9.0
41945 9118 7510 10.0
41946 9347 7511 11.0
41947 3386 7512 9.0
41948 6128 7514 10.0
41949 9348 7517 6.0
41950 9349 9098 27.0
40703 8345 9945 8.0
41951 8497 7526 6.0
41952 6011 7529 5.0
41953 6129 7531 6.0
41954 9351 7535 13.0
41955 4867 7539 8.0
41956 9352 7543 15.0
41957 9352 7543 7.0
41958 6407 7555 6.0
41959 6407 7555 41.0
41960 6408 7557 5.0
41961 6408 7557 4.0
41962 6515 7563 12.0
41963 7182 7565 4.0
41964 9353 7566 7.0
41965 2521 7570 8.0
41966 5909 7581 4.0
41967 4656 7585 6.0
41968 621 7588 6.0
41804 2203 9901 7.0
41969 9053 7601 12.0
41970 7824 7606 4.0
41971 9354 7610 10.0
41972 9355 7619 8.0
41973 1346 7622 6.0
41975 9361 7856 30.0
41976 7469 7630 4.0
41977 8179 7632 5.0
41978 6066 7635 4.0
41981 8046 7646 4.0
41982 9309 7649 8.0
41983 6082 7656 4.0
41984 1667 7659 18.0
41986 2473 7666 8.0
41987 9377 7667 11.0
41988 9378 7670 7.0
41989 9281 7673 7.0
41990 9379 7685 8.0
41991 7691 7697 5.0
41992 9380 7706 12.0
41993 9381 7710 10.0
41994 9382 7715 10.0
41995 4996 7716 9.0
41996 4996 7716 10.0
41980 8499 7764 28.0
41999 9384 7723 24.0
42000 9384 7723 31.0
42001 9384 7723 4.0
42002 9385 7727 10.0
42003 9383 7731 6.0
42005 7961 7736 4.0
42006 6680 7738 19.0
42007 9018 7746 7.0
42008 7354 7747 18.0
41378 6828 8095 34.0
41713 9214 9908 10.0
42009 8295 7759 5.0
42010 9205 7763 6.0
42011 8499 7764 7.0
42012 8499 7764 4.0
42013 9386 7769 4.0
42014 9337 7774 5.0
42016 9388 7779 6.0
42017 9388 7779 4.0
42018 9389 7780 11.0
42019 5221 7782 10.0
42020 9390 7786 9.0
42022 9319 7791 4.0
42023 5274 7792 6.0
42024 9391 7798 4.0
42025 4691 7800 16.0
42026 9392 7801 6.0
42027 8660 7806 12.0
42028 9394 8907 6.0
42029 9408 8191 10.0
42030 4912 7814 13.0
42031 7657 7819 6.0
42032 9323 7828 6.0
42033 9395 7836 10.0
42034 9396 7838 14.0
42035 9397 7843 4.0
42036 8816 7845 8.0
42037 9361 7856 11.0
42040 9399 7868 8.0
42041 9401 8418 9.0
42042 9402 7875 27.0
42043 9403 7878 9.0
42044 9405 7911 25.0
42045 9409 7880 5.0
42046 9410 7885 19.0
42047 4458 7887 17.0
42048 9413 7893 9.0
42050 9414 7897 17.0
42051 9367 7901 6.0
42052 9417 8200 45.0
42053 5309 7921 7.0
42054 9121 8233 5.0
42055 9418 7924 4.0
42056 7162 7926 6.0
42057 9419 7927 27.0
42058 4639 7928 6.0
42059 902 7931 10.0
42060 9420 7947 6.0
42061 9421 7950 5.0
42062 9422 7952 7.0
42063 9422 7952 8.0
42064 4183 7954 4.0
42065 9423 7963 7.0
42066 9424 7967 6.0
42067 9424 7967 5.0
42068 7611 8359 8.0
42069 4336 7974 17.0
42070 9425 9081 22.0
42071 6749 8183 8.0
42072 9426 7992 15.0
42073 9426 7992 14.0
42074 9427 7993 4.0
42075 4442 7996 11.0
42076 9428 7999 4.0
42077 5899 8003 4.0
42078 9429 8900 14.0
42079 9431 8860 21.0
42080 9432 8026 8.0
42081 9432 8026 11.0
42082 8884 8027 12.0
42083 9436 8698 17.0
42084 3072 8032 28.0
42085 3072 8032 54.0
42086 3072 8032 4.0
42087 3072 8032 7.0
42088 3072 8032 22.0
42089 3072 8032 10.0
41656 5976 9814 6.0
42090 3072 8032 12.0
40295 3146 9532 33.0
42091 3072 8032 4.0
42092 9438 8527 7.0
42093 2675 8623 7.0
42094 9439 8041 4.0
42095 9440 8049 6.0
42097 8822 8056 7.0
42098 8822 8056 14.0
41719 9223 8057 4.0
42100 4293 8059 4.0
42101 3445 8188 13.0
42102 7423 8066 6.0
42099 5767 8067 12.0
42103 7049 8068 15.0
42104 9443 8071 4.0
42105 9443 8071 4.0
42106 319 8074 5.0
42107 9445 8075 5.0
42108 9446 8077 13.0
42111 9449 8081 14.0
42112 6782 8548 23.0
42015 1458 9166 8.0
42114 5777 8090 4.0
42115 7768 8092 7.0
42117 9450 8097 5.0
42118 9451 8106 5.0
42119 9451 8106 5.0
42121 3490 8108 4.0
42122 9452 8120 12.0
42123 9455 10067 8.0
42124 6916 8394 11.0
42126 7283 8129 15.0
42127 9457 8186 28.0
42128 7283 8129 9.0
42129 7949 8664 11.0
42130 9163 8131 4.0
40941 8636 8136 22.0
42131 9572 9067 8.0
42132 7585 8145 4.0
42134 824 8153 4.0
42135 7163 8157 12.0
42136 8727 8166 9.0
42137 8727 8166 4.0
42138 9462 8169 9.0
42139 9463 9683 21.0
42140 9034 8944 16.0
42141 969 8174 6.0
42142 6323 8178 5.0
42143 6323 8178 6.0
42145 195 8180 12.0
42146 4882 8182 21.0
42147 9465 8192 9.0
42148 4913 8195 5.0
42149 9466 8196 6.0
42150 9466 8196 4.0
42151 9468 9979 8.0
42152 9417 8200 6.0
42153 9470 9489 11.0
42154 9471 8208 4.0
42155 9472 8214 4.0
42156 6518 8215 7.0
42157 6518 8215 7.0
42158 8500 8219 16.0
42161 7559 8228 6.0
42162 7559 8228 17.0
42163 9475 8230 7.0
42164 4040 8231 4.0
42165 8015 8236 7.0
42144 9463 9683 15.0
42167 4437 8274 5.0
42168 4437 8274 5.0
42169 4437 8274 4.0
42170 9477 8281 6.0
42171 4697 9541 17.0
42172 3777 8291 12.0
42173 6637 8544 24.0
42174 9164 8293 8.0
42175 8922 8294 6.0
42176 4326 8299 12.0
42178 9483 8302 14.0
42179 7332 8303 5.0
42180 1003 8305 4.0
42181 1003 8305 5.0
42182 8669 8310 16.0
42183 9488 8407 33.0
42177 9480 8320 40.0
42185 825 8331 4.0
42186 1765 8335 5.0
42187 9489 8340 6.0
42188 9491 9740 6.0
42189 3985 8341 4.0
42190 9492 8347 4.0
42160 7368 8349 4.0
42191 8016 8351 7.0
41711 7350 9838 12.0
42192 1449 8360 8.0
42193 6324 8362 5.0
42194 624 8367 13.0
42195 5890 8374 4.0
42196 9494 8378 9.0
42197 9494 8378 7.0
42198 3431 8379 14.0
42199 2204 8381 4.0
41214 7725 9921 13.0
42200 6568 8387 8.0
42201 4086 8395 104.0
42021 2673 9581 40.0
42202 5835 8396 11.0
42203 9488 8407 6.0
42204 1170 8410 6.0
42205 9495 8413 5.0
42206 9496 8420 8.0
42207 9498 8506 11.0
41429 965 8899 6.0
42004 7692 8430 19.0
42208 7424 8435 5.0
42209 8825 8437 16.0
42210 8058 8445 6.0
42184 8058 8445 10.0
42211 8058 8445 7.0
42212 8058 8445 15.0
42213 8058 8445 11.0
42214 6191 8447 6.0
42215 8501 8497 19.0
42217 9502 8462 4.0
42220 8414 8474 5.0
40655 8277 8478 22.0
42221 3778 8481 6.0
42222 3547 8633 13.0
42223 9504 8485 12.0
42224 7425 8487 6.0
42225 3892 8495 5.0
42226 8501 8497 29.0
42227 8501 8497 25.0
42109 4621 8938 36.0
42228 6099 8515 9.0
42229 9506 8521 5.0
42133 9461 8529 5.0
42231 9456 8531 5.0
42232 3796 8532 6.0
42233 2524 8534 4.0
42234 3305 8540 29.0
42235 9508 8541 9.0
42236 9509 8542 8.0
42237 9509 8542 4.0
42238 3446 8549 5.0
42239 9041 8551 5.0
42240 9412 8561 4.0
42241 9080 8569 21.0
42242 9511 8858 14.0
42243 9512 8576 5.0
42244 9513 8728 13.0
42245 7302 8585 7.0
42246 4640 8588 14.0
42247 9514 8599 29.0
42248 9517 9052 13.0
42249 4914 8605 9.0
42250 9519 8610 8.0
42251 9220 8618 5.0
42252 9520 9667 10.0
42253 3159 8632 4.0
42254 9521 8635 4.0
42255 6519 8688 10.0
42166 6190 8647 8.0
42256 9372 8651 6.0
42257 9523 8656 8.0
42258 3857 8660 4.0
42259 9525 8806 8.0
42260 9526 8671 7.0
42261 9526 8671 4.0
42262 2987 8672 7.0
42263 4473 8682 7.0
42264 7613 8684 14.0
42265 9528 8687 28.0
42267 9531 8701 10.0
42268 9531 8701 6.0
42269 4090 8704 5.0
42270 3501 8705 6.0
42271 5608 8706 8.0
42272 474 8707 15.0
42273 9090 8710 10.0
42274 9533 8846 14.0
42275 5254 8717 12.0
42276 5915 8721 4.0
42277 2610 8722 6.0
42278 1365 8725 5.0
42279 9535 8733 5.0
42280 5609 8737 4.0
42281 9437 8738 14.0
41011 5766 8740 9.0
40296 7846 8744 31.0
42282 7846 8744 15.0
42283 4618 8748 18.0
42284 4618 8748 12.0
42285 5984 8765 15.0
42286 9536 8767 13.0
42287 9537 8773 8.0
42288 7211 8779 4.0
42289 1529 8783 10.0
42290 4337 8785 8.0
42291 9538 8793 10.0
42292 7426 8801 6.0
42293 4674 8803 7.0
42294 9539 8805 4.0
42295 9525 8806 4.0
42296 970 8808 5.0
42297 6239 8809 10.0
40297 3146 9532 8.0
42298 9116 8815 19.0
42299 9540 8816 11.0
42300 9541 8824 4.0
42301 8527 8828 25.0
42302 8527 8828 5.0
42303 8527 8828 11.0
42304 7072 8830 5.0
42305 9543 8831 34.0
42306 9544 8929 9.0
42307 9545 8835 4.0
42308 5294 8836 4.0
42309 9546 8839 4.0
42310 9546 8839 5.0
39310 4677 9475 7.0
42311 8503 8853 4.0
42312 9547 8854 10.0
42313 9547 8854 5.0
42314 4535 8859 4.0
42316 9555 8893 21.0
42317 9550 8866 16.0
42318 4355 8870 6.0
42319 9551 8871 9.0
42320 9551 8871 6.0
42321 3163 8874 9.0
42322 9553 8881 10.0
42323 9552 8885 5.0
42324 7073 8887 13.0
42325 9555 8893 16.0
42326 9555 8893 40.0
42327 9556 8896 4.0
42328 8504 8898 5.0
42329 9557 8903 7.0
42330 5255 8906 7.0
42331 9394 8907 7.0
42332 3021 8912 13.0
42266 9530 8914 5.0
42333 8063 8917 4.0
42334 3577 8921 10.0
42335 3577 8921 4.0
42336 9558 8935 4.0
38462 31 9218 9.0
41278 4621 8938 12.0
42337 9559 8941 6.0
42338 9560 8947 22.0
42339 9560 8947 5.0
42340 9561 8949 17.0
42341 2525 8950 4.0
42342 7792 8953 7.0
42343 9563 8960 7.0
42344 8505 8962 14.0
42345 9564 8965 5.0
42346 6270 8975 4.0
42347 9565 8984 8.0
42348 4301 8980 11.0
42350 5781 8990 4.0
42351 9567 8991 4.0
42352 5907 8992 20.0
42353 5907 8992 6.0
42354 9568 8997 4.0
42355 9569 9001 10.0
42356 5256 9018 8.0
42357 8427 9023 15.0
42358 8427 9023 8.0
42359 8427 9023 8.0
42360 8897 9033 12.0
42361 8506 9040 14.0
42362 8506 9040 7.0
42363 5736 9041 4.0
42364 6147 9043 5.0
42365 9570 9045 13.0
42366 9571 9046 7.0
42367 4319 9050 4.0
42368 5064 9054 5.0
42369 9572 9067 9.0
42370 9574 9102 11.0
42371 6520 9084 8.0
42373 9576 9086 4.0
42374 9576 9086 8.0
42375 7212 9087 6.0
42376 9577 9100 5.0
42377 9577 9100 4.0
42378 9579 9114 6.0
42379 9580 9105 4.0
42380 9581 9110 5.0
42381 9581 9110 6.0
42116 7612 9127 4.0
40238 6841 9440 8.0
41985 8895 9135 5.0
42159 6851 9142 9.0
39364 5853 9145 9.0
39366 2860 9404 16.0
40226 3568 9146 19.0
41095 1685 9148 4.0
41503 2513 9160 8.0
41652 9187 9168 5.0
39142 1006 9170 4.0
42349 7273 9192 4.0
41998 8680 9201 5.0
40673 7415 9217 13.0
40584 5807 9230 7.0
41434 5060 9235 16.0
38727 3025 9236 15.0
40988 3294 9239 58.0
39956 8783 9240 7.0
41257 1163 9251 21.0
39348 5822 9252 13.0
39878 3085 9261 4.0
41201 8532 9263 6.0
39139 3027 9269 6.0
41459 5926 9271 17.0
41375 4762 9290 6.0
40785 6620 9294 5.0
41265 8889 9296 4.0
40967 6040 9302 11.0
41630 3358 9332 7.0
41653 4476 9339 13.0
41654 4476 9339 22.0
41655 4476 9339 12.0
41363 5337 9340 6.0
41286 4761 9344 10.0
41365 8954 9347 8.0
41272 6183 9348 9.0
41273 6183 9348 14.0
41093 4893 9365 6.0
38643 1780 9380 14.0
38644 1780 9380 8.0
38647 1780 9380 12.0
38648 1780 9380 7.0
39219 1304 9383 6.0
40321 3331 9402 5.0
40910 4613 9411 8.0
41263 3462 9412 10.0
39844 7074 9416 5.0
39494 6197 9417 5.0
40867 6918 9421 6.0
39744 5424 9429 5.0
42038 5586 9439 13.0
41607 1844 9443 10.0
41874 7351 9450 4.0
38698 1572 9451 49.0
38700 1572 9451 7.0
38701 1572 9451 5.0
38702 1572 9451 5.0
38705 1572 9451 6.0
38706 1572 9451 4.0
42315 9548 9454 7.0
41500 7208 9462 6.0
41394 5291 9464 7.0
41277 4596 9470 4.0
42120 5250 9471 9.0
40569 5990 9476 4.0
41997 4517 9486 13.0
40969 3659 9493 12.0
40326 3351 9500 10.0
39094 270 9503 6.0
41369 8956 9508 8.0
41025 6343 9510 4.0
40425 850 9518 21.0
40288 3146 9532 24.0
40289 3146 9532 43.0
40290 3146 9532 40.0
40291 3146 9532 17.0
40293 3146 9532 9.0
41555 1357 9535 4.0
39408 1402 9545 5.0
39409 1402 9545 5.0
38795 1462 9557 6.0
41616 9178 9567 5.0
38556 1941 9570 11.0
38557 1941 9570 4.0
40477 5759 9574 6.0
39439 133 9580 15.0
40734 2504 9582 11.0
40382 3109 9588 4.0
41808 7786 9599 8.0
40927 8626 9606 5.0
40901 8603 9614 9.0
38461 45 9621 4.0
41979 9373 9628 5.0
39520 164 9629 10.0
39398 358 9630 9.0
39399 358 9630 8.0
40605 676 9636 4.0
41608 9176 9641 5.0
41206 4314 9642 4.0
40440 5864 9643 6.0
41754 7445 9646 8.0
41538 2447 9653 4.0
41502 2616 9654 7.0
40883 5667 9656 4.0
40274 5746 9658 4.0
39154 5261 9669 6.0
42113 1497 9681 4.0
42110 9448 9689 4.0
39788 678 9691 7.0
39789 678 9691 5.0
40854 5269 9698 4.0
39168 1311 9699 5.0
41242 3871 9700 5.0
40398 7965 9701 4.0
39682 3607 9705 6.0
42039 5293 9711 7.0
40003 3938 9714 4.0
39064 2908 9715 8.0
39065 2908 9715 9.0
39066 2908 9715 4.0
40122 2972 9717 16.0
41256 8787 9719 6.0
40921 1403 9730 6.0
39974 6694 9737 8.0
41017 8704 9747 4.0
42230 7982 9751 4.0
40256 7806 9752 7.0
40744 4122 9756 4.0
39626 4778 9758 5.0
39100 1223 9763 6.0
39900 4022 9765 14.0
41183 2669 9767 6.0
41033 8708 9781 5.0
40011 6114 9790 13.0
39443 732 9801 7.0
39445 732 9801 4.0
39447 732 9801 4.0
41548 9092 9807 36.0
41657 5976 9814 4.0
41426 8984 9824 32.0
41427 8984 9824 14.0
41412 4182 9833 6.0
39483 4001 9834 19.0
39780 4035 9843 27.0
41799 6930 9851 4.0
42096 9304 9853 5.0
42049 8335 9854 12.0
39687 5101 9867 4.0
42125 9109 9897 5.0
40222 1835 9902 9.0
39416 3846 9906 4.0
41759 7438 9909 9.0
41742 6827 9916 7.0
41437 8995 9935 5.0
40588 8243 9936 15.0
40753 8378 9937 8.0
39754 877 9940 16.0
40461 8084 9954 6.0
39385 4129 9961 10.0
42372 9575 9986 4.0
39012 3451 9991 12.0
39014 3451 9991 4.0
41481 6574 9992 5.0
42219 2523 10011 25.0
40938 8634 10025 8.0
41152 8736 10041 6.0
41153 8736 10041 5.0
41473 6186 10049 5.0
42216 5009 10058 7.0
40914 7161 10062 5.0
41919 8597 10063 9.0
41920 8597 10063 10.0
41712 8488 10072 11.0
40865 6107 10089 13.0
40866 6107 10089 5.0
39426 4003 10090 4.0
39957 7232 10104 8.0
39761 6132 10110 9.0
41974 9299 10111 4.0
39051 2951 10115 11.0
38409 472 10116 5.0
40486 8107 10118 5.0
42218 9503 10121 4.0
