8 4
9 20
10 5
11 11
19 36
20 14
30 16
31 41
32 10
34 10
39 5
42 89
50 11
53 8
56 24
67 7
69 44
70 42
74 26
79 49
80 8
83 67
84 9
86 132
87 22
98 63
99 20
100 26
103 11
105 10
106 44
109 19
111 5
113 10
114 9
115 7
117 6
125 19
130 13
131 15
132 21
135 10
136 5
138 12
140 5
141 9
142 7
146 13
147 5
148 46
150 8
153 11
156 14
162 17
163 51
164 9
165 29
166 5
173 22
176 7
180 16
181 12
182 17
185 4
187 7
188 7
194 7
204 8
209 7
216 4
220 19
223 72
224 13
225 5
226 23
228 30
233 10
236 4
237 9
238 14
239 16
241 6
242 14
244 48
246 41
253 13
254 14
255 22
256 7
257 9
260 19
277 18
295 51
296 8
297 10
299 10
304 11
307 13
310 4
329 4
331 10
336 37
341 8
345 9
352 23
354 7
355 47
356 16
358 15
362 7
363 5
367 9
368 32
370 78
371 15
382 36
383 6
385 11
387 21
391 30
392 19
393 10
394 37
406 14
409 15
411 8
414 22
416 4
418 26
420 21
421 6
423 12
424 10
426 10
431 13
439 24
440 9
441 8
448 18
451 18
453 29
462 15
463 8
464 17
465 7
466 8
467 17
473 6
474 16
476 6
478 15
483 14
486 10
488 19
489 85
493 4
494 8
495 5
496 20
498 5
499 7
500 50
501 47
504 8
505 20
511 7
512 15
514 8
515 9
516 6
517 41
523 5
526 29
527 7
528 32
529 4
530 15
532 49
534 6
536 7
539 7
544 30
545 28
554 23
556 10
557 7
558 5
566 6
569 4
573 33
574 7
575 28
582 4
583 7
589 6
591 15
595 10
596 50
598 8
603 6
605 12
606 22
608 49
621 12
623 16
628 15
629 17
637 6
638 8
643 5
645 14
646 16
665 30
675 16
676 22
682 18
701 30
710 21
711 10
716 30
718 5
729 7
733 6
734 22
735 10
736 7
737 4
738 33
739 5
748 18
752 6
753 4
762 5
764 17
772 15
780 14
782 13
788 11
790 9
791 7
792 21
794 9
797 5
802 11
803 6
806 12
807 16
809 12
814 33
816 7
820 6
821 11
822 8
823 11
830 30
836 7
837 9
839 14
840 33
841 10
843 11
845 18
847 17
850 16
851 14
852 8
854 9
856 5
861 11
864 9
865 17
869 17
870 7
871 18
874 6
876 9
890 6
891 6
895 14
902 12
909 18
924 9
932 4
953 17
956 11
963 5
966 7
967 12
975 20
979 46
980 6
983 22
985 16
988 10
994 19
995 5
998 34
999 6
1002 8
1018 13
1019 24
1023 10
1033 28
1034 11
1035 26
1039 7
1042 23
1051 17
1054 19
1075 25
1078 8
1082 4
1084 8
1086 10
1088 27
1089 9
1091 5
1092 5
1099 7
1115 7
1121 49
1122 21
1124 7
1128 14
1140 7
1144 4
1146 26
1147 11
1151 16
1152 4
1153 10
1157 9
1159 16
1164 8
1165 28
1166 4
1176 11
1177 5
1187 11
1192 8
1193 16
1211 8
1220 7
1224 4
1226 4
1237 13
1247 8
1250 21
1258 10
1260 12
1261 36
1267 10
1269 9
1277 9
1283 8
1285 4
1297 40
1300 15
1303 4
1304 23
1310 12
1319 20
1322 13
1331 29
1332 8
1333 39
1334 36
1347 21
1348 11
1355 14
1360 18
1376 4
1378 6
1407 6
1409 10
1423 12
1424 17
1430 10
1431 5
1436 5
1438 9
1442 25
1443 8
1444 9
1446 14
1450 8
1452 8
1470 8
1471 16
1477 80
1501 22
1504 7
1509 9
1510 12
1512 5
1513 5
1518 13
1519 10
1521 14
1522 12
1530 7
1532 7
1538 12
1541 4
1542 6
1549 12
1550 22
1551 4
1554 7
1557 26
1562 16
1577 9
1580 21
1581 30
1582 11
1587 16
1594 15
1595 17
1597 8
1598 8
1610 12
1622 43
1626 9
1627 9
1647 4
1648 4
1658 4
1662 8
1663 16
1672 6
1673 8
1695 19
1702 5
1706 14
1708 11
1709 6
1710 13
1714 7
1719 11
1721 17
1723 5
1724 14
1725 23
1739 6
1742 43
1746 5
1755 6
1757 9
1760 31
1761 12
1770 6
1771 4
1775 5
1776 6
1777 16
1797 5
1801 34
1804 7
1823 20
1830 29
1836 11
1842 24
1853 38
1854 5
1870 16
1871 15
1874 10
1880 6
1882 12
1883 5
1896 6
1930 8
1938 7
1941 5
1945 13
1946 13
1961 18
1962 7
1970 4
1971 16
1972 5
1980 17
1982 5
1984 5
1985 9
2006 15
2008 9
2010 10
2011 5
2015 8
2019 97
2028 13
2029 4
2031 10
2032 13
2035 13
2043 11
2044 4
2051 11
2055 9
2057 39
2059 20
2061 7
2063 7
2071 30
2075 9
2076 7
2079 20
2080 10
2085 5
2088 8
2092 6
2097 10
2098 9
2099 12
2102 14
2104 7
2106 14
2108 27
2111 10
2112 7
2115 23
2134 45
2135 11
2147 4
2148 6
2163 8
2171 4
2174 5
2175 15
2183 9
2186 9
2189 9
2198 5
2202 6
2203 6
2205 26
2208 14
2219 7
2224 12
2235 20
2236 4
2244 18
2248 10
2256 6
2258 8
2261 17
2262 8
2264 8
2265 4
2266 30
2269 20
2278 9
2279 14
2283 33
2284 4
2289 14
2293 10
2303 9
2316 7
2320 4
2323 5
2328 10
2340 9
2342 12
2346 8
2347 11
2348 13
2349 6
2352 17
2365 13
2380 8
2387 4
2402 9
2403 30
2408 37
2418 4
2419 7
2422 12
2424 10
2433 36
2457 4
2462 4
2463 17
2464 10
2465 4
2467 5
2471 19
2472 8
2477 9
2479 12
2490 10
2494 13
2498 7
2503 58
2531 4
2535 15
2538 27
2542 8
2544 12
2546 15
2547 7
2549 25
2551 10
2561 9
2562 7
2565 41
2566 59
2567 5
2570 5
2572 11
2573 29
2576 31
2579 10
2580 33
2583 6
2584 17
2586 44
2587 14
2593 27
2599 9
2601 7
2607 5
2610 11
2611 9
2616 5
2619 10
2621 7
2636 17
2637 35
2656 4
2673 19
2674 13
2679 26
2684 4
2687 5
2689 67
2695 8
2718 12
2720 28
2727 20
2728 5
2739 11
2740 5
2744 6
2753 12
2757 67
2763 9
2765 18
2767 4
2770 12
2771 24
2772 4
2786 6
2787 20
2813 20
2824 15
2826 22
2835 12
2838 26
2842 6
2843 8
2844 8
2854 4
2866 20
2874 11
2875 5
2881 31
2888 4
2893 6
2895 13
2896 14
2919 4
2999 12
3014 5
3016 20
3017 5
3019 6
3059 14
3067 8
3069 5
3071 5
3079 5
3081 6
3082 12
3084 4
3088 6
3092 6
3095 34
3096 8
3099 44
3101 16
3103 21
3112 11
3116 17
3119 27
3162 7
3171 28
3175 4
3182 20
3189 19
3190 13
3191 9
3192 8
3194 4
3210 7
3212 6
3218 7
3228 10
3231 15
3232 9
3233 6
3235 23
3243 12
3252 10
3262 26
3274 26
3279 5
3282 7
3283 5
3292 16
3306 23
3308 5
4322 19
4325 9
4326 7
4327 4
4329 4
4338 23
4339 74
4341 22
4343 6
4344 21
4346 7
4347 9
4355 34
4370 4
4379 19
4380 7
4386 10
4389 12
4411 42
4414 9
4417 8
4425 61
4430 23
4441 6
4454 5
4460 15
4463 20
4482 4
4505 24
5523 33
5526 4
5529 22
5537 20
5538 7
5549 4
5550 17
5555 13
5559 5
5573 10
5577 14
5581 5
5582 13
5586 11
5587 6
5595 4
5596 8
5598 4
5599 70
5625 27
5632 4
5638 11
5646 12
5658 5
5660 9
5662 8
5663 9
5673 30
5678 7
5680 14
5682 8
5696 9
5714 4
5717 4
5733 17
5748 18
5749 11
5750 11
5768 12
5775 8
5778 4
5779 37
5792 7
5795 7
5803 30
5806 25
5809 6
5811 4
5812 6
5815 34
5816 10
5838 17
5839 6
5845 10
5847 5
5859 4
5863 13
5866 20
5867 14
5869 6
5870 6
5896 4
5911 39
5916 7
5917 9
5931 19
5935 4
5937 6
5938 7
5939 14
5944 8
5947 7
5950 4
5953 4
5970 5
5976 6
5979 5
6005 6
6039 13
6040 11
6048 14
6049 8
6050 5
6067 15
6075 6
6079 16
6081 14
6107 7
6113 6
6114 4
6117 20
6120 5
6122 14
6132 11
6133 15
6136 23
6137 13
6142 9
6143 16
6146 6
6165 4
6166 13
6181 5
6183 4
6185 15
6186 31
6188 7
6195 4
6214 8
6215 9
6225 18
6232 7
6241 8
6246 9
6248 11
6249 7
6251 4
6252 9
6253 9
6255 14
6257 5
6258 5
6261 8
7267 45
7276 8
7284 5
7287 15
7307 15
7309 7
7310 19
7311 8
7338 7
7346 14
7349 62
7359 20
7364 7
7365 4
7366 20
7373 18
7376 9
7384 5
7394 30
7401 12
7404 21
7413 7
7421 8
7442 15
7444 11
7451 4
7460 27
7466 38
7486 38
7488 9
7493 12
7520 6
7523 16
7526 11
7528 9
7529 10
7533 4
7544 8
7558 14
7564 6
7568 4
7572 5
7578 6
7602 5
7619 7
7631 23
7637 24
7639 7
7642 4
7643 4
7646 34
7658 5
7659 8
7669 10
7707 9
7726 5
7742 9
7747 11
7750 12
7774 8
7804 6
7815 14
7816 15
7817 8
7818 4
7819 5
7820 15
7854 5
7857 12
7858 7
7860 5
7863 5
7867 10
7868 12
7871 14
7878 7
7879 7
7886 7
7888 37
7892 9
7893 6
7894 4
7902 5
7905 12
7908 7
7925 4
7934 4
7938 24
7940 8
7954 7
7962 8
7963 8
7970 6
7971 29
7972 9
7977 7
7992 7
8005 23
8020 4
8021 15
8023 18
8025 16
8047 5
8053 7
8055 5
8056 8
8059 15
8060 10
8085 16
8086 7
8091 12
8097 12
8118 24
8123 6
8132 15
8133 46
8134 8
8135 6
8142 15
8143 5
8144 14
8163 8
8164 4
8167 9
8168 10
8169 6
8174 16
8176 5
8179 7
8188 8
8190 4
8195 13
8198 8
8205 9
8217 5
8221 11
8229 20
8236 13
8241 13
8247 20
8248 4
8258 12
8261 4
8265 4
8266 17
8269 6
8272 5
8273 6
8286 22
8297 8
8298 9
8307 5
8312 8
8321 5
8332 7
8340 45
8344 30
8346 14
8349 4
8350 12
8356 22
8358 47
8373 6
8398 15
8405 19
8410 6
8414 6
8435 18
8441 15
8519 11
8546 11
8559 10
8560 6
8562 13
8563 24
8566 9
8597 4
8626 13
8637 8
8644 10
8684 21
8689 5
8708 15
8709 38
8746 7
8762 6
8764 9
8765 4
8766 4
8769 16
8770 10
8796 28
8797 40
8818 4
8819 7
8824 5
8827 11
8865 17
8871 15
8872 8
8883 14
8890 14
8895 11
8896 11
8901 16
8912 4
8949 5
8950 4
8956 8
8964 6
8987 30
8988 21
8999 11
9003 14
9008 12
9011 10
9014 6
9018 7
9021 4
9023 11
9024 5
9026 34
9029 6
9033 24
9039 14
9094 23
9097 4
9105 7
9107 11
9109 15
9122 9
9138 8
9153 24
9158 9
9170 6
9172 10
9185 15
9186 34
9187 4
9190 15
9219 9
9222 14
9225 5
9237 13
9249 6
9252 14
9253 22
9258 95
9261 21
9271 11
9272 37
9273 24
9274 6
9289 12
9306 13
9317 5
9318 22
9324 8
9327 7
9329 10
9430 12
9438 13
9458 11
9466 11
9467 7
9472 6
9474 12
9490 4
9503 10
9506 5
9507 17
9509 28
9511 5
9519 8
9522 10
9535 4
9547 9
9563 70
9567 9
9570 73
9576 5
9579 8
9585 5
9597 10
9598 5
9600 8
9602 7
9603 15
9614 16
9627 9
9632 10
9640 9
9646 13
9670 33
9674 27
9682 12
9683 14
9696 15
9700 17
9704 19
9705 11
9710 17
9729 6
9737 10
9743 5
9754 4
9762 9
9763 16
9764 15
9766 15
9770 13
9772 5
9773 60
9778 18
9787 18
9788 10
9797 19
9805 24
9807 5
9809 12
9812 15
9813 5
9814 84
9820 5
9821 4
9824 5
9830 6
9833 25
9836 18
9840 24
9841 9
9851 32
9854 33
9855 12
9869 4
9879 6
9888 4
9891 7
9901 13
9911 11
9926 6
9930 10
9939 22
9941 25
9952 15
9967 12
9996 4
10015 24
10029 4
10033 26
10039 7
10048 11
10060 33
10063 17
10064 21
10075 9
10078 4
10093 12
10095 7
10097 10
10138 4
10207 6
10214 4
10215 12
10241 17
10249 13
10274 12
10286 22
10294 16
10301 5
10312 40
10317 26
10335 5
10336 32
10342 11
10344 10
10349 8
10358 4
10359 7
10366 11
10369 14
10378 18
10395 42
10410 11
10413 10
10416 30
10421 4
10422 22
10441 13
10449 6
10450 21
10451 4
10459 5
10460 5
10462 5
10465 6
10474 5
10476 13
10480 11
10481 25
10482 13
10488 4
10495 6
10515 16
10519 4
10529 11
10530 17
10550 7
10588 27
10597 26
10613 13
10614 15
10615 14
10623 11
10631 24
10634 26
10640 12
10643 9
10683 4
10689 11
10700 18
10707 4
10727 13
10757 6
10758 8
10765 9
10768 5
10776 5
10785 5
10827 89
10841 8
10851 18
10855 5
10856 11
10859 5
10861 4
10862 15
10867 18
10872 8
10882 12
10887 4
10896 11
10897 6
10902 4
10920 14
10923 15
10935 11
10936 24
10938 60
10939 47
10940 4
10959 10
10965 5
10977 6
10987 21
11005 6
11006 12
11011 9
11019 15
11021 9
11022 5
11024 5
11039 7
11045 5
11057 10
11059 6
11063 24
11071 7
11072 15
11073 7
11085 4
11099 6
11113 7
11118 25
11120 9
11128 6
11134 5
11159 9
11160 15
11174 12
11177 5
11180 15
11181 13
11216 22
11242 25
11256 5
11288 15
11289 29
11294 8
11304 12
11308 21
11328 15
11330 10
11345 4
11347 10
11349 17
11368 6
11419 8
11421 6
11430 4
11432 36
11433 18
11436 6
11438 26
11440 17
11455 7
11462 11
11467 14
11475 4
11492 8
11503 6
11513 6
11514 6
11515 18
11540 7
11553 23
11577 5
11605 4
11606 6
11607 12
11655 5
11660 10
11664 5
11674 4
11693 9
11695 5
11709 7
11720 39
11721 6
11729 20
11742 6
11743 15
11744 10
11747 5
11752 15
11757 14
11767 25
11783 12
11793 8
11803 4
11810 9
11813 14
11815 28
11825 7
11836 4
11838 7
11848 4
11849 34
11857 8
11860 14
11864 4
11865 15
11867 11
11868 11
11873 6
11874 5
11884 8
11885 5
11886 12
11888 5
11903 8
11906 6
11931 5
11940 5
11944 6
11950 4
11967 5
11993 7
11994 21
11999 14
12004 4
12010 25
12027 16
12028 5
12031 15
12032 7
12038 13
12040 5
12056 12
12060 43
12063 8
12066 12
12073 36
12075 9
12081 15
12083 5
12084 27
12090 9
12091 8
12094 43
12095 20
12103 7
12104 6
12114 10
12117 68
12119 7
12120 6
12125 10
12129 26
12148 10
12156 17
12160 24
12161 10
12170 5
12182 13
12187 15
12193 4
12195 11
12229 18
12244 6
12246 6
12249 5
12255 4
12257 4
12258 10
12259 8
12268 6
12275 13
12277 4
12292 16
12298 24
12306 42
12309 34
12312 4
12317 15
12343 6
12369 6
12373 7
12380 4
12382 14
12387 10
12395 5
12398 10
12405 11
12411 7
12412 9
12431 6
12439 31
12449 39
12451 4
12456 7
12459 5
12461 11
12464 9
12482 4
12494 6
12506 4
12512 18
12515 5
12517 6
12522 13
12525 16
12527 5
12533 29
12543 4
12547 8
12555 14
12562 5
12565 6
12566 18
12570 4
12572 7
12582 17
12608 7
12610 5
12612 10
12618 5
12619 6
12620 8
12627 10
12650 8
12652 20
12656 5
12666 12
12675 13
12678 18
12679 10
12682 4
12687 17
12688 15
12695 6
12704 7
12707 4
12717 13
12736 10
12737 11
12745 19
12746 5
12748 5
12752 6
12753 30
12755 30
12770 19
12771 13
12774 38
12781 6
12782 6
12785 10
12817 4
12824 5
12827 14
12829 6
12832 13
12856 4
12863 8
12873 71
12879 18
12884 10
12885 9
12893 48
12895 12
12897 32
12903 21
12904 4
12909 29
12918 6
12930 5
12941 7
12945 9
12946 12
12964 28
12966 41
12970 8
12980 8
12985 26
12995 20
12996 8
13029 35
13051 6
13060 8
13062 8
13063 15
13069 10
13074 6
13086 4
13094 4
13098 7
13101 5
14126 4
14128 10
14130 4
14132 5
14134 4
14140 16
14141 5
14147 8
14148 4
14177 14
14210 4
14213 8
14214 14
14226 6
14230 9
14244 8
14255 67
14257 12
14283 7
14301 7
14304 7
14306 14
14307 9
14308 40
14313 6
14317 6
14327 14
14332 74
14333 32
14340 7
14341 4
14342 11
14344 6
14346 6
14347 11
14348 8
14349 7
14350 78
14357 7
14359 27
14377 4
14380 11
14381 42
14382 5
14395 9
14396 14
14399 4
14401 4
14403 4
14404 18
14405 10
14406 5
14408 7
14414 13
14416 14
14420 7
14426 6
14434 8
14469 27
14475 13
14478 28
14479 17
14486 16
14489 4
14490 5
14493 11
14494 5
14496 4
14498 19
14499 6
14504 5
14506 7
14513 6
14530 8
14531 5
14536 23
14538 5
14540 8
14541 28
14543 6
14548 7
14552 4
14555 7
14558 4
14581 13
14585 6
14611 35
14615 17
14625 8
14646 7
14650 4
14668 4
14684 4
14687 30
14692 5
14694 49
14696 39
14702 4
14708 11
14709 5
14728 4
14744 4
14745 16
14747 6
14756 5
14757 15
14831 6
14839 4
14855 4
14861 6
14862 9
14867 6
14868 45
14870 23
14872 16
14873 4
14889 4
14898 4
14903 4
14907 5
14910 4
14912 14
14915 12
14921 28
14922 5
14937 4
14966 24
14975 7
14996 18
15000 9
15001 4
15004 4
15005 9
15006 8
15013 6
15017 12
15018 21
15019 4
15021 9
15024 15
15025 13
15026 4
15044 8
15047 4
15059 4
15066 28
15074 28
15081 9
15085 12
15087 21
15088 8
15090 11
15093 7
15095 5
15096 6
15126 9
15128 13
15132 5
15145 6
15148 6
15156 8
15171 5
15174 12
15180 8
15213 6
15235 11
15239 8
15240 34
15249 11
15251 5
15259 16
15265 11
15272 11
15273 12
15278 37
15300 4
15303 6
15305 16
15336 139
15342 21
15345 5
15349 6
15352 13
15356 17
15358 24
15360 5
15368 12
15369 13
15371 7
15379 5
15393 11
15403 8
15405 4
15414 25
15425 6
15432 9
15434 8
15449 58
15451 17
15470 17
15471 6
15472 12
15480 7
15490 25
15494 10
15505 13
15506 14
15512 22
15519 10
15526 6
15527 12
15541 11
15545 4
15547 12
15559 40
15560 7
15562 12
15565 14
15568 4
16574 4
16575 8
16583 7
16588 28
16589 8
16607 5
16616 5
16634 26
16638 12
16641 8
16644 7
16650 9
16656 11
16660 7
16661 14
16662 9
16670 9
16688 5
16701 104
16708 8
16711 25
16713 11
16723 9
16725 5
16731 7
16738 5
16739 4
16741 6
16754 25
16755 53
16766 13
16769 4
16775 6
16781 10
16784 24
16790 10
16815 6
16834 8
16847 5
16850 5
16854 11
16855 9
16877 15
16879 6
16918 17
16932 4
16955 9
16980 4
16983 5
16989 43
16991 27
16992 12
16997 4
16999 19
17002 8
17004 18
17005 6
17006 5
17011 4
17014 5
17035 6
17043 6
17051 10
17055 22
17061 44
17066 17
17082 4
17090 20
17098 12
17100 5
17101 9
17102 6
17126 5
17146 4
17149 4
17165 4
17175 4
17179 5
17186 13
17191 7
17193 9
17209 15
17213 5
17219 5
17235 19
17237 9
17256 17
17268 4
17276 35
17280 4
17291 9
17319 5
17349 19
17350 17
17352 8
17353 28
17354 20
17362 8
17371 9
17373 9
17375 27
17376 4
17377 5
17378 21
17380 6
17383 6
17388 4
17389 5
17396 18
17421 48
17422 27
17432 7
17433 13
17454 4
17458 5
17459 6
17461 7
17498 7
17507 11
17511 7
17513 7
17524 25
17527 30
17552 8
17567 5
17568 7
17570 5
17571 14
17600 14
17605 11
17607 14
17625 5
17626 13
17627 4
17658 5
17678 7
17692 7
17720 28
17740 6
17760 9
17789 10
17790 13
17791 9
17806 6
17829 21
17830 15
17834 6
17835 4
17836 7
18850 8
18851 14
18852 4
18883 10
18888 22
18915 7
18931 4
18949 9
18953 10
18955 4
18962 4
18966 13
18972 4
18973 23
18981 9
18985 6
18987 4
18997 56
18998 9
19003 8
19005 26
19007 25
19016 7
19020 5
19023 16
19026 5
19037 4
19048 16
19056 11
19075 5
19082 17
19083 17
19101 44
19102 14
19105 8
19106 32
19116 10
19128 4
19131 6
19132 13
19135 27
19139 7
19143 4
19144 4
19174 12
19182 9
19185 8
19197 7
19199 12
19217 15
19227 6
19230 9
19231 21
19241 6
19244 7
19248 19
19255 11
19259 18
19260 25
19268 6
19282 12
19284 22
19286 49
19292 8
19294 6
19297 10
19303 16
19310 6
19312 7
19313 12
19321 12
19329 12
19330 45
19335 23
19345 4
19353 4
19360 6
19361 30
19363 10
19364 4
19365 4
19366 4
19378 5
19379 8
19382 4
19393 7
19394 18
19397 7
19415 6
19416 32
19417 15
19418 6
19424 8
19439 7
19443 8
19444 4
20455 9
20457 35
20490 5
20491 6
20521 12
20546 48
20552 4
20560 5
20569 4
20595 7
20601 9
20602 4
20605 120
20608 9
20609 13
20613 40
20616 4
20625 7
20650 4
20659 4
20660 9
20666 9
20670 12
20679 7
20686 4
20688 6
20689 13
20695 8
20703 21
20705 30
20710 4
20732 12
20740 9
20741 9
20742 4
20743 6
20745 26
20758 5
20761 4
20763 4
20771 11
20776 14
20800 9
20812 5
20813 20
20835 22
20846 29
20857 9
20866 12
20868 7
20870 4
20884 9
20885 5
20891 24
20892 5
20900 9
20902 6
20903 6
20904 6
20905 4
20912 4
20914 5
20921 8
20922 5
20974 4
20987 4
20994 7
20995 76
21009 14
21012 8
21028 11
21029 13
21049 4
21053 17
21066 5
21069 7
21071 4
21081 8
21089 23
21095 13
21098 13
21101 4
21124 8
21139 10
21145 18
21148 6
21171 9
21181 19
21184 4
21202 10
21215 5
21220 33
21223 7
21224 5
21234 5
21240 23
21249 4
21270 12
21277 11
21280 14
21282 11
21286 5
21290 19
21291 7
21311 16
21312 11
21313 5
21314 12
21319 5
21327 25
21360 4
21373 6
21374 7
21380 6
21381 4
21391 16
21449 6
21451 8
21503 17
21510 7
21520 6
21547 25
21549 6
21552 17
21562 11
21570 4
22667 8
22668 6
22670 36
22677 16
22681 8
22684 10
22685 7
22698 4
22706 4
22712 10
22713 7
22716 6
22731 6
22734 26
22742 4
22744 14
22765 6
22766 8
22772 23
22775 12
22776 9
22778 20
22779 14
22781 8
22784 7
22785 25
22790 9
22793 7
22802 5
22804 11
22810 6
22816 9
22825 6
22834 8
22843 13
22846 17
22852 5
22859 37
22886 5
22889 4
22890 6
22936 8
22954 5
22968 12
22973 27
22974 8
22980 6
22985 7
23019 4
23020 5
23030 37
23040 12
23046 18
23050 15
23059 14
23060 23
23061 5
23100 10
23111 8
23119 16
23120 6
23124 6
23127 9
23128 5
23133 8
23169 10
23182 10
23199 7
23209 6
23261 11
23263 4
23267 11
23268 8
23283 10
23287 6
23311 13
23313 47
23315 4
23317 10
23319 5
23333 11
23334 17
23336 8
23337 6
23351 5
23379 6
23380 22
23381 11
23382 15
23387 11
23388 6
23394 7
23396 18
23408 6
23412 13
23414 7
23446 21
23447 9
23449 14
23460 4
23473 12
23474 14
23481 6
23483 11
23511 19
23514 5
23555 29
23558 10
23559 20
23562 7
23563 16
23570 4
23571 8
23579 5
23586 5
23590 11
23591 7
23605 7
23619 47
23627 25
23628 12
23641 12
23642 4
23645 17
23646 16
23656 4
23658 7
23659 5
23667 5
23678 14
23680 23
23681 20
23683 7
23693 12
23694 10
23699 14
23700 9
23701 27
23745 14
23756 4
23759 10
23766 8
23767 4
23771 5
23775 17
23796 4
23800 4
23801 4
23813 23
23815 5
23818 20
23821 60
23822 11
23832 33
23833 13
23835 8
23837 14
23842 23
23843 24
23862 4
23864 4
23865 4
23891 28
23894 25
23901 9
23906 4
23917 14
23925 50
23980 32
23985 16
23988 10
23990 7
24023 6
24028 6
24029 6
24032 6
24033 57
24036 6
24043 6
24055 16
24071 6
24073 7
24080 4
24098 4
24125 8
24132 5
24164 39
24168 9
24173 4
24182 11
24190 4
24192 20
24204 7
24217 7
24225 10
24256 7
24260 20
24293 4
24295 9
24297 6
24298 10
25313 5
25321 54
25323 15
25346 5
25347 37
25348 7
25356 14
25368 21
25369 29
25370 10
25374 10
25377 7
25380 42
25383 9
25388 15
25394 45
25407 8
25408 16
25409 17
25411 9
25421 7
25425 7
25439 4
25446 6
25476 13
25479 7
25483 7
25535 5
25542 5
25556 7
25565 21
25566 26
25569 9
25635 87
25667 8
25746 5
25770 6
25836 25
25839 6
25842 8
25868 19
25880 10
25908 5
25913 16
25918 5
25919 15
25920 15
25923 30
25927 19
26013 5
26016 9
26037 7
26077 5
26093 7
26094 8
26112 10
26119 5
26123 17
26169 8
26172 7
26183 5
26185 14
26186 4
26192 12
26199 4
26200 20
26201 13
26249 6
26268 4
26277 9
26278 8
26282 4
26290 33
26291 5
26399 8
26401 9
26402 24
26409 18
26414 5
26416 5
26417 5
26424 4
26430 9
26431 6
26440 6
26480 6
26481 10
26483 83
26502 7
26523 57
26524 23
26525 5
26526 10
26527 4
26532 7
26536 14
26580 6
26590 4
26599 8
26601 16
26652 17
26654 18
26655 6
26657 13
26663 4
26665 9
26676 8
26697 10
26700 24
26702 4
26703 4
26705 16
26706 6
26715 32
26716 8
26720 6
26723 9
26728 13
26732 6
26733 4
26737 12
26757 54
26763 6
26766 5
26814 21
26815 14
26818 11
26829 21
26832 7
26833 18
26841 22
26842 14
26844 36
26849 6
26853 17
26861 18
26866 12
26873 12
26892 9
26917 29
26918 19
26919 10
26925 8
26927 7
26929 16
26931 14
26946 38
26947 17
26950 10
26953 8
26955 19
26959 4
26971 14
26977 4
26980 7
26982 7
26985 11
26986 10
26993 7
26994 9
26998 9
27024 5
27046 5
27055 11
27057 6
27094 9
27150 4
27160 52
27161 26
27168 4
27184 10
27213 11
27246 14
27248 7
27254 5
27264 65
27266 20
27268 18
27274 6
27276 5
27279 19
27306 4
27341 4
27347 12
27360 6
27361 35
27365 16
27367 12
27383 14
27385 32
27386 22
27403 5
27406 13
27418 95
27422 5
27423 18
27426 4
27427 25
27429 4
27436 5
27441 4
27443 17
27512 5
27530 5
27532 10
27589 4
27590 4
27608 7
27610 24
27645 6
27646 35
27647 13
27649 54
27651 13
27654 9
27657 14
27660 6
27663 8
27672 5
27673 9
27674 4
27697 5
27727 4
27771 4
27773 11
27787 13
27795 6
27797 8
27810 7
27813 5
27815 9
27839 12
27841 8
27844 8
27900 8
27927 8
27962 4
27972 9
28051 27
28052 32
28053 46
28092 32
28097 15
28109 9
28155 4
28156 6
28159 20
28183 8
28215 14
28230 6
28234 6
28235 18
28252 6
28258 19
28259 12
28270 4
28274 6
28296 5
28314 7
28320 9
28339 7
28349 66
28389 7
28449 43
28458 66
28463 7
28465 5
28466 19
28469 22
28470 13
28471 11
28472 21
28478 14
28505 9
28507 11
28511 4
28525 8
28559 4
28562 20
28581 34
28582 14
28584 7
28588 4
28592 5
28598 13
28607 31
28613 5
28614 10
28637 8
28644 11
28646 7
28667 12
28669 13
28689 16
28707 12
28709 14
28710 35
28721 8
28723 4
28725 13
28738 4
28739 4
28744 7
28751 5
28788 5
28793 4
28804 4
28814 5
28838 5
28839 34
28847 23
28850 48
28854 4
28857 14
28863 8
28867 8
28880 5
28934 4
28943 4
28972 4
29000 76
29010 26
29015 7
29016 4
29017 10
29021 4
29029 13
29030 84
29043 10
29046 4
29051 4
29053 6
29054 4
29058 5
29069 5
29196 38
29198 82
30202 9
30217 8
30240 8
30243 9
30247 45
30248 29
30281 12
30292 6
30310 4
30360 5
30379 4
30380 13
30384 37
30388 215
30391 11
30392 13
30394 8
30396 7
30398 12
30405 18
30409 5
30415 4
30421 8
30422 4
30428 4
30437 4
30460 10
30462 41
30465 15
30467 50
30468 8
30474 4
30480 11
30494 8
30502 88
30505 86
30517 35
30520 16
30524 4
30529 7
30535 17
30566 5
30576 6
30578 9
30580 19
30596 6
30604 6
30606 26
30615 5
30638 5
30644 5
30681 7
30684 6
30687 7
30690 5
30696 13
30698 4
30699 13
30701 10
30716 19
30718 4
30719 9
30742 8
30752 4
30766 7
30845 5
30846 7
30858 9
30861 4
30863 20
30895 9
30901 4
30943 94
30953 9
30955 85
30964 27
30967 11
30979 30
30995 4
31011 6
31013 5
31048 4
31050 6
31053 6
31056 10
31099 27
31102 46
31105 18
31114 4
31118 5
31124 4
31125 8
31129 5
31130 8
31131 13
31132 32
31136 8
31141 8
32185 4
32190 5
32196 10
32202 5
32217 4
32229 6
32251 7
32254 4
32255 7
32269 27
32270 23
32272 5
32273 4
32274 18
32275 13
32288 19
32292 53
32299 6
32302 4
32366 4
32376 4
32387 23
32393 4
32403 7
32422 15
32423 6
32445 42
32447 46
32453 5
32458 5
32463 18
32471 13
32472 10
32474 26
32479 4
32484 9
32486 12
32489 6
32496 9
32499 7
32512 29
32567 5
32570 121
32574 7
32577 43
32578 14
32580 7
32583 17
32588 5
32633 26
32641 16
32648 15
32652 6
32655 4
32672 17
32676 8
32679 4
32686 8
32689 9
32698 16
32707 8
32720 4
32736 17
32746 6
32774 5
32781 6
32787 5
32795 15
32798 26
32799 10
32801 14
32803 11
32806 7
32809 19
32814 7
32817 4
32818 7
32820 8
32837 10
32842 6
32843 17
32844 12
32845 46
32849 12
32852 4
32864 6
32866 10
32868 8
32877 7
32886 6
32888 5
32890 29
32895 140
32896 18
32905 32
32909 24
32924 13
32926 5
32927 21
32929 7
32930 22
32938 13
32940 6
32941 6
32946 5
32947 9
32949 7
32979 14
32991 5
33002 5
33014 6
33016 4
33041 9
33059 16
33065 31
33083 7
33104 42
33106 24
33108 7
33120 23
33123 9
33143 51
33171 29
33174 5
33219 4
33220 31
33232 6
33246 17
33247 7
33248 5
33249 23
33279 8
33285 5
33297 4
33356 10
33409 11
33411 5
33420 16
33424 21
33467 7
33468 4
33484 144
33489 19
33490 10
33494 47
33541 4
33542 4
33546 4
33554 9
33555 6
33566 5
33582 5
33614 7
33615 4
33616 97
33619 5
33621 6
33623 19
33626 6
33632 4
33651 4
33678 6
33683 18
33693 5
33703 6
33704 11
33706 10
33709 12
33710 15
33715 18
33721 9
33722 174
33733 5
33737 25
33741 7
33746 5
33747 15
33748 6
33781 4
33791 9
33810 14
33811 7
33876 13
33879 7
33910 40
33917 34
33933 11
33939 4
33943 11
33945 5
33950 16
33960 4
33992 5
34005 9
34020 4
34021 6
34022 14
34033 6
34038 11
34072 4
34080 6
34086 8
34090 4
34144 11
34145 7
34161 6
34165 8
34168 4
34177 4
34179 16
34198 11
34206 6
34210 10
34235 44
34236 4
34245 9
34246 27
34250 9
34274 6
34278 7
34293 21
34294 25
34298 5
34331 65
34339 32
34347 11
34370 17
34374 4
34378 7
34379 4
34380 5
34395 5
34420 43
34422 11
34433 22
34436 4
34473 7
34478 9
34482 16
34494 9
34531 11
34532 13
34533 6
34539 4
34541 4
34548 6
34550 6
34555 6
34557 4
34559 9
34575 30
34581 5
34601 32
34608 5
34614 17
34615 4
34619 5
34621 5
34628 4
34633 10
34659 8
34672 6
34731 4
34737 5
34801 7
34813 6
34819 8
34890 9
34891 7
34916 4
34921 4
34926 48
34930 5
34934 10
34935 13
34936 9
34937 17
34938 15
34939 9
34940 11
34943 9
34987 11
34994 9
35034 6
35076 5
35084 8
35089 5
35146 16
35167 8
35187 18
35188 21
35189 8
35203 14
35249 35
35252 15
35257 7
35277 47
35295 6
35306 4
35339 24
35352 26
35355 16
35377 5
35393 20
35394 8
35401 5
35406 7
35453 5
35507 18
35511 50
35527 11
35528 7
35547 9
35568 4
35576 11
35640 22
35643 123
35647 20
35648 18
35660 4
35682 29
35686 20
35689 5
35723 89
35725 31
35726 165
35755 33
35770 27
35772 30
35781 5
35782 13
35795 4
35815 9
35848 9
35867 8
35871 4
35885 10
35887 5
35908 4
35947 4
35983 5
35985 13
36115 11
36116 4
36130 20
36133 5
36134 10
36148 9
36165 7
36167 8
36168 25
36169 10
36205 4
36213 31
36247 4
36250 20
36252 5
36253 76
36257 11
36258 4
36265 8
36267 8
36268 13
36270 5
36273 33
36277 7
36284 12
36303 6
36308 41
36319 17
36338 29
36343 5
36351 7
36353 44
36356 6
36358 5
36368 13
37413 6
37415 15
37418 9
37422 5
37423 27
37425 107
37427 16
37431 9
37432 5
37433 6
37443 5
37446 10
37464 6
37479 9
37492 18
37514 5
37534 5
37553 5
37559 6
37585 4
37592 35
37596 7
37664 37
37666 27
37715 6
37726 6
37744 4
37752 9
37770 11
37771 106
37772 11
37776 54
37782 5
37784 34
37830 20
37833 8
37859 5
37867 4
37871 33
37873 23
37874 11
37883 13
37884 41
37890 8
37895 8
37897 5
37900 10
37910 5
37917 8
37922 4
37924 16
37934 5
37935 5
37936 5
37937 6
37943 5
37959 51
37967 6
38034 8
38037 8
38044 6
38054 5
38057 19
38058 16
38060 4
38076 6
38089 4
38154 12
38157 8
38159 44
38166 17
38169 13
38172 11
38173 6
38181 4
38189 15
38190 74
38192 32
38196 6
38222 80
38233 4
38242 4
38243 22
38246 31
38248 9
38270 4
38288 4
38301 38
38307 5
38309 6
38311 8
38324 4
38326 31
38332 7
38345 14
38352 11
38359 7
38396 4
38397 28
38403 10
38404 9
38408 5
38419 33
38420 5
38421 7
38422 12
38426 6
38439 4
38489 8
38525 5
38526 6
38528 4
38538 8
38555 6
38565 5
38598 18
38599 25
38605 9
38607 18
38612 4
38619 6
38653 8
38666 6
38667 4
38681 30
38684 12
38716 5
38730 7
38731 4
38741 40
38742 5
38757 4
38767 17
38769 6
38789 4
38790 4
38819 18
38825 7
38828 18
38829 5
38844 5
38848 9
38849 79
38858 9
38883 8
38902 11
38906 9
38908 5
38913 6
38928 7
38932 4
38951 5
38972 7
38974 11
38982 19
38993 11
38994 59
39010 10
39021 8
39024 5
39028 10
39050 89
39053 15
39054 9
39057 9
39061 13
39066 6
39067 4
39082 11
39088 33
39093 30
39129 4
39134 7
39135 5
39136 12
39140 33
39153 6
39154 9
39156 8
39172 5
39191 7
39198 33
39215 10
39216 35
39217 15
39224 5
39227 17
39233 8
39237 7
39259 6
39272 4
39276 61
39278 20
39302 4
39305 5
39311 11
39317 11
39320 7
39325 10
39326 40
39327 8
39333 32
39336 9
39337 5
39339 4
39340 5
39347 16
39378 6
39382 45
39387 23
39397 9
39400 5
39407 10
39408 7
39409 5
39412 13
39437 5
39464 7
39475 10
39501 6
39508 6
39513 7
39552 23
39553 9
39554 12
39562 9
39570 8
39571 8
39578 12
39583 4
39592 6
39600 73
39607 14
39623 8
39651 10
39652 62
39653 27
39655 8
39657 92
39662 20
39668 8
39669 8
39670 11
39671 4
39689 7
39692 26
39693 13
39726 4
39727 13
39731 107
39732 92
39734 17
39739 7
39740 17
39749 11
39750 13
39751 5
39753 8
39754 4
39755 26
39783 6
39785 4
39786 7
39791 37
39792 6
39794 12
39802 7
39809 4
39812 4
39813 22
39830 24
39832 22
39839 11
39852 9
39862 32
39863 10
39865 7
39872 8
39873 11
39876 7
39877 6
39880 7
39881 39
39882 20
39888 10
39911 4
39912 32
39928 94
39929 24
39930 11
39935 60
39938 98
39941 6
39950 31
39961 7
39962 12
39964 11
39966 10
39996 6
40006 18
40013 5
40031 4
40046 4
40069 8
40070 5
40073 13
40110 14
40114 15
40115 4
40118 20
40120 5
40121 6
40124 4
40125 11
40134 8
40141 9
40165 4
40225 31
40233 4
40236 4
40248 7
40251 4
40252 5
40254 9
40270 60
40300 6
40307 35
40361 5
40362 28
40363 15
40364 23
40368 6
40369 7
40371 13
40377 15
40387 6
40402 8
40408 10
40411 6
40413 4
40422 34
40424 10
40425 11
40434 8
40435 7
40491 19
40498 4
40499 4
40503 96
40512 4
40537 29
40539 6
40592 5
40608 4
40611 51
40613 6
40614 11
40641 9
40652 6
40654 4
40656 4
40707 34
40713 15
40719 37
40737 5
40742 16
40743 36
40758 6
40767 23
40775 18
40782 6
40783 7
40784 11
40795 15
40800 14
40806 5
40812 12
40826 5
40839 6
40842 17
40844 35
40855 16
40857 16
40867 23
40870 12
40874 27
40989 19
40999 14
41002 7
41004 22
41005 30
41061 9
41082 6
41103 4
41106 4
41133 15
41138 6
41155 4
41161 11
41162 5
41180 12
41201 5
41203 5
41225 51
41230 30
41245 6
41250 178
41251 19
41258 5
41262 16
41275 16
41277 7
41284 137
41316 15
41317 27
41320 8
41374 8
41472 6
41473 6
41531 5
41553 14
41623 13
41633 4
41655 22
41656 32
41667 4
41672 5
41679 6
41685 21
41687 80
41688 4
41695 70
41696 224
41697 23
41698 92
41699 7
41703 23
41704 45
41705 21
41707 21
41710 14
41714 17
41716 12
41718 9
41726 10
41736 4
41748 24
41769 26
41777 13
41788 7
41809 6
41819 5
41833 7
41852 44
41853 28
41854 40
41855 18
41858 7
41859 7
41863 19
41865 19
41876 7
41887 9
41892 4
41898 8
41901 4
41942 4
41946 13
41948 4
41974 56
41989 5
41993 9
41994 12
42020 7
42048 9
42050 7
42062 5
42080 36
42081 9
42084 4
42094 4
42099 5
42102 5
42111 7
42121 5
42178 160
42179 67
42278 8
42280 14
42291 6
42299 30
42300 8
42301 47
42323 61
42324 5
42329 15
42337 16
42338 6
42421 4
42427 33
42428 11
42444 5
42445 4
42446 6
42485 9
42486 69
42492 8
42498 9
42502 24
42504 6
42512 10
42563 5
42572 5
42575 8
42588 14
42589 14
42591 6
42600 6
42614 11
42631 5
42664 31
42668 13
42669 11
42738 5
42776 8
42829 45
42840 12
42849 25
42850 95
42871 5
42872 6
42902 5
42924 7
42925 22
42941 36
42942 13
42949 26
42950 54
42951 24
42965 5
42967 6
42988 17
42992 8
42996 8
43037 24
43043 14
43075 4
43076 36
43081 8
43104 4
43112 4
43116 16
43120 58
43132 4
43146 64
43148 52
43150 38
43155 4
43167 12
43168 29
43188 5
43191 5
43192 11
43219 9
43244 12
43245 9
43246 5
43284 30
43285 5
43290 11
43301 6
43328 7
43353 9
43364 56
43365 11
43376 4
43381 15
43397 6
43399 5
43400 4
43405 7
43412 10
43434 54
43439 11
43454 14
43456 37
43466 4
43476 6
43478 11
43504 44
43507 11
43512 7
43513 5
43548 4
43550 8
43554 9
43556 14
43557 11
43558 5
43573 27
43578 15
43596 5
43597 7
43604 29
43615 5
43629 6
43662 46
43667 7
43676 5
43678 5
43685 7
43687 7
43689 7
43739 25
43766 20
43772 34
43846 12
43930 8
43939 4
43945 4
43946 7
43948 4
43968 16
43969 5
43971 11
43991 18
44048 9
44067 21
44068 33
44126 14
44129 5
44147 25
44148 41
44151 5
44154 7
44156 16
44161 10
44162 4
44164 4
45195 15
45220 5
45221 5
45232 83
45237 139
45239 24
45286 8
45295 5
45324 47
45336 15
45369 46
45387 5
45388 97
45389 20
45392 4
45396 5
45399 7
45402 40
45424 7
45468 5
45471 57
45472 56
45474 18
45479 4
45510 9
45513 18
45529 4
45539 9
45540 7
45544 5
45613 90
45614 9
45615 6
45619 7
45654 9
45746 8
45768 40
45771 35
45772 28
45789 9
45809 8
45849 9
45852 7
45854 17
45883 7
45894 6
45905 11
45912 46
45913 28
45918 8
45920 4
45921 5
45929 21
45931 6
45943 5
45964 5
45966 8
45984 8
46013 6
46079 4
46087 11
46129 8
46135 5
46155 26
46158 74
46162 6
46163 143
46164 72
46167 25
46170 28
46171 47
46176 21
46194 11
46195 11
46198 4
46201 4
46207 5
46260 8
46261 15
46301 5
46302 28
46355 4
46358 12
46374 10
46377 12
46394 27
46395 11
46397 7
46406 19
46408 10
46409 4
46419 4
46423 64
46425 52
46426 19
46427 25
46428 4
46433 11
46435 39
46439 16
46440 34
46442 10
46451 19
46458 125
46464 74
46465 36
46470 16
46489 4
46496 4
46498 16
46513 5
46533 30
46543 99
46544 10
46545 6
46546 98
46549 22
46553 50
46554 11
46555 25
46556 13
46559 7
46562 13
46563 13
46583 6
46584 5
46595 28
46599 4
46605 5
46611 5
46625 12
46680 5
46682 4
46715 9
46721 4
46746 5
46755 6
46756 28
46766 68
46782 7
46835 122
46836 21
46841 7
46844 4
46855 20
46856 33
46857 18
46860 6
46862 30
46870 68
46876 7
46882 4
46903 18
46904 56
46946 14
46948 10
46996 7
47001 23
47005 10
47012 35
47015 16
47021 7
47032 10
47038 13
47045 4
47054 7
47056 23
47058 64
47074 6
47084 27
47085 35
47086 5
47089 20
47090 6
47109 8
47110 10
47111 18
47112 16
47119 130
47121 6
47127 19
47128 67
47138 5
47162 65
47164 21
47166 47
47167 33
47170 18
47171 10
47190 4
47193 5
47194 9
47205 49
47210 27
47214 5
47237 15
47240 51
47241 4
47242 39
47251 11
47252 8
47260 9
47266 7
47282 5
47291 6
47299 12
47300 8
47301 4
47306 4
47321 4
47373 4
47408 105
47411 34
47419 21
47420 21
47430 4
47446 11
47448 4
47461 7
47463 4
47466 4
47471 10
47500 8
47509 7
47510 4
47522 35
47523 7
47524 7
47528 14
47535 4
47541 10
47589 18
47594 23
47637 45
47640 24
47651 9
47660 9
47724 28
47728 7
47730 44
47733 22
47734 6
47736 13
47738 15
47767 4
47777 8
47788 4
47794 17
47798 8
47817 9
47826 13
47827 8
47838 10
47839 17
47842 5
47845 6
47874 4
47892 22
47908 4
47909 15
47916 4
47920 4
47921 6
47922 6
47931 10
47938 15
47959 6
47963 6
47966 7
47986 75
47994 15
47997 9
48016 6
48022 4
48055 30
48058 17
48196 20
48197 10
48220 93
48226 15
48230 24
48231 8
48240 19
48245 55
48247 51
48251 16
48252 17
48257 8
48259 19
48262 43
48268 13
48269 37
48272 10
48283 4
48287 11
48294 4
48311 4
48318 4
48322 7
48329 7
48331 10
48334 4
48370 5
48372 39
48377 6
48381 10
48387 5
48388 30
48390 6
48391 35
48414 58
48416 10
48488 5
48523 4
48524 46
48525 5
48528 98
48533 8
48536 25
48537 10
48546 15
48554 26
48601 9
48602 5
48623 4
48639 20
48698 7
48700 4
48714 8
48719 6
48721 14
48761 8
48762 10
48772 36
48779 35
48788 7
48790 10
48816 6
48817 8
48819 5
48820 4
48859 32
48860 12
48864 11
48866 28
48867 15
48870 125
48890 35
48892 32
48894 19
48896 13
48897 4
48899 10
48901 5
48911 4
48915 8
48918 7
48924 5
48930 7
48951 6
48957 4
48960 6
48966 5
48967 5
48968 13
48981 11
49009 4
49013 6
49017 4
49067 13
49074 24
49075 22
49077 12
49113 25
49114 38
49153 47
49154 26
49166 5
49169 12
49170 21
49212 6
49213 10
49214 5
49231 10
49244 7
49245 158
49247 44
49251 11
49252 31
49253 5
49265 12
49275 7
49298 5
49336 7
49337 6
49347 8
49353 75
49379 10
49382 90
49384 19
49386 16
49387 48
49388 70
49390 44
49396 13
49402 26
49407 70
49411 73
49421 6
49428 4
49429 5
49432 4
49434 5
49440 4
49446 24
49451 9
49465 10
49469 4
49498 7
49499 10
49522 171
49526 84
49528 51
49533 16
49548 4
49566 16
49570 9
49576 6
49608 5
49648 89
49651 288
49652 34
49679 4
49691 7
49693 5
49708 4
49738 43
49739 61
49740 11
49741 6
49745 31
49748 8
49749 15
49752 21
49753 16
49754 28
49756 6
49762 5
49802 4
49803 10
49831 6
49842 4
49844 5
49860 4
49876 5
49889 4
49890 11
49897 47
49898 10
49902 12
50104 8
50150 4
50206 27
50216 38
50218 12
50223 12
50234 7
50236 5
50252 112
50255 21
50271 37
50272 47
50276 17
50277 6
50278 23
50280 8
50297 4
50371 10
50373 4
50379 10
50447 9
50448 100
50454 47
50456 31
50485 12
50504 54
50507 16
50508 19
50511 57
50520 4
50550 4
50551 4
50597 5
50650 11
50652 29
50653 52
50655 10
50668 6
50698 11
50724 29
50725 8
50726 5
50747 4
50748 8
50758 4
50806 4
50813 5
50882 15
50883 9
50884 11
50886 4
50902 34
50908 7
50912 6
50914 4
50917 4
50928 5
50957 7
50960 40
50965 13
50975 4
51025 16
51026 6
51205 97
51206 23
51224 5
51226 8
51233 57
51235 13
51247 24
51248 10
51254 6
51281 4
51282 6
51288 23
51289 15
51327 37
51332 4
51364 9
51367 37
51400 17
51402 49
51403 14
51404 6
51434 124
51437 75
51438 61
51439 38
51441 32
51442 26
51444 18
51453 12
51454 12
51467 8
51499 30
51507 20
51509 6
51522 8
51532 4
51537 8
51557 5
51566 7
51569 4
51572 70
51576 32
51595 6
51598 10
51623 29
51633 16
51725 34
51728 53
51731 17
51779 6
51808 31
51814 27
51849 11
51850 91
51857 6
51887 9
51888 10
51913 4
51956 4
51959 37
51975 19
51984 52
51985 14
52098 30
52116 8
52117 4
52120 5
52159 6
52207 7
52208 12
52214 15
52217 6
52253 13
52254 21
52268 11
52269 22
52321 6
52336 11
52337 6
52342 7
52353 4
52363 5
52392 16
52400 12
52449 10
52450 25
52452 64
52454 18
52456 60
52458 7
52459 4
52462 16
52463 19
52473 58
52476 5
52483 4
52489 4
52491 9
52493 8
52519 43
52520 41
52522 146
52563 4
52578 4
52579 16
52582 4
52626 40
52630 26
52638 22
52641 17
52643 6
52646 13
52648 10
52649 4
52673 5
52674 12
52675 4
52684 6
52685 4
52686 89
52688 10
52689 8
52690 14
52692 61
52693 48
52702 13
52704 6
52705 11
52706 4
52717 24
52740 13
52742 70
52743 14
52747 22
52753 9
52756 29
52762 12
52763 7
52764 8
52768 16
52778 11
52779 9
52781 8
52788 34
52789 6
52794 43
52910 24
52919 52
52924 12
52929 20
52931 25
52932 5
52941 8
52943 6
52982 49
52998 11
53013 9
53029 19
53030 12
53032 21
53033 8
53147 23
53151 24
53179 8
53217 10
53218 4
53225 10
53239 5
53243 5
53252 5
53281 6
53306 4
53319 5
53338 6
53349 12
53350 6
53362 5
53381 13
53382 6
53384 4
53389 5
53430 10
53431 20
53432 67
53439 31
53440 7
53444 37
53446 10
53449 71
53450 29
53457 4
53460 4
53574 58
53578 9
53581 28
53591 4
53595 10
53596 6
53618 9
53625 22
53640 6
53648 4
53651 6
53680 7
53756 7
53761 13
53776 5
53799 10
53800 28
53870 6
53876 16
53884 21
53886 20
53909 33
53919 11
53948 27
53949 19
53952 12
53957 37
53960 7
53964 5
54012 10
54013 5
54039 6
54051 69
54064 35
54068 5
54084 17
54086 37
54100 89
54106 29
54108 10
54117 9
54120 4
54122 45
54123 5
54128 10
54131 12
54132 83
54134 5
54143 6
54146 4
54162 27
54163 33
54166 13
54170 24
54180 7
54183 6
54208 7
54209 4
54219 25
54224 10
54226 8
54227 53
54231 5
54232 39
54236 21
54255 7
54256 82
54257 18
54263 4
54274 16
54275 23
54288 9
54291 7
54296 4
54300 5
54316 5
54329 7
54331 42
54344 13
54354 7
54357 8
54367 15
54368 46
54369 14
54378 4
54387 5
54388 13
54389 14
54400 4
54424 4
54435 14
54440 8
54452 4
54472 44
54483 8
54535 42
54544 31
54547 39
54548 69
54551 27
54555 8
54560 11
54564 4
54565 6
54567 13
54570 49
54575 4
54581 5
54584 67
54585 8
54616 4
54626 62
54627 54
54632 4
54638 4
54639 16
54649 5
54661 5
54689 4
54695 4
54698 4
54808 25
54809 13
54827 4
54839 12
54840 22
54845 6
54957 60
54964 12
54980 46
54983 8
54986 97
54991 68
54993 11
54994 21
55002 7
55017 4
55129 55
55131 15
55134 11
55214 73
55216 21
55284 11
55285 54
55286 13
55288 11
55289 28
55291 6
55294 7
55303 6
55353 16
55354 7
55391 4
55392 7
55413 4
55417 8
55448 10
55454 46
55463 18
55466 14
55483 6
55521 8
55527 5
