2 20
2 31
2 68
2 1385
2 8063
4 49
4 4935
12 120
12 26454
23 20
23 120
23 577
23 2917
25 5
25 8
26 54
26 62
27 20
27 31
27 35
27 43
27 120
27 90
27 1722
27 4404
37 135
37 850
45 85
45 510
63 35
63 120
63 13
63 771
63 1020
63 3207
63 3353
64 72
64 46
64 90
64 120
64 4444
64 4404
68 88
68 120
68 13
71 66
71 55
71 91
71 97
71 26
71 43
71 120
71 90
71 375
71 732
71 841
71 1113
71 2917
71 2283
71 4310
71 4404
71 4624
71 5004
71 5144
71 5142
71 6633
71 8898
71 9964
71 17535
76 68
76 771
78 16
78 49
78 103
90 84
90 504
90 6605
91 54
91 128
91 57
92 85
92 120
92 8393
94 66
94 128
94 466
94 892
95 120
95 3453
101 71
101 97
101 90
112 118
112 120
112 125
120 62
120 204
122 96
122 26786
134 43
134 120
143 120
143 12773
145 120
145 4277
151 115
151 466
152 332
152 351
168 120
168 8341
169 120
169 43
169 89
174 43
174 103
174 3559
193 22
193 124
214 20
214 103
214 125
214 480
215 71
215 62
215 90
215 4615
215 22205
219 85
219 1020
219 1569
221 85
221 72
221 63
229 158
229 114
229 90
229 546
230 104
230 5
235 120
235 71
235 771
240 103
240 125
243 120
243 1005
245 106
245 771
245 527
259 43
259 466
259 1074
259 2395
261 120
261 771
261 1569
274 71
274 13
274 332
279 13
279 90
279 204
279 180
285 91
285 120
285 466
285 13274
323 115
323 13
323 2673
323 2270
332 115
332 1569
332 8104
338 115
338 49
338 1569
350 68
350 49
365 43
365 380
369 115
369 1212
374 85
374 22
374 68
374 412
374 732
375 43
375 182
390 103
390 1569
403 103
403 120
403 1401
404 88
404 78
415 88
415 64
415 114
433 120
433 143
435 43
435 26454
436 88
436 2283
446 88
446 104
446 90
458 85
458 120
459 20
459 2423
460 103
460 114
460 85
460 112
460 332
460 3008
461 103
461 120
477 91
477 120
480 120
480 71
490 85
490 90
490 713
490 732
490 771
491 120
491 68
491 68
497 120
497 105
497 91
497 182
497 466
502 120
502 771
502 11447
510 120
510 103
513 120
513 180
522 91
522 169
522 180
522 566
522 6568
522 12376
522 12110
522 8193
522 892
522 21290
522 15901
524 85
524 1420
525 120
525 90
525 1217
525 16878
531 195
531 120
531 466
535 85
535 8341
540 380
540 74
543 185
543 63
549 182
549 63
553 195
553 218
553 223
563 71
563 199
587 103
587 16237
590 103
590 85
590 120
590 622
590 2845
593 184
593 68
602 85
602 68
622 85
622 187
640 85
640 171
651 63
651 742
663 114
663 1883
663 12543
673 43
673 68
673 8049
678 43
678 3710
686 114
686 16
686 1436
704 85
704 1761
704 3559
706 43
706 120
706 4935
717 120
717 85
717 579
731 85
731 1396
747 85
747 103
747 53
747 512
747 4346
750 43
750 24858
754 120
754 130
754 675
763 168
763 4346
787 85
787 120
787 521
787 2283
789 85
789 43
789 5179
805 332
805 85
805 4584
808 332
808 1401
812 120
812 12641
813 43
813 63
813 90
819 332
819 90
824 105
824 6489
824 23314
825 43
825 982
831 120
831 90
838 43
838 332
838 120
838 566
842 120
842 62
842 272
842 353
842 49
842 486
842 148
844 43
844 876
863 63
863 892
868 332
868 103
868 63
882 426
882 892
882 771
882 1020
882 1324
882 3202
888 120
888 1008
892 65
892 1110
899 120
899 323
899 1217
899 19392
907 332
907 771
951 120
951 114
951 375
954 386
954 1569
964 13
964 120
964 771
964 17660
970 386
970 332
970 447
970 1857
982 114
982 1933
984 171
984 91
987 85
987 91
987 445
991 85
991 332
991 120
991 466
991 524
991 25349
1000 659
1000 10058
1007 517
1007 466
1017 120
1017 561
1017 2395
1017 3008
1030 412
1030 332
1030 65
1030 332
1030 466
1030 532
1031 332
1031 120
1031 1600
1038 412
1038 13
1070 386
1070 771
1085 332
1085 466
1087 332
1087 466
1087 1369
1110 517
1110 85
1141 85
1141 1229
1150 470
1150 63
1150 771
1150 2283
1163 517
1163 470
1163 531
1186 120
1186 4584
1191 103
1191 517
1199 724
1199 91
1199 120
1199 1857
1207 120
1207 659
1213 561
1213 579
1222 517
1222 570
1256 120
1256 58
1256 512
1256 592
1257 517
1257 967
1273 332
1273 561
1273 566
1273 8341
1296 89
1296 120
1296 1571
1299 88
1299 36090
1323 580
1323 512
1323 771
1323 1504
1323 1870
1345 526
1345 412
1345 4225
1345 12641
1353 114
1353 659
1356 58
1356 771
1356 17519
1359 13
1359 332
1382 120
1382 90
1382 11828
1382 11813
1416 120
1416 90
1416 664
1416 4584
1419 120
1419 669
1419 1401
1419 3683
1460 504
1460 1049
1466 742
1466 3957
1476 412
1476 120
1476 3571
1478 466
1478 668
1478 3116
1478 4078
1499 588
1499 579
1500 332
1500 850
1500 1569
1500 739
1500 1594
1500 19449
1514 43
1514 686
1529 412
1529 13
1529 742
1529 120
1539 588
1539 85
1539 771
1547 579
1547 85
1552 565
1552 466
1553 412
1553 13
1584 43
1584 26
1646 588
1646 566
1646 507
1660 507
1660 1170
1660 1401
1690 771
1690 785
1690 1074
1700 466
1700 521
1707 742
1707 780
1711 778
1711 412
1716 742
1716 579
1722 579
1722 3583
1722 63
1737 742
1737 120
1737 1401
1740 742
1740 12641
1754 790
1754 791
1756 742
1756 13135
1758 771
1758 1196
1758 2283
1759 790
1759 120
1798 756
1798 1285
1798 2395
1799 771
1799 120
1799 879
1799 579
1835 246
1835 732
1835 120
1835 1823
1835 4989
1835 4089
1851 466
1851 120
1851 1569
1851 6936
1869 588
1869 771
1869 466
1869 120
1869 1018
1877 588
1877 4615
1890 135
1890 21849
1910 114
1910 2283
1924 771
1924 386
1924 579
1932 771
1932 114
1958 58
1958 2587
1958 2834
1967 120
1967 26454
1977 246
1977 837
1977 881
1977 883
1983 412
1983 953
1983 956
2009 771
2009 85
2014 853
2014 869
2014 1217
2014 3891
2014 15291
2024 120
2024 732
2026 588
2026 890
2026 1569
2027 120
2027 466
2027 1400
2027 358
2042 85
2042 588
2056 837
2056 771
2056 622
2056 995
2056 13
2056 4584
2056 4346
2056 5196
2056 2196
2062 588
2062 4374
2064 742
2064 466
2067 742
2067 8341
2069 771
2069 8341
2083 837
2083 1078
2083 1336
2086 71
2086 785
2086 4346
2101 876
2101 893
2114 588
2114 120
2133 771
2133 913
2133 13
2133 1196
2145 588
2145 906
2161 771
2161 1229
2185 837
2185 49
2188 921
2188 4615
2201 876
2201 695
2215 770
2215 588
2215 3095
2234 588
2234 120
2243 771
2243 588
2243 876
2255 565
2255 588
2260 588
2260 49
2263 771
2263 892
2263 120
2263 1811
2263 2283
2275 588
2275 771
2275 26454
2281 785
2281 120
2281 1401
2281 8438
2312 1164
2312 10142
2318 2350
2318 2461
2339 976
2339 112
2339 49
2339 876
2339 1401
2401 771
2401 845
2405 892
2405 8139
2405 13055
2421 588
2421 961
2421 12432
2456 876
2456 588
2456 466
2456 892
2460 771
2460 466
2460 576
2533 112
2533 65
2533 13
2533 876
2533 3396
2548 845
2548 771
2548 1817
2548 16773
2554 1020
2554 1614
2556 412
2556 63
2564 438
2564 1020
2564 876
2564 1091
2564 536
2564 771
2564 120
2564 1096
2564 3260
2564 8099
2574 892
2574 26454
2575 845
2575 120
2575 3619
2605 565
2605 49
2605 771
2635 120
2635 771
2635 11533
2671 246
2671 950
2671 26454
2677 332
2677 2830
2683 13
2683 771
2683 1636
2683 1436
2683 332
2686 961
2686 3186
2686 4876
2686 4346
2692 120
2692 1127
2726 771
2726 2732
2737 771
2737 892
2737 120
2759 876
2759 29667
2762 102
2762 771
2762 85
2762 876
2810 1074
2810 466
2817 771
2817 1401
2822 618
2822 2121
2836 961
2836 771
2836 120
2839 1503
2839 19407
2840 771
2840 976
2863 622
2863 438
2872 771
2872 1126
2880 246
2880 1018
2880 412
2887 120
2887 1127
2887 3675
2993 876
2993 4682
3013 771
3013 876
3013 184
3056 380
3056 1290
3060 943
3060 771
3080 771
3080 943
3085 1196
3085 1636
3093 943
3093 49
3093 1614
3102 771
3102 1198
3110 1020
3110 2917
3146 1217
3146 1955
3170 1217
3170 771
3170 13359
3187 770
3187 120
3187 771
3187 1569
3187 1573
3187 5088
3187 5142
3187 6489
3187 22801
3205 771
3205 36856
3230 771
3230 1351
3242 386
3242 1018
3242 2872
4320 739
4320 771
4320 21849
4324 892
4324 771
4324 1420
4337 771
4337 4182
4342 114
4342 1401
4342 8341
4364 579
4364 466
4368 565
4368 386
4374 120
4374 1462
4377 1401
4377 771
4377 120
4381 892
4381 120
4381 2983
4381 22908
4418 386
4418 120
4418 3821
4418 3696
4418 4052
4418 3353
4418 27029
4423 771
4423 740
4487 466
4487 1401
4487 1569
4487 19381
5522 771
5522 1493
5536 739
5536 771
5554 1288
5554 12204
5570 771
5570 120
5575 1401
5575 771
5592 771
5592 739
5597 771
5597 739
5597 1633
5597 1387
5597 2616
5597 3353
5597 4189
5597 3116
5597 8451
5597 8193
5597 1569
5620 65
5620 1006
5624 332
5624 466
5624 3353
5648 739
5648 1377
5648 1110
5672 466
5672 120
5729 566
5729 3584
5729 11764
5747 771
5747 332
5747 466
5747 3710
5765 412
5765 332
5765 1600
5773 876
5773 4346
5788 1600
5788 771
5837 114
5837 1401
5862 1614
5862 1110
5862 18897
5865 739
5865 1624
5878 4346
5878 17208
5883 1438
5883 2283
5883 8341
5913 1632
5913 1545
5925 739
5925 1436
5934 1636
5934 943
5943 1629
5943 1599
5992 1436
5992 2404
5999 739
5999 690
6047 246
6047 1569
6047 332
6047 13517
6047 16562
6066 1569
6066 120
6074 1387
6074 1857
6074 4591
6074 4542
6101 771
6101 1633
6101 1436
6106 1633
6106 85
6116 1633
6116 466
6116 1979
6116 2526
6128 1569
6128 15901
6130 1436
6130 466
6154 332
6154 892
6179 1737
6179 1633
6179 380
6180 876
6180 32750
6182 1636
6182 1633
6182 566
6182 2142
6224 739
6224 771
6224 3058
6229 579
6229 12865
6240 1633
6240 1401
6245 386
6245 1857
6250 1401
6250 771
6250 1636
6256 1569
6256 876
6259 1429
6259 1377
6265 739
6265 1387
6265 2777
6266 1704
6266 53
7282 1636
7282 566
7308 1569
7308 1436
7345 1375
7345 120
7360 876
7360 120
7360 1387
7375 1569
7375 876
7391 1436
7391 1833
7399 2732
7399 13366
7403 332
7403 2422
7403 7013
7412 876
7412 22613
7459 1401
7459 1196
7459 2020
7459 2830
7459 3097
7484 1823
7484 1387
7484 1633
7518 1569
7518 246
7522 1569
7522 4781
7524 246
7524 892
7525 1387
7525 876
7559 1633
7559 466
7559 906
7601 1401
7601 1387
7630 1074
7630 106
7634 892
7634 1883
7634 5061
7634 14745
7641 771
7641 1857
7641 1110
7771 771
7771 1401
7812 85
7812 943
7812 1401
7812 120
7812 771
7812 8355
7812 27130
7838 1074
7838 8412
7851 1633
7851 771
7853 1857
7853 771
7859 1569
7859 1857
7859 770
7859 2395
7887 1110
7887 4346
7887 6380
7891 1573
7891 724
7891 1895
7907 771
7907 1973
7961 771
7961 1857
7969 771
7969 943
7969 120
7975 771
7975 3116
7999 120
7999 2375
7999 17888
7999 17193
8017 246
8017 4738
8017 12767
8019 2020
8019 1387
8019 2139
8019 2283
8022 1633
8022 2305
8022 2671
8022 3606
8054 892
8054 1857
8058 1633
8058 21312
8083 120
8083 943
8084 466
8084 1387
8090 1387
8090 1569
8090 63
8095 1290
8095 38798
8122 771
8122 2075
8126 1857
8126 466
8131 1857
8131 1387
8131 3669
8161 1857
8161 1633
8170 1633
8170 1018
8170 13359
8170 15554
8170 4615
8175 771
8175 1387
8187 1857
8187 466
8202 579
8202 2119
8226 1387
8226 21338
8234 1387
8234 466
8244 1387
8244 876
8249 2144
8249 2596
8249 12767
8251 2138
8251 1401
8264 876
8264 2104
8264 1633
8285 739
8285 1110
8285 4804
8295 2144
8295 1632
8311 103
8311 1401
8311 3638
8331 771
8331 1401
8355 845
8355 771
8355 27140
8389 904
8389 1633
8389 3158
8409 1823
8409 120
8409 1633
8506 2526
8506 63
8506 4404
8512 332
8512 11488
8512 20821
8512 24891
8557 120
8557 332
8557 2104
8557 771
8557 5142
8561 876
8561 2350
8561 2486
8623 1569
8623 2290
8680 2957
8680 4935
8683 1387
8683 2783
8704 120
8704 1895
8741 2236
8741 2350
8753 876
8753 1401
8753 2486
8759 466
8759 771
8768 892
8768 1401
8794 742
8794 961
8794 2794
8794 2845
8860 1823
8860 148
8870 1823
8870 1569
8870 12050
8880 724
8880 8341
8885 1823
8885 771
8885 1979
8894 771
8894 1127
8955 876
8955 2104
8966 332
8966 1979
9012 739
9012 49
9012 1089
9012 2422
9017 386
9017 1401
9017 466
9017 2439
9044 8256
9044 4078
9044 3675
9059 2526
9059 1979
9059 6990
9060 1401
9060 120
9102 120
9102 2121
9108 771
9108 13538
9159 332
9159 23510
9165 892
9165 63
9177 1569
9177 120
9177 4346
9221 2350
9221 2422
9221 2890
9221 15897
9233 2395
9233 4601
9234 1569
9234 120
9247 466
9247 2483
9247 106
9247 466
9247 120
9247 1979
9264 1569
9264 739
9264 106
9301 2526
9301 120
9309 148
9309 2395
9424 724
9424 4682
9429 2517
9429 2813
9436 2486
9436 2350
9457 2461
9457 120
9457 20931
9463 2395
9463 386
9480 2422
9480 892
9517 771
9517 2461
9639 2395
9639 2461
9639 26063
9644 466
9644 386
9697 2121
9697 120
9698 825
9698 2461
9698 1110
9760 103
9760 1401
9761 1979
9761 106
9761 120
9769 2283
9769 1074
9769 2161
9769 2750
9769 2813
9769 2885
9769 3164
9769 1504
9777 2283
9777 771
9785 246
9785 106
9785 2350
9802 120
9802 2526
9802 8256
9802 4346
9802 5092
9808 466
9808 106
9808 120
9808 14722
9811 2423
9811 466
9811 1569
9847 2283
9847 466
9850 2283
9850 4968
9850 6924
9909 2283
9909 120
9909 3116
9929 63
9929 2121
9929 11945
9966 771
9966 2104
10055 771
10055 1569
10074 63
10074 876
10087 2283
10087 3116
10210 2283
10210 2830
10275 106
10275 1979
10275 33710
10284 771
10284 3682
10310 1569
10310 120
10316 961
10316 4682
10316 14775
10319 2917
10319 3000
10330 2283
10330 1632
10330 1318
10330 4945
10331 2283
10331 2960
10409 2830
10409 1401
10409 21824
10409 28675
10411 2830
10411 21213
10447 63
10447 771
10458 2283
10458 2830
10475 2830
10475 120
10475 3198
10478 63
10478 246
10478 3353
10492 2283
10492 2872
10572 1802
10572 771
10572 120
10610 1979
10610 120
10610 11861
10632 4404
10632 6721
10699 246
10699 26786
10739 3353
10739 13386
10749 739
10749 3142
10760 63
10760 2283
10849 2917
10849 3008
10852 3204
10852 739
10866 2283
10866 3205
10868 1401
10868 4951
10914 1569
10914 120
10914 3116
10929 771
10929 1401
10932 3008
10932 4222
10933 84
10933 2957
10933 466
10933 103
10933 3353
10933 3749
10933 3700
10933 1290
10933 6974
10933 10215
10933 4968
10933 12838
10933 12563
10933 13361
10958 2283
10958 63
10984 63
10984 4404
10994 3682
10994 8485
11000 1979
11000 3116
11017 2283
11017 63
11033 1823
11033 1401
11044 3008
11044 1401
11044 1979
11053 2283
11053 1979
11062 2283
11062 3372
11062 25614
11143 2283
11143 771
11179 1979
11179 2283
11214 1074
11214 3682
11286 892
11286 120
11286 6641
11286 16112
11307 63
11307 4542
11307 8030
11327 2917
11327 3008
11327 8341
11343 2872
11343 771
11415 2283
11415 876
11428 3116
11428 63
11428 1217
11428 24858
11437 2283
11437 2872
11437 6250
11452 2283
11452 63
11651 3700
11651 120
11652 63
11652 3700
11679 3714
11679 10229
11700 771
11700 2422
11700 876
11700 4748
11740 1823
11740 3257
11787 771
11787 3798
11805 2283
11805 3587
11805 3714
11805 3559
11829 1979
11829 6405
11842 3160
11842 3870
11845 3845
11845 1674
11845 3559
11845 15089
11859 3749
11859 3675
11863 3160
11863 517
11863 3868
11863 2283
11883 2283
11883 1387
11883 3838
11883 120
11942 1401
11942 3682
11991 1823
11991 771
11991 3978
11991 3992
12025 3749
12025 771
12030 3682
12030 2283
12035 2872
12035 517
12035 332
12035 3957
12039 739
12039 8341
12048 1160
12048 13450
12048 4390
12048 17846
12052 1401
12052 120
12059 2104
12059 4044
12059 4135
12059 22613
12064 2283
12064 517
12064 1823
12064 14914
12064 21117
12089 1233
12089 771
12089 4066
12089 2422
12089 4081
12089 4122
12102 876
12102 1387
12122 2422
12122 4404
12127 2872
12127 39216
12159 3008
12159 4197
12159 4182
12159 3559
12159 2917
12159 3453
12159 15152
12221 3682
12221 414
12228 2423
12228 29667
12228 37350
12254 3121
12254 1401
12273 84
12273 120
12297 4089
12297 8341
12305 58
12305 2350
12305 3887
12370 4346
12370 120
12377 3116
12377 4290
12377 4398
12377 8612
12383 1401
12383 4225
12448 120
12448 4448
12460 1823
12460 2283
12480 1401
12480 466
12509 4290
12509 1401
12516 2283
12516 1127
12516 4542
12551 2283
12551 1401
12554 2283
12554 4207
12554 2425
12554 11921
12564 4089
12564 187
12564 4530
12605 3882
12605 2872
12606 3682
12606 4474
12607 4346
12607 4225
12607 4207
12680 4225
12680 4127
12706 4346
12706 3603
12735 739
12735 2283
12816 1895
12816 4346
12816 4207
12834 1127
12834 1261
12855 4225
12855 1401
12872 4127
12872 4760
12872 4768
12892 4216
12892 2957
12892 4788
12892 1443
12901 1127
12901 4346
12901 17888
12963 1823
12963 771
12963 25801
12991 1979
12991 4346
13028 246
13028 4870
13039 4913
13039 2848
13039 3116
13059 1401
13059 3603
13061 1401
13061 771
13061 876
13083 3116
13083 659
13083 5037
14131 4957
14131 4225
14139 4738
14139 4960
14171 4935
14171 120
14212 927
14212 4935
14254 4935
14254 3871
14254 1773
14303 3749
14303 4935
14305 4346
14305 4935
14305 5066
14305 12050
14339 3116
14339 246
14339 4935
14339 5097
14339 4346
14339 120
14339 5179
14343 3160
14343 4803
14374 4935
14374 1396
14402 4346
14402 30
14402 4935
14412 3719
14412 4346
14412 15835
14476 4935
14476 1401
14492 3121
14492 4346
14497 4935
14497 771
14501 278
14501 4935
14527 1979
14527 6635
14539 1979
14539 4935
14539 120
14546 921
14546 1401
14553 4207
14553 1401
14579 3116
14579 4346
14579 6489
14608 579
14608 6328
14643 6328
14643 3008
14667 771
14667 1823
14691 3116
14691 4207
14691 4935
14706 3116
14706 6503
14742 4216
14742 4207
14742 771
14755 4346
14755 120
14858 1979
14858 4738
14888 1261
14888 3116
14911 1261
14911 6521
14953 120
14953 8341
14992 4346
14992 466
15011 1979
15011 466
15011 3808
15011 876
15016 3116
15016 6643
15023 466
15023 1979
15023 770
15041 4935
15041 579
15064 892
15064 15625
15086 1979
15086 3116
15086 120
15086 4615
15094 4935
15094 3116
15125 4207
15125 4935
15144 4225
15144 3160
15167 4346
15167 10191
15237 4738
15237 4935
15237 2872
15237 11553
15258 2283
15258 6328
15271 120
15271 892
15334 4615
15334 6857
15334 6872
15334 6873
15334 6598
15334 1802
15334 4935
15334 5001
15341 6633
15341 13274
15341 120
15343 120
15343 4935
15364 120
15364 8341
15364 12802
15374 876
15374 120
15447 1261
15447 4935
15447 1569
15469 4935
15469 6940
15489 4346
15489 26786
15489 8451
15504 4346
15504 6924
15504 6445
15508 4207
15508 1261
15521 892
15521 4225
15543 1261
15543 2283
15543 12641
15550 106
15550 2830
15554 3116
15554 4346
15554 120
15554 4090
15554 11861
15554 12051
16587 4935
16587 2283
16614 4225
16614 8417
16614 20965
16631 4935
16631 771
16631 4122
16639 4622
16639 1569
16639 2830
16643 1569
16643 5239
16659 1401
16659 8108
16659 1261
16694 8341
16694 4584
16694 1569
16699 4935
16699 8146
16699 5001
16699 8171
16699 16413
16706 4346
16706 5239
16712 1401
16712 4346
16742 8341
16742 120
16753 4346
16753 4935
16753 4090
16753 6598
16753 4374
16774 3116
16774 771
16849 4346
16849 8342
16865 2830
16865 466
16988 4935
16988 4225
16988 8366
16988 8372
16988 4346
16988 4804
16988 466
16988 8389
16988 5162
17053 4935
17053 11777
17059 1979
17059 11883
17083 1979
17083 10239
17099 1979
17099 120
17143 1401
17143 771
17183 4089
17183 4089
17187 771
17187 8909
17190 4346
17190 12626
17207 4127
17207 4346
17217 3116
17217 6489
17230 3202
17230 8814
17272 4935
17272 4346
17321 771
17321 466
17321 8438
17321 1569
17321 22220
17321 37609
17339 4346
17339 25801
17340 771
17340 120
17361 106
17361 246
17361 11685
17374 4935
17374 466
17374 466
17374 4346
17374 3710
17374 6468
17418 10028
17418 4615
17419 8438
17419 4346
17429 876
17429 4086
17451 4346
17451 106
17508 1401
17508 3116
17508 1569
17508 11544
17523 3116
17523 8438
17523 17119
17554 120
17554 8341
17598 4475
17598 3353
17624 4935
17624 466
17704 1633
17704 12563
17788 4346
17788 8925
17788 1632
17788 4615
17825 3116
17825 4615
17825 8929
18849 6328
18849 3257
18849 4225
18877 1979
18877 11861
18952 8858
18952 8925
18979 8935
18979 10045
18993 8935
18993 3603
18993 12654
18996 9957
18996 10056
18996 10068
18996 470
19024 8820
19024 2283
19046 4225
19046 11921
19046 26186
19046 33251
19055 10100
19055 22449
19077 2280
19077 4615
19098 4935
19098 8820
19098 120
19098 771
19098 10141
19098 8341
19100 4935
19100 25505
19141 3710
19141 1823
19196 9957
19196 4935
19215 8820
19215 4615
19229 4346
19229 4935
19256 8341
19256 4935
19283 876
19283 8438
19283 3085
19283 10250
19283 5179
19283 4715
19283 4346
19308 8341
19308 2872
19326 4615
19326 2283
19358 4225
19358 9985
19359 8341
19359 4346
19359 10301
19359 10311
19359 10315
19392 6489
19392 8341
19392 4615
19392 10332
19413 3866
19413 3353
19413 466
19413 8820
19442 4346
19442 1401
20520 3353
20520 8303
20544 4935
20544 8412
20600 4935
20600 4225
20603 8341
20603 4781
20603 4346
20603 1469
20603 11499
20684 4346
20684 1569
20685 5001
20685 4968
20702 8341
20702 3353
20702 4346
20702 23708
20729 771
20729 187
20735 3353
20735 2283
20735 8935
20735 739
20735 6598
20769 4346
20769 2283
20809 3116
20809 409
20844 4935
20844 11685
20862 1895
20862 6985
20862 6598
20878 3116
20878 4346
20889 4935
20889 771
20898 4935
20898 8820
20898 11720
20898 6500
20898 11706
20908 771
20908 903
20908 4207
20908 2283
20992 4346
20992 4935
20992 5110
21023 3866
21023 4935
21052 6924
21052 771
21088 3353
21088 2283
21088 903
21141 8341
21141 21300
21179 4207
21179 1401
21201 771
21201 4207
21217 4935
21217 771
21217 120
21217 11685
21218 6924
21218 4346
21266 8858
21266 3559
21266 8193
21275 2084
21275 3353
21275 17525
21276 771
21276 4968
21281 120
21281 3116
21281 1172
21281 19407
21304 11685
21304 4225
21372 1895
21372 120
21376 1979
21376 1569
21376 1020
21447 4346
21447 5001
21502 4346
21502 12050
21540 12050
21540 4968
21540 26454
21561 8897
21561 3353
21561 3957
22664 3353
22664 1895
22664 8820
22664 12304
22664 12323
22680 15188
22680 11861
22680 12415
22705 120
22705 11501
22705 12050
22711 4935
22711 771
22727 12280
22727 4935
22727 4127
22763 106
22763 120
22770 771
22770 12375
22770 12379
22770 3808
22770 3353
22788 2283
22788 4346
22801 4346
22801 3116
22801 10141
22841 771
22841 15188
22845 4935
22845 11685
22888 6489
22888 4346
22971 771
22971 3011
23026 3353
23026 120
23045 4935
23045 12585
23052 4545
23052 6489
23052 12595
23118 8563
23118 12645
23126 1401
23126 16537
23126 12387
23166 12353
23166 4968
23260 3116
23260 3353
23309 1823
23309 3353
23309 4790
23309 12036
23331 8341
23331 4225
23331 2283
23331 2395
23359 4935
23359 1401
23368 12353
23368 4935
23385 771
23385 4346
23410 8341
23410 4346
23445 4935
23445 11501
23445 8341
23445 12865
23470 4086
23470 8341
23480 3202
23480 12616
23554 3116
23554 466
23557 771
23557 8341
23567 1979
23567 12972
23576 12999
23576 13005
23576 120
23588 3353
23588 4346
23588 771
23616 4404
23616 4346
23616 3116
23616 10257
23640 892
23640 8341
23640 3353
23651 12036
23651 8341
23679 8820
23679 4086
23679 13058
23687 8820
23687 4346
23698 13062
23698 4346
23698 120
23760 120
23760 2283
23760 27618
23763 3353
23763 2139
23774 4935
23774 120
23840 771
23840 8341
23860 2290
23860 771
23889 4615
23889 120
23889 12387
23889 4624
23983 13251
23983 4346
24027 3116
24027 771
24027 4615
24027 12360
24031 3116
24031 4615
24124 246
24124 12036
24162 4935
24162 10300
24203 12036
24203 527
24203 13544
24210 13450
24210 13493
25317 14616
25317 22981
25319 4935
25319 120
25319 4615
25320 6530
25320 26786
25343 6489
25343 4935
25366 3957
25366 3353
25366 8451
25373 13450
25373 14611
25373 14613
25373 14625
25393 4346
25393 4374
25397 6328
25397 4935
25397 3202
25437 4600
25437 13450
25481 3116
25481 24858
25564 13404
25564 4615
25564 3353
25630 4935
25630 120
25835 771
25835 14964
25835 4346
25835 17671
25861 4346
25861 12641
25862 771
25862 18972
25906 4346
25906 8451
25916 4935
25916 15602
25917 13359
25917 4935
25921 8820
25921 4346
26014 13499
26014 4624
26090 3353
26090 37688
26110 4346
26110 771
26110 17858
26110 24657
26125 96
26125 12979
26168 120
26168 2283
26180 12036
26180 4615
26197 2283
26197 4346
26197 3353
26265 15273
26265 579
26280 4615
26280 120
26390 14741
26390 13450
26396 120
26396 13359
26403 4390
26403 1396
26413 4390
26413 13359
26421 4615
26421 14741
26426 2957
26426 12705
26479 120
26479 6489
26479 4615
26479 19686
26498 8296
26498 22613
26506 27618
26506 12386
26520 13499
26520 14709
26520 2732
26520 120
26520 13565
26520 15483
26520 21755
26521 8296
26521 771
26597 3353
26597 6489
26650 4935
26650 8236
26653 6489
26653 3353
26660 12280
26660 15595
26660 892
26660 16120
26675 566
26675 11805
26675 15261
26675 15602
26695 8438
26695 8438
26699 2957
26699 12280
26713 4935
26713 4346
26736 4346
26736 29094
26756 4935
26756 120
26756 3353
26813 12036
26813 4346
26828 6489
26828 4346
26828 4935
26838 4346
26838 12036
26838 771
26838 8451
26838 892
26838 15813
26838 4182
26838 22613
26912 3116
26912 11501
26912 15301
26916 4346
26916 3116
26930 771
26930 3116
26945 4935
26945 3353
26945 13145
26952 4346
26952 12705
26952 3353
26978 13450
26978 3647
26981 4346
26981 566
26991 4346
26991 21213
27023 14718
27023 17888
27054 11805
27054 4346
27091 4346
27091 18968
27159 13274
27159 11720
27159 791
27163 6924
27163 13274
27211 14587
27211 2957
27211 24779
27263 1979
27263 12036
27263 16137
27269 3353
27269 1462
27358 16219
27358 4615
27358 120
27364 4207
27364 13158
27382 2283
27382 4346
27382 16259
27382 466
27401 3353
27401 12036
27401 1817
27414 1979
27414 771
27414 15799
27414 1469
27416 4615
27416 16306
27416 1979
27416 13450
27416 16329
27519 771
27519 13158
27583 4346
27583 4935
27606 16501
27606 4615
27619 16537
27619 28587
27641 120
27641 10141
27641 3254
27641 13306
27641 1392
27641 14741
27641 11734
27644 10141
27644 12036
27670 4615
27670 4935
27767 16537
27767 771
27790 1569
27790 11805
27806 13450
27806 10141
27838 771
27838 3559
27899 12036
27899 25049
27923 10257
27923 120
27959 13450
27959 11805
28050 771
28050 16952
28050 4935
28089 4935
28089 1748
28089 17030
28152 13450
28152 12760
28152 4615
28233 4615
28233 771
28233 12641
28269 15856
28269 4615
28288 3353
28288 17193
28445 4615
28445 16157
28462 16773
28462 4615
28462 13326
28464 8451
28464 17326
28479 13450
28479 17535
28479 4346
28521 3353
28521 23447
28558 1401
28558 4615
28579 771
28579 3353
28580 3353
28580 771
28589 120
28589 4615
28596 4615
28596 4346
28604 4346
28604 3353
28665 4615
28665 120
28701 4346
28701 16878
28701 771
28742 4346
28742 3353
28787 4346
28787 1401
28799 771
28799 17535
28799 120
28808 17636
28808 15023
28999 15625
28999 771
28999 12641
28999 120
28999 17888
29011 16878
29011 771
29028 15625
29028 17507
29028 5227
29195 2283
29195 1462
29195 18911
30228 4545
30228 4615
30234 12613
30234 13145
30383 4374
30383 4615
30383 16335
30383 19015
30383 16622
30383 3808
30387 771
30387 26446
30389 8820
30389 4615
30404 16933
30404 120
30404 19064
30419 16103
30419 120
30459 3353
30459 16878
30459 16773
30459 12036
30459 3866
30459 17772
30459 3353
30459 19178
30501 5227
30501 251
30501 19209
30514 17186
30514 120
30514 771
30533 3257
30533 17620
30569 11883
30569 6489
30571 17620
30571 19260
30602 6353
30602 17888
30602 3353
30607 16537
30607 15856
30636 4086
30636 16537
30680 16933
30680 2283
30680 3353
30680 120
30694 19334
30694 12036
30694 19347
30714 19334
30714 4615
30714 31422
30739 12036
30739 17888
30782 2283
30782 24858
30844 120
30844 2283
30844 15595
30856 13274
30856 771
30893 17186
30893 11734
31040 16878
31040 16951
31049 17620
31049 17888
31097 11883
31097 19318
31097 3254
31097 19696
31097 10141
31097 4086
31112 3559
31112 10141
31128 1401
31128 16878
31128 771
32186 4374
32186 19561
32186 19392
32248 120
32248 19742
32268 2732
32268 120
32268 17718
32268 20874
32285 19246
32285 17888
32289 19392
32289 13359
32367 21394
32367 22813
32444 16878
32444 2957
32452 1401
32452 6489
32459 8820
32459 120
32470 1401
32470 771
32470 17888
32480 15132
32480 120
32495 2283
32495 120
32510 771
32510 26252
32511 15625
32511 22975
32569 4615
32569 5151
32569 6468
32569 21134
32569 21138
32632 466
32632 12815
32647 466
32647 12815
32647 21365
32651 120
32651 19318
32668 1401
32668 23466
32683 1401
32683 120
32694 3353
32694 466
32703 1401
32703 34656
32780 1401
32780 120
32793 17888
32793 466
32793 17193
32793 17193
32793 2510
32805 466
32805 14778
32813 1569
32813 26250
32815 120
32815 8820
32832 120
32832 13326
32832 27618
32839 120
32839 3353
32840 21245
32840 16878
32840 17193
32840 8226
32840 15113
32840 21451
32840 21453
32840 21464
32840 21477
32889 16952
32889 771
32889 8438
32889 21491
32889 21494
32889 10058
32889 19239
32889 1802
32889 8581
32936 4615
32936 16537
32942 1242
32942 771
32948 120
32948 22613
32948 4832
32977 8438
32977 26454
33038 246
33038 19407
33057 14778
33057 3808
33103 16773
33103 4615
33103 771
33103 12353
33103 21466
33140 16773
33140 4615
33217 16878
33217 2283
33222 19407
33222 22212
33244 8753
33244 466
33244 17083
33244 21773
33276 8820
33276 771
33408 17888
33408 15132
33464 13158
33464 8451
33481 4615
33481 22028
33481 22024
33481 4182
33536 3353
33536 13274
33548 6489
33548 3353
33548 15897
33597 771
33597 11674
33613 17620
33613 15132
33613 120
33613 22122
33613 19699
33613 4682
33613 22166
33624 13158
33624 18968
33681 19407
33681 4615
33708 12036
33708 19407
33708 2283
33708 4615
33783 1979
33783 13359
33871 1401
33871 21330
33909 1401
33909 3164
33909 2461
33937 4225
33937 22040
33938 19407
33938 3353
34018 21912
34018 19407
34026 1401
34026 120
34069 19407
34069 187
34078 1401
34078 15901
34106 24858
34106 27618
34142 21851
34142 120
34156 22605
34156 8935
34171 3353
34171 8820
34195 1979
34195 3353
34232 19407
34232 120
34243 19407
34243 6489
34248 4615
34248 13518
34276 3647
34276 8451
34292 21981
34292 21467
34330 21981
34330 19392
34330 332
34367 4615
34367 15132
34369 6489
34369 13499
34371 18968
34371 16782
34418 16237
34418 771
34418 120
34418 3254
34480 4127
34480 22855
34513 1569
34513 120
34513 15856
34547 959
34547 19246
34552 120
34552 3353
34552 25801
34574 4086
34574 120
34597 18968
34597 4615
34618 15901
34618 4225
34618 23025
34657 120
34657 12815
34809 466
34809 19407
34877 120
34877 27618
34889 15901
34889 16951
34922 3353
34922 19392
34933 120
34933 771
34962 22944
34962 25491
34985 23192
34985 4086
35081 8103
35081 16951
35123 1979
35123 120
35185 771
35185 120
35185 1569
35185 8820
35275 23489
35275 23499
35337 8451
35337 4086
35337 13499
35337 14775
35392 1979
35392 16951
35392 23591
35525 12036
35525 19407
35545 10141
35545 23712
35638 16237
35638 771
35638 23776
35638 3871
35645 19407
35645 771
35681 23797
35681 3353
35720 16933
35720 6327
35720 5092
35720 1802
35769 6489
35769 23797
35769 23912
35769 22813
35769 3683
35824 12110
35824 21849
35945 12036
35945 25553
36113 19407
36113 3353
36123 4481
36123 771
36126 4615
36126 24209
36126 15301
36144 27618
36144 26252
36144 17888
36164 12760
36164 18968
36166 19407
36166 22613
36166 5179
36212 19407
36212 120
36212 24858
36221 3011
36221 1396
36246 3011
36246 26426
36248 24303
36248 771
36248 2848
36248 16549
36248 24316
36248 17888
36248 669
36248 24322
36248 24324
36248 120
36248 8351
36248 19318
36332 23620
36332 32551
36336 16951
36336 4790
36342 16237
36342 21330
36342 4615
37404 12979
37404 19392
37414 19407
37414 3011
37416 19407
37416 10300
37416 120
37440 771
37440 4225
37491 15620
37491 120
37529 3353
37529 26500
37551 2957
37551 120
37591 18968
37591 16355
37656 26454
37656 2283
37663 120
37663 15625
37725 1401
37725 120
37769 2283
37769 120
37769 4615
37769 24801
37769 19407
37829 1979
37829 21849
37829 3353
37869 6489
37869 24900
37869 24902
37881 8820
37881 10027
37881 120
37882 1401
37882 24858
37882 24930
37882 13326
37916 4277
37916 3011
37916 12030
37933 24858
37933 4374
37957 24858
37957 3871
38033 1401
38033 16951
38043 6489
38043 16714
38050 6489
38050 1396
38050 16714
38151 15620
38151 120
38155 3011
38155 26500
38158 24858
38158 17687
38158 15450
38158 15766
38167 25049
38167 19392
38178 120
38178 3353
38187 17507
38187 24858
38187 771
38221 24858
38221 1420
38221 21849
38221 771
38221 23890
38240 3353
38240 9943
38262 2957
38262 25801
38297 24858
38297 25241
38310 17451
38310 25257
38347 16951
38347 24858
38395 12760
38395 24523
38418 24858
38418 25344
38418 120
38418 25358
38488 21849
38488 26786
38536 24858
38536 3521
38597 771
38597 4615
38604 24858
38604 771
38664 1979
38664 120
38679 386
38679 25567
38727 4615
38727 25295
38738 1979
38738 12036
38738 8451
38738 120
38764 1979
38764 26454
38768 24858
38768 120
38814 24858
38814 120
38823 24858
38823 120
38846 19407
38846 4615
38881 17772
38881 10027
38901 18968
38901 4090
38903 15625
38903 17620
38943 23345
38943 32031
38970 22536
38970 11883
38989 24858
38989 25872
38990 25769
38990 12979
39052 16951
39052 24858
39060 24858
39060 120
39062 16951
39062 26454
39087 120
39087 25904
39131 16951
39131 26014
39131 26021
39131 26034
39151 24858
39151 120
39197 24858
39197 1401
39213 26084
39213 19407
39214 11883
39214 120
39226 24858
39226 26096
39232 11883
39232 566
39275 24858
39275 120
39275 22024
39301 24858
39301 120
39308 120
39308 1979
39324 24858
39324 11883
39324 12364
39334 24858
39334 6489
39335 11883
39335 21213
39381 24858
39381 79
39396 26174
39396 3353
39396 22660
39405 26174
39405 1401
39406 18968
39406 33563
39502 13229
39502 771
39549 11883
39549 120
39549 21330
39549 8315
39568 11883
39568 120
39569 11883
39569 120
39569 771
39599 19407
39599 26361
39650 120
39650 13359
39650 15620
39650 16555
39650 1569
39650 26415
39650 1802
39650 26448
39664 26373
39664 4804
39690 2283
39690 21849
39690 21213
39748 11883
39748 4225
39748 24603
39752 6489
39752 24858
39774 120
39774 25801
39790 1401
39790 24858
39790 120
39811 24858
39811 4615
39828 1401
39828 120
39829 24858
39829 21849
39829 27140
39846 24858
39846 26454
39850 26454
39850 25801
39850 771
39861 120
39861 22536
39861 3559
39861 4615
39875 24858
39875 25801
39879 15620
39879 22536
39910 120
39910 24858
39927 1401
39927 24858
39927 120
39927 26718
39934 120
39934 24858
39934 26709
39949 6489
39949 120
39960 2957
39960 120
40005 24858
40005 120
40058 26174
40058 1401
40071 2510
40071 26454
40113 3957
40113 3353
40113 1979
40113 24804
40113 26852
40113 26859
40113 19204
40133 24858
40133 4615
40133 25614
40223 26500
40223 26948
40247 771
40247 4615
40249 24858
40249 6489
40268 21138
40268 26500
40269 24858
40269 26786
40359 19407
40359 1979
40359 25614
40359 27030
40359 4615
40360 24858
40360 771
40360 120
40421 24858
40421 120
40432 120
40432 11883
40489 16951
40489 3353
40489 27140
40501 24858
40501 27140
40591 120
40591 25801
40609 6489
40609 120
40706 15620
40706 4090
40706 24858
40727 24858
40727 26454
40733 724
40733 15620
40757 16237
40757 27140
40770 2283
40770 4853
40770 5012
40770 6489
40770 3804
40770 22319
40779 3353
40779 24858
40790 27140
40790 27312
40790 27618
40838 11883
40838 24858
40838 8438
40852 21330
40852 1979
40852 26500
40852 32373
40869 120
40869 11883
40988 24858
40988 27432
41001 26454
41001 25801
41054 3353
41054 18968
41054 9985
41079 11883
41079 25801
41132 27140
41132 120
41132 17887
41157 120
41157 8438
41159 120
41159 27140
41223 24858
41223 22868
41243 1979
41243 25801
41249 4615
41249 24858
41249 27605
41249 22868
41274 4390
41274 3011
41312 11883
41312 26786
41471 21523
41471 24858
41607 24858
41607 21849
41652 24858
41652 120
41653 4374
41653 25614
41677 24858
41677 27140
41677 26786
41684 24858
41684 120
41694 26500
41694 4935
41694 17888
41694 8820
41694 6445
41694 8451
41694 26252
41694 4277
41694 26736
41694 8616
41694 27942
41694 17080
41694 1392
41694 27958
41694 27967
41694 22605
41694 3683
41767 4935
41767 17817
41767 26454
41807 25614
41807 120
41847 24858
41847 19495
41847 16951
41847 28054
41847 25028
41847 28088
41857 120
41857 24858
41864 24858
41864 21278
41896 4935
41896 12386
41945 24858
41945 120
41973 26454
41973 28185
41985 18968
41985 13359
41985 11883
41985 32528
41985 33274
42047 120
42047 27140
42078 4935
42078 24858
42078 21849
42078 120
42078 27140
42176 4935
42176 24858
42277 21278
42277 4935
42277 1401
42297 27791
42297 17888
42297 4935
42322 4374
42322 17186
42322 120
42335 4935
42335 2350
42423 26786
42423 4935
42484 771
42484 4935
42484 11674
42484 26786
42494 2283
42494 27618
42494 14778
42586 26786
42586 4935
42593 120
42593 27618
42593 21849
42663 28642
42663 4225
42663 3353
42828 19407
42828 120
42848 16951
42848 4935
42870 25732
42870 16951
42923 27140
42923 8820
42923 12386
42938 15620
42938 4182
42947 13359
42947 26467
42948 28053
42948 4935
42985 16951
42985 28886
43036 4935
43036 4182
43074 2283
43074 24858
43111 12386
43111 27618
43113 24858
43113 4935
43113 21849
43145 26500
43145 27773
43145 26454
43166 771
43166 4935
43181 3353
43181 120
43181 27618
43217 17674
43217 16562
43281 4935
43281 11883
43281 4390
43281 21849
43363 4935
43363 28932
43363 29229
43363 17804
43363 14722
43363 16773
43404 771
43404 26786
43433 2283
43433 13359
43433 21849
43433 29094
43471 8438
43471 25801
43511 29262
43511 27140
43553 3710
43553 1401
43553 28932
43572 26500
43572 19318
43602 29262
43602 29398
43661 120
43661 3353
43661 26736
43665 26786
43665 8820
43665 25614
43731 3353
43731 26454
43758 3164
43758 26454
43926 29094
43926 4935
43928 26786
43928 1817
43967 26786
43967 16951
43967 12386
44063 4935
44063 26454
44125 26454
44125 25801
44141 11883
44141 26454
44141 2433
44141 24603
44150 1817
44150 2283
44160 29800
44160 4225
44160 3353
45218 16562
45218 4935
45231 4615
45231 11883
45231 25614
45367 30994
45367 15180
45386 1979
45386 1350
45386 28600
45386 31041
45386 26454
45386 31124
45422 27618
45422 33565
45470 2732
45470 771
45473 27618
45473 26786
45494 4615
45494 26479
45511 26454
45511 31124
45535 26786
45535 26454
45612 4935
45612 31285
45612 31289
45612 31292
45767 11883
45767 31448
45770 26454
45770 24858
45848 2350
45848 3353
45848 25614
45893 11883
45893 31542
45919 120
45919 28559
45919 18968
45928 11883
45928 31561
45960 3353
45960 4615
46078 31460
46078 4615
46128 26786
46128 27140
46154 11883
46154 4935
46154 24178
46154 26459
46154 3011
46161 26454
46161 4935
46161 1445
46161 14911
46161 24603
46161 13359
46161 21849
46179 184
46179 26454
46250 17544
46250 26454
46295 17888
46295 4935
46354 3202
46354 771
46393 26454
46393 11883
46393 25732
46393 32015
46393 32024
46407 21213
46407 3957
46422 26454
46422 32029
46422 6889
46422 32092
46424 21213
46424 1401
46424 32039
46424 22181
46424 13359
46424 32015
46424 26454
46424 3683
46424 22828
46424 21849
46424 15625
46455 26500
46455 4127
46455 13203
46455 12036
46526 27618
46526 24858
46542 11883
46542 8611
46542 26454
46542 4615
46542 24512
46548 26467
46548 22046
46548 25797
46548 10058
46548 32015
46548 1401
46548 21962
46610 2283
46610 26454
46660 26454
46660 18968
46713 25797
46713 27140
46754 28932
46754 4935
46764 4935
46764 27618
46833 2283
46833 32369
46833 26516
46833 32134
46833 32389
46833 12805
46833 26686
46854 23991
46854 23839
46854 12036
46900 16237
46900 4615
46995 31460
46995 17620
46995 4615
47010 2283
47010 21138
47010 21849
47010 29094
47010 32522
47057 771
47057 12579
47079 4090
47079 12036
47079 32567
47079 4182
47079 3957
47079 26786
47104 32580
47104 2283
47104 771
47104 4615
47104 4086
47125 27140
47125 4935
47125 32615
47161 31561
47161 29720
47161 26454
47161 32635
47161 4615
47161 4182
47187 27618
47187 27427
47187 8820
47204 26786
47204 31460
47204 27618
47238 26454
47238 31548
47238 26786
47238 771
47238 21089
47257 27140
47257 26786
47280 2283
47280 3353
47280 17193
47298 2957
47298 27618
47298 1823
47410 4615
47410 32819
47410 27618
47438 25411
47438 26786
47445 18968
47445 1401
47464 22536
47464 19407
47496 31561
47496 120
47504 24858
47504 27618
47521 771
47521 16878
47521 24367
47521 32903
47588 25797
47588 21849
47588 26454
47650 18968
47650 33007
47723 26174
47723 13040
47723 18968
47723 28234
47723 33062
47774 4615
47774 27618
47815 26786
47815 8412
47823 19407
47823 10095
47836 2283
47836 4374
47836 26786
47851 19407
47851 26454
47889 771
47889 26786
47889 24858
47907 3353
47907 26786
47907 6445
47907 29094
47912 27140
47912 2283
47955 33217
47955 4615
47985 16933
47985 3353
48054 24858
48054 771
48194 2283
48194 27618
48216 3945
48216 4494
48216 24310
48216 13175
48216 28092
48216 34605
48225 33089
48225 13326
48227 33393
48227 25732
48227 24858
48242 2283
48242 26454
48242 21524
48242 33410
48242 26467
48242 33415
48242 19545
48242 29094
48242 33429
48242 27140
48242 10027
48242 26479
48242 5162
48242 15450
48369 16952
48369 24858
48369 21849
48369 25028
48386 4374
48386 2957
48389 1401
48389 26786
48411 28932
48411 3871
48515 25028
48515 31682
48518 3353
48518 21523
48518 21524
48518 21849
48518 17686
48535 26786
48535 771
48585 27140
48585 14722
48697 1401
48697 26786
48717 16951
48717 24858
48755 33089
48755 24858
48771 33423
48771 13039
48771 13327
48789 24858
48789 34492
48812 33855
48812 26454
48812 4935
48812 4225
48857 2283
48857 26174
48857 15856
48857 33962
48862 2283
48862 876
48862 26454
48862 13326
48862 24902
48862 33933
48889 2283
48889 16951
48889 27618
48889 33930
48893 24858
48893 26786
48922 18968
48922 8820
48949 33089
48949 2283
48963 771
48963 1401
48963 33089
49008 22536
49008 15901
49063 19407
49063 26252
49063 36090
49073 2283
49073 24858
49112 24858
49112 26786
49152 27140
49152 26786
49211 6489
49211 27140
49211 27618
49226 771
49226 4615
49243 12012
49243 24858
49243 2283
49243 876
49243 33089
49243 34097
49263 120
49263 1420
49335 8451
49335 1823
49381 27140
49381 18968
49381 34288
49381 26454
49381 26786
49381 26133
49401 21213
49401 34311
49401 34318
49401 33842
49427 33611
49427 18968
49427 26252
49427 34371
49427 34380
49442 26786
49442 25028
49494 27618
49494 26454
49521 19407
49521 34428
49521 25411
49521 34439
49521 26883
49564 24858
49564 26510
49646 27618
49646 4935
49646 26571
49646 6647
49646 26786
49736 15620
49736 18968
49736 21213
49736 34663
49736 24310
49736 17601
49736 34670
49736 26786
49736 33625
49736 26786
49751 4374
49751 26786
49800 3353
49800 24858
49888 31460
49888 26786
49894 27618
49894 27140
49894 34782
50093 27618
50093 25411
50204 771
50204 8350
50215 2283
50215 771
50231 4935
50231 27618
50249 2957
50249 17601
50249 19423
50270 26500
50270 876
50270 3353
50270 29505
50275 27618
50275 26786
50369 4615
50369 3353
50369 25411
50446 8193
50446 4935
50446 19519
50446 8139
50503 771
50503 3353
50503 17888
50503 16562
50549 26454
50549 2283
50644 4086
50644 13359
50649 16878
50649 31460
50649 36270
50649 13326
50723 27618
50723 120
50723 26786
50746 33274
50746 16878
50803 24858
50803 16878
50881 23447
50881 771
50881 4225
50881 26786
50901 12036
50901 1242
50901 36448
50901 21849
50913 2732
50913 26454
50955 14722
50955 24858
50955 14999
50955 13327
51024 26786
51024 21849
51203 4935
51203 26467
51223 3353
51223 26454
51230 771
51230 26786
51246 19407
51246 3353
51246 26786
51279 27140
51279 22729
51280 771
51280 26454
51366 26454
51366 27618
51366 38548
51398 3011
51398 2848
51398 26786
51432 26454
51432 2361
51432 33405
51432 26252
51432 36932
51432 36933
51432 13039
51432 27618
51432 32015
51432 31806
51496 26786
51496 26252
51496 26454
51496 15901
51531 2283
51531 6489
51556 1401
51556 4374
51556 771
51620 26786
51620 26454
51723 16237
51723 11883
51723 25560
51807 24858
51807 2135
51848 3353
51848 27508
51855 11883
51855 32206
51877 26454
51877 26786
51877 9985
51958 11883
51958 26454
52113 26454
52113 11883
52113 26786
52206 27140
52206 26454
52212 24858
52212 27618
52252 24858
52252 26454
52262 3011
52262 771
52334 26454
52334 24858
52349 16951
52349 27618
52391 1823
52391 27668
52448 24858
52448 17888
52448 27618
52451 11883
52451 27618
52455 2283
52455 11883
52455 15901
52461 26454
52461 24858
52471 3353
52471 26786
52477 1420
52477 24858
52521 24858
52521 27618
52521 26786
52539 21330
52539 26454
52637 11883
52637 26454
52637 32092
52637 21849
52647 771
52647 34097
52680 3353
52680 15856
52680 26454
52682 26786
52682 96
52682 25557
52682 33148
52682 33148
52682 25244
52694 3011
52694 25801
52694 11883
52694 32092
52741 771
52741 33855
52741 37945
52754 3353
52754 12036
52754 26786
52754 32092
52754 21849
52777 11883
52777 12036
52777 8104
52777 25411
52777 4086
52777 6489
52791 32737
52791 36215
52908 28850
52908 24512
52916 26500
52916 12036
52922 771
52922 24858
52978 771
52978 26786
52978 38123
53024 1979
53024 8820
53024 26786
53024 33855
53146 11883
53146 26786
53199 18968
53199 20927
53215 16951
53215 26786
53235 21524
53235 4374
53298 37897
53298 25411
53343 1979
53343 31460
53375 26454
53375 25801
53375 26786
53375 27618
53428 1754
53428 36136
53428 4935
53428 1860
53429 19392
53429 27140
53429 26786
53438 4935
53438 26786
53447 8820
53447 25732
53573 27140
53573 25801
53573 6489
53573 2283
53588 1979
53588 14778
53617 27140
53617 771
53617 12387
53649 21849
53649 2283
53694 2283
53694 26454
53797 16952
53797 26786
53867 21849
53867 4935
53883 26786
53883 25411
53908 24858
53908 19392
54050 2283
54050 38825
54083 38649
54083 2283
54096 4374
54096 12036
54096 1401
54096 26454
54096 8438
54121 771
54121 3202
54121 26454
54121 28185
54121 26786
54127 26786
54127 4935
54160 4935
54160 26786
54160 26454
54160 3011
54175 38607
54175 19407
54198 26454
54198 1401
54217 24439
54217 38607
54217 16237
54217 21849
54217 10300
54217 33405
54217 34552
54217 34033
54228 16237
54228 26252
54228 21946
54254 16770
54254 4374
54254 38607
54254 26786
54273 26786
54273 17684
54350 38607
54350 26786
54365 2283
54365 4935
54365 26786
54385 14778
54385 4615
54415 3011
54415 26786
54471 26786
54471 39186
54533 26454
54533 29806
54568 1823
54568 19495
54619 11883
54619 26454
54619 21849
54635 38607
54635 38309
54635 26786
54678 38825
54678 18968
54678 26454
54807 26786
54807 11883
54838 3011
54838 2283
54838 6327
54956 19407
54956 22119
54976 771
54976 16237
54976 34359
54976 26786
54976 22252
54976 12805
54990 26454
54990 38607
55213 26454
55213 2283
55283 14722
55283 4935
55283 29094
55283 26454
55283 16237
55283 3683
55283 15901
55283 23683
55350 24858
55350 26786
55390 12036
55390 1823
55390 14778
55410 21743
55410 4935
55452 31722
55452 41040
55452 25411
55452 24363
55505 14722
55505 27618
