2 68
4 49
12 120
23 20
25 8
26 62
27 35
37 135
45 510
63 1020
64 46
68 88
71 55
76 68
78 16
90 84
91 54
92 120
94 66
95 120
101 71
112 118
120 62
122 96
134 120
143 120
145 120
151 115
152 332
168 120
169 120
174 103
193 124
214 103
215 62
219 85
221 85
229 90
230 5
235 71
240 125
243 120
245 527
259 43
261 120
274 71
279 90
285 466
323 2270
332 115
338 115
350 68
365 43
369 115
374 85
375 182
390 103
403 120
404 78
415 88
433 120
435 43
436 88
446 104
458 85
459 20
460 114
461 120
477 91
480 71
490 90
491 120
497 91
502 120
510 120
513 120
522 91
524 85
525 120
531 120
535 85
540 74
543 185
549 182
553 218
563 71
587 16237
590 103
593 68
602 68
622 85
640 171
651 63
663 114
673 68
678 43
686 114
704 85
706 43
717 85
731 1396
747 85
750 43
754 130
763 168
787 120
789 5179
805 85
808 332
812 120
813 43
819 332
824 6489
825 43
831 120
838 332
842 62
844 43
863 63
868 332
882 1020
888 120
892 1110
899 1217
907 332
951 114
954 386
964 120
970 386
982 114
984 91
987 445
991 332
1000 659
1007 517
1017 120
1030 65
1031 332
1038 412
1070 386
1085 332
1087 332
1110 85
1141 85
1150 2283
1163 517
1186 120
1191 517
1199 724
1207 120
1213 561
1222 517
1256 512
1257 517
1273 8341
1296 89
1299 36090
1323 512
1345 526
1353 114
1356 58
1359 332
1382 90
1416 120
1419 120
1460 504
1466 742
1476 412
1478 3116
1499 579
1500 332
1514 43
1529 742
1539 85
1547 579
1552 565
1553 412
1584 43
1646 507
1660 507
1690 771
1700 521
1707 780
1711 412
1716 742
1722 579
1737 742
1740 742
1754 791
1756 742
1758 771
1759 120
1798 756
1799 771
1835 732
1851 466
1869 588
1877 588
1890 135
1910 114
1924 579
1932 114
1958 58
1967 120
1977 837
1983 412
2009 771
2014 869
2024 120
2026 588
2027 1400
2042 588
2056 837
2062 588
2064 742
2067 742
2069 771
2083 837
2086 71
2101 893
2114 588
2133 771
2145 906
2161 771
2185 837
2188 921
2201 876
2215 3095
2234 588
2243 876
2255 588
2260 588
2263 771
2275 588
2281 785
2312 1164
2318 2461
2339 49
2401 845
2405 892
2421 961
2456 876
2460 771
2533 65
2548 845
2554 1020
2556 63
2564 1020
2574 26454
2575 845
2605 565
2635 771
2671 246
2677 332
2683 1436
2686 961
2692 1127
2726 771
2737 771
2759 876
2762 771
2810 1074
2817 771
2822 2121
2836 961
2839 19407
2840 976
2863 622
2872 771
2880 246
2887 1127
2993 876
3013 876
3056 1290
3060 943
3080 943
3085 1196
3093 943
3102 771
3110 1020
3146 1955
3170 771
3187 770
3205 36856
3230 1351
3242 2872
4320 739
4324 892
4337 771
4342 1401
4364 579
4368 386
4374 120
4377 120
4381 892
4418 386
4423 771
4487 1401
5522 771
5536 739
5554 1288
5570 771
5575 771
5592 739
5597 739
5620 1006
5624 466
5648 1110
5672 120
5729 566
5747 771
5765 412
5773 4346
5788 771
5837 114
5862 1110
5865 739
5878 17208
5883 1438
5913 1545
5925 739
5934 943
5943 1629
5992 2404
5999 690
6047 1569
6066 1569
6074 4542
6101 1436
6106 85
6116 466
6128 1569
6130 466
6154 892
6179 1633
6180 876
6182 1633
6224 3058
6229 579
6240 1401
6245 386
6250 1636
6256 876
6259 1429
6265 739
6266 53
7282 566
7308 1436
7345 1375
7360 1387
7375 1569
7391 1436
7399 2732
7403 332
7412 876
7459 1196
7484 1823
7518 246
7522 1569
7524 892
7525 1387
7559 906
7601 1401
7630 1074
7634 1883
7641 1110
7771 771
7812 943
7838 1074
7851 1633
7853 771
7859 1569
7887 1110
7891 1573
7907 771
7961 1857
7969 943
7975 3116
7999 120
8017 246
8019 2020
8022 1633
8054 1857
8058 1633
8083 120
8084 466
8090 1569
8095 38798
8122 771
8126 1857
8131 1857
8161 1857
8170 1633
8175 1387
8187 1857
8202 579
8226 1387
8234 1387
8244 1387
8249 2596
8251 2138
8264 2104
8285 739
8295 1632
8311 1401
8331 771
8355 771
8389 1633
8409 1633
8506 63
8512 332
8557 2104
8561 2350
8623 1569
8680 2957
8683 1387
8704 1895
8741 2236
8753 1401
8759 771
8768 892
8794 961
8860 1823
8870 12050
8880 724
8885 1823
8894 771
8955 2104
8966 332
9012 2422
9017 1401
9044 3675
9059 1979
9060 1401
9102 120
9108 771
9159 23510
9165 63
9177 120
9221 2350
9233 2395
9234 1569
9247 106
9264 1569
9301 2526
9309 2395
9424 724
9429 2517
9436 2350
9457 2461
9463 2395
9480 2422
9517 2461
9639 2461
9644 386
9697 120
9698 2461
9760 103
9761 120
9769 1074
9777 771
9785 106
9802 120
9808 106
9811 2423
9847 2283
9850 2283
9909 120
9929 2121
9966 771
10055 771
10074 63
10087 2283
10210 2830
10275 106
10284 771
10310 1569
10316 961
10319 2917
10330 2283
10331 2960
10409 1401
10411 2830
10447 63
10458 2830
10475 2830
10478 246
10492 2872
10572 1802
10610 120
10632 4404
10699 246
10739 3353
10749 3142
10760 63
10849 2917
10852 3204
10866 2283
10868 1401
10914 120
10929 771
10932 4222
10933 2957
10958 2283
10984 63
10994 3682
11000 1979
11017 2283
11033 1823
11044 1979
11053 2283
11062 2283
11143 771
11179 1979
11214 1074
11286 120
11307 4542
11327 2917
11343 2872
11415 876
11428 24858
11437 2283
11452 2283
11651 120
11652 3700
11679 3714
11700 2422
11740 3257
11787 771
11805 3714
11829 1979
11842 3870
11845 3845
11859 3749
11863 3868
11883 1387
11942 3682
11991 3978
12025 3749
12030 3682
12035 517
12039 8341
12048 1160
12052 1401
12059 2104
12064 517
12089 4122
12102 1387
12122 2422
12127 2872
12159 3008
12221 3682
12228 2423
12254 1401
12273 120
12297 4089
12305 2350
12370 4346
12377 4290
12383 1401
12448 120
12460 1823
12480 466
12509 4290
12516 4542
12551 2283
12554 4207
12564 187
12605 3882
12606 3682
12607 4207
12680 4127
12706 3603
12735 739
12816 4207
12834 1127
12855 1401
12872 4127
12892 4216
12901 1127
12963 771
12991 1979
13028 246
13039 4913
13059 3603
13061 1401
13083 5037
14131 4225
14139 4738
14171 4935
14212 4935
14254 4935
14303 4935
14305 4935
14339 5179
14343 3160
14374 4935
14402 4935
14412 15835
14476 1401
14492 3121
14497 771
14501 4935
14527 6635
14539 4935
14546 921
14553 4207
14579 6489
14608 579
14643 6328
14667 771
14691 4207
14706 3116
14742 4207
14755 120
14858 4738
14888 3116
14911 6521
14953 120
14992 4346
15011 876
15016 3116
15023 770
15041 4935
15064 892
15086 1979
15094 4935
15125 4935
15144 3160
15167 4346
15237 4935
15258 6328
15271 892
15334 4615
15341 6633
15343 4935
15364 8341
15374 120
15447 1261
15469 4935
15489 4346
15504 6924
15508 4207
15521 892
15543 1261
15550 2830
15554 3116
16587 2283
16614 4225
16631 771
16639 4622
16643 1569
16659 1401
16694 8341
16699 4935
16706 4346
16712 1401
16742 8341
16753 4935
16774 771
16849 8342
16865 2830
16988 4935
17053 4935
17059 11883
17083 1979
17099 1979
17143 771
17183 4089
17187 771
17190 12626
17207 4127
17217 3116
17230 3202
17272 4935
17321 37609
17339 4346
17340 120
17361 11685
17374 4346
17418 10028
17419 8438
17429 4086
17451 106
17508 1401
17523 8438
17554 8341
17598 4475
17624 4935
17704 1633
17788 4615
17825 3116
18849 3257
18877 1979
18952 8858
18979 8935
18993 12654
18996 9957
19024 8820
19046 4225
19055 10100
19077 4615
19098 8341
19100 4935
19141 3710
19196 4935
19215 8820
19229 4935
19256 8341
19283 8438
19308 2872
19326 4615
19358 9985
19359 8341
19392 8341
19413 3866
19442 4346
20520 3353
20544 4935
20600 4935
20603 8341
20684 4346
20685 4968
20702 3353
20729 771
20735 739
20769 2283
20809 409
20844 4935
20862 1895
20878 3116
20889 4935
20898 4935
20908 4207
20992 4935
21023 4935
21052 6924
21088 3353
21141 8341
21179 4207
21201 771
21217 120
21218 6924
21266 8193
21275 2084
21276 771
21281 3116
21304 11685
21372 120
21376 1020
21447 5001
21502 4346
21540 12050
21561 8897
22664 8820
22680 12415
22705 120
22711 4935
22727 4935
22763 120
22770 12379
22788 2283
22801 10141
22841 15188
22845 4935
22888 4346
22971 771
23026 3353
23045 12585
23052 6489
23118 8563
23126 1401
23166 4968
23260 3116
23309 3353
23331 8341
23359 4935
23368 4935
23385 4346
23410 8341
23445 4935
23470 8341
23480 3202
23554 466
23557 8341
23567 12972
23576 13005
23588 3353
23616 4404
23640 892
23651 8341
23679 8820
23687 8820
23698 120
23760 120
23763 2139
23774 4935
23840 771
23860 771
23889 4615
23983 13251
24027 4615
24031 4615
24124 246
24162 4935
24203 12036
24210 13493
25317 14616
25319 4935
25320 6530
25343 4935
25366 3353
25373 14613
25393 4346
25397 4935
25437 13450
25481 24858
25564 4615
25630 4935
25835 14964
25861 4346
25862 18972
25906 8451
25916 4935
25917 4935
25921 8820
26014 4624
26090 3353
26110 771
26125 12979
26168 120
26180 4615
26197 4346
26265 15273
26280 4615
26390 13450
26396 120
26403 4390
26413 13359
26421 14741
26426 2957
26479 4615
26498 22613
26506 27618
26520 13499
26521 8296
26597 6489
26650 4935
26653 6489
26660 892
26675 11805
26695 8438
26699 2957
26713 4346
26736 4346
26756 4935
26813 12036
26828 6489
26838 4346
26912 3116
26916 4346
26930 3116
26945 4935
26952 12705
26978 3647
26981 566
26991 4346
27023 14718
27054 11805
27091 4346
27159 13274
27163 6924
27211 2957
27263 1979
27269 1462
27358 4615
27364 13158
27382 4346
27401 12036
27414 771
27416 4615
27519 13158
27583 4935
27606 4615
27619 28587
27641 10141
27644 12036
27670 4935
27767 16537
27790 1569
27806 10141
27838 3559
27899 12036
27923 120
27959 11805
28050 4935
28089 4935
28152 4615
28233 771
28269 4615
28288 17193
28445 4615
28462 16773
28464 17326
28479 17535
28521 3353
28558 4615
28579 771
28580 3353
28589 4615
28596 4615
28604 4346
28665 4615
28701 771
28742 4346
28787 1401
28799 120
28808 17636
28999 15625
29011 16878
29028 17507
29195 1462
30228 4545
30234 13145
30383 4615
30387 771
30389 8820
30404 16933
30419 16103
30459 12036
30501 251
30514 17186
30533 3257
30569 6489
30571 17620
30602 17888
30607 15856
30636 16537
30680 16933
30694 19347
30714 19334
30739 12036
30782 24858
30844 2283
30856 771
30893 17186
31040 16878
31049 17888
31097 10141
31112 10141
31128 771
32186 19392
32248 120
32268 2732
32285 17888
32289 19392
32367 22813
32444 16878
32452 6489
32459 8820
32470 17888
32480 15132
32495 120
32510 771
32511 15625
32569 4615
32632 466
32647 466
32651 120
32668 1401
32683 120
32694 3353
32703 1401
32780 120
32793 17888
32805 14778
32813 1569
32815 8820
32832 13326
32839 120
32840 17193
32889 21491
32936 16537
32942 771
32948 22613
32977 26454
33038 246
33057 3808
33103 4615
33140 4615
33217 2283
33222 19407
33244 8753
33276 8820
33408 17888
33464 8451
33481 4615
33536 13274
33548 6489
33597 11674
33613 15132
33624 18968
33681 19407
33708 4615
33783 13359
33871 1401
33909 1401
33937 22040
33938 19407
34018 19407
34026 120
34069 187
34078 15901
34106 24858
34142 21851
34156 8935
34171 3353
34195 1979
34232 19407
34243 6489
34248 13518
34276 3647
34292 21981
34330 21981
34367 4615
34369 6489
34371 18968
34418 16237
34480 22855
34513 1569
34547 19246
34552 3353
34574 4086
34597 18968
34618 4225
34657 120
34809 19407
34877 120
34889 16951
34922 19392
34933 120
34962 22944
34985 23192
35081 8103
35123 1979
35185 120
35275 23489
35337 8451
35392 23591
35525 12036
35545 23712
35638 771
35645 19407
35681 23797
35720 5092
35769 6489
35824 21849
35945 12036
36113 19407
36123 771
36126 4615
36144 27618
36164 18968
36166 19407
36212 19407
36221 1396
36246 3011
36248 19318
36332 32551
36336 16951
36342 4615
37404 19392
37414 19407
37416 19407
37440 4225
37491 15620
37529 26500
37551 2957
37591 18968
37656 26454
37663 120
37725 120
37769 2283
37829 1979
37869 6489
37881 8820
37882 24858
37916 4277
37933 24858
37957 24858
38033 16951
38043 16714
38050 1396
38151 15620
38155 26500
38158 24858
38167 25049
38178 120
38187 24858
38221 24858
38240 9943
38262 25801
38297 24858
38310 17451
38347 16951
38395 24523
38418 24858
38488 21849
38536 3521
38597 4615
38604 24858
38664 120
38679 386
38727 4615
38738 1979
38764 1979
38768 24858
38814 24858
38823 120
38846 4615
38881 10027
38901 18968
38903 15625
38943 23345
38970 11883
38989 24858
38990 25769
39052 16951
39060 120
39062 26454
39087 25904
39131 26021
39151 120
39197 24858
39213 19407
39214 11883
39226 26096
39232 11883
39275 24858
39301 120
39308 120
39324 24858
39334 6489
39335 11883
39381 24858
39396 22660
39405 1401
39406 18968
39502 771
39549 11883
39568 120
39569 11883
39599 19407
39650 13359
39664 4804
39690 2283
39748 4225
39752 24858
39774 25801
39790 1401
39811 4615
39828 1401
39829 24858
39846 24858
39850 26454
39861 120
39875 24858
39879 22536
39910 24858
39927 1401
39934 24858
39949 6489
39960 2957
40005 24858
40058 26174
40071 2510
40113 19204
40133 4615
40223 26500
40247 771
40249 6489
40268 26500
40269 24858
40359 19407
40360 771
40421 24858
40432 120
40489 16951
40501 24858
40591 25801
40609 6489
40706 24858
40727 26454
40733 15620
40757 27140
40770 6489
40779 24858
40790 27140
40838 8438
40852 26500
40869 11883
40988 24858
41001 26454
41054 18968
41079 25801
41132 27140
41157 120
41159 120
41223 24858
41243 25801
41249 22868
41274 4390
41312 26786
41471 24858
41607 24858
41652 24858
41653 4374
41677 26786
41684 120
41694 26500
41767 4935
41807 120
41847 16951
41857 24858
41864 24858
41896 4935
41945 24858
41973 26454
41985 11883
42047 120
42078 4935
42176 4935
42277 4935
42297 4935
42322 4374
42335 2350
42423 26786
42484 4935
42494 2283
42586 4935
42593 27618
42663 28642
42828 19407
42848 4935
42870 25732
42923 12386
42938 15620
42947 13359
42948 4935
42985 16951
43036 4935
43074 24858
43111 27618
43113 4935
43145 26500
43166 4935
43181 27618
43217 16562
43281 4935
43363 4935
43404 26786
43433 29094
43471 25801
43511 27140
43553 1401
43572 26500
43602 29262
43661 120
43665 8820
43731 3353
43758 26454
43926 4935
43928 26786
43967 26786
44063 26454
44125 26454
44141 26454
44150 2283
44160 29800
45218 4935
45231 11883
45367 30994
45386 26454
45422 27618
45470 771
45473 27618
45494 26479
45511 26454
45535 26454
45612 4935
45767 11883
45770 26454
45848 25614
45893 31542
45919 18968
45928 11883
45960 4615
46078 4615
46128 26786
46154 4935
46161 4935
46179 184
46250 26454
46295 4935
46354 771
46393 26454
46407 21213
46422 26454
46424 22181
46455 26500
46526 27618
46542 26454
46548 22046
46610 26454
46660 26454
46713 25797
46754 4935
46764 4935
46833 2283
46854 23991
46900 4615
46995 17620
47010 32522
47057 12579
47079 12036
47104 4615
47125 4935
47161 26454
47187 8820
47204 26786
47238 26454
47257 27140
47280 17193
47298 2957
47410 32819
47438 26786
47445 18968
47464 19407
47496 120
47504 24858
47521 771
47588 21849
47650 33007
47723 26174
47774 4615
47815 26786
47823 19407
47836 4374
47851 26454
47889 26786
47907 26786
47912 27140
47955 4615
47985 16933
48054 24858
48194 2283
48216 3945
48225 13326
48227 33393
48242 2283
48369 24858
48386 2957
48389 26786
48411 28932
48515 31682
48518 21523
48535 26786
48585 27140
48697 1401
48717 24858
48755 24858
48771 13039
48789 24858
48812 26454
48857 26174
48862 26454
48889 2283
48893 24858
48922 8820
48949 33089
48963 33089
49008 15901
49063 26252
49073 2283
49112 24858
49152 27140
49211 27140
49226 771
49243 24858
49263 120
49335 8451
49381 26454
49401 34318
49427 34371
49442 26786
49494 26454
49521 34428
49564 24858
49646 4935
49736 18968
49751 4374
49800 24858
49888 26786
49894 27618
50093 25411
50204 771
50215 2283
50231 4935
50249 2957
50270 26500
50275 26786
50369 4615
50446 4935
50503 16562
50549 2283
50644 4086
50649 31460
50723 27618
50746 16878
50803 24858
50881 23447
50901 12036
50913 26454
50955 24858
51024 26786
51203 4935
51223 26454
51230 771
51246 19407
51279 22729
51280 26454
51366 26454
51398 2848
51432 26454
51496 26786
51531 6489
51556 4374
51620 26786
51723 11883
51807 2135
51848 27508
51855 11883
51877 26454
51958 11883
52113 26454
52206 26454
52212 24858
52252 26454
52262 771
52334 26454
52349 27618
52391 1823
52448 24858
52451 11883
52455 15901
52461 26454
52471 3353
52477 24858
52521 24858
52539 26454
52637 21849
52647 771
52680 26454
52682 96
52694 11883
52741 771
52754 3353
52777 6489
52791 32737
52908 28850
52916 26500
52922 24858
52978 771
53024 26786
53146 26786
53199 18968
53215 26786
53235 4374
53298 25411
53343 1979
53375 26454
53428 4935
53429 19392
53438 4935
53447 8820
53573 27140
53588 1979
53617 771
53649 2283
53694 26454
53797 26786
53867 4935
53883 25411
53908 24858
54050 38825
54083 2283
54096 4374
54121 771
54127 4935
54160 26786
54175 38607
54198 26454
54217 33405
54228 16237
54254 26786
54273 26786
54350 26786
54365 4935
54385 4615
54415 26786
54471 26786
54533 26454
54568 19495
54619 26454
54635 38309
54678 26454
54807 26786
54838 3011
54956 19407
54976 34359
54990 26454
55213 26454
55283 4935
55350 24858
55390 14778
55410 4935
55452 25411
55505 27618
