2 8 9 79 3292 16616
3 10 11
4 238 15081
12 356 45195
14 19 20 117
23 31 146 1310 10359
25 30 32
26 50 69
27 34 39 42 130 138 423 6142 12411
37 260 1945
45 181 1128
46 53 56 114
63 74 148 150 1706 2503 10861 11120
64 67 70 392 646 12456 12543
68 105 142 147
71 83 86 106 109 113 125 135 391 871 1595 1896 2621 10358 11607 12317 12412 12695 14244 14377 14395 15005 17791 18888 28788
76 87 1776
78 80 84 115
90 99 1450 14975
91 100 188 254
92 256 528 17014
94 98 187 1082 2208
95 788 11294
96 131 136 204 5559
101 103 111 237
112 132 140 180
120 162 583
122 220 53362
123 141 7558 14922
134 156 163
143 358 23287
145 153 37890
151 185 4329
152 847 851
160 164 165 166
168 173 19003
169 329 394 1513
174 176 182 25425
186 493 12547
193 194 209
214 216 228 246 1089
215 223 226 772 19294 33721
219 224 5638 5696
221 225 236 10462
229 411 416 483 1378
230 233 242
235 239 501 2080
240 241 253
243 244 2380
245 257 1708 9901
248 255 24023
259 295 1538 2753 8999
261 439 1724 6215
274 277 296 803
279 297 304 582 762
285 307 310 1176 27276
298 299 43548 43550
323 331 341 9743 9797
332 336 5775 16731
338 345 441 5811
349 355 370 14414
350 352 354
360 362 363 368 1250 9138
365 367 2236
369 371 8053
374 382 385 387 924 1597
375 383 544
390 393 5714
403 406 420 5717
404 421 424
407 409 414 42591
415 418 426 431
433 474 556
435 453 40641
436 440 11436
446 448 451 476
458 462 473
459 466 9891
460 463 464 523 534 802 10519
461 465 467
477 478 486
480 488 489
490 496 500 1557 1598 10378
491 494 511 512
492 495 529
497 498 499 517 539 1436
502 527 11011 20569
503 504 505 1672
510 514 516
513 515 575
522 532 536 665 1438 14915 22776 22784 22804 22834 33083 34168
524 638 42902
525 526 530 3231 32202
531 558 629 1303
535 637 23906
540 890 1054
543 545 573
549 554 574
553 557 608 621
563 566 569
587 589 35406
590 591 598 603 2467 10349
593 595 596
602 605 606
622 623 628
640 643 645
651 682 1622
663 716 7707 22985
673 675 676 16607
678 711 23800
686 701 3116 7442
696 739 42776
704 738 6249 12369
706 710 718 15235
717 729 736 1972
731 735 9627
732 733 734 1333
747 748 752 782 1247 24173
750 753 39501
754 780 865 1470
763 764 19185
787 790 797 1673 23111
789 791 792 14687
793 794 19364
805 806 807 12753
808 809 33014
812 820 28972
813 814 816 823
819 821 822
824 856 17507 35076
825 830 2316
831 836 837
838 839 840 841 1220
842 843 845 852 854 1039 1099 1115
844 850 18931
858 861 8195
863 864 2744
868 869 870 874
882 975 2418 2419 2433 3175 27306
888 891 2387
892 895 5646
899 902 932 3262 34921
907 909 11836
951 953 956 963
954 980 5809
964 966 967 10465 28934
970 979 985 1023 7639
982 983 7879
984 988 1019
987 995 1002 1018
991 994 998 999 1153 1157 38426
1000 1442 54143
1007 1144 1152
1017 1319 1322 9219 10530
1030 1034 1035 1121 1122 1124 1165
1031 1033 1078 5859
1038 1042 1051
1060 1075 42020
1070 1084 1723
1085 1086 1092
1087 1088 1091 3279
1110 1140 1146
1141 1147 3092
1150 1151 1159 2076 9941
1163 1164 1166 1177
1186 1187 12748
1191 1192 1193
1199 1577 1580 7742 7750
1207 1211 1444
1213 1237 1300
1222 1224 1226
1256 1258 1260 1261 1267
1257 1269 2293
1273 1277 1283 1285 17625
1296 1297 1331 5682
1299 1304 50485
1323 1332 1334 1775 5550 7578
1345 1347 1348 15093 25556
1353 1355 1452
1356 1360 1823 28721
1359 1376 1407
1382 1409 1430 21049 21071
1416 1424 1431 1443 12752
1419 1423 1446 5937 39021
1460 1471 2498
1466 1627 24295
1476 1477 1550 11503
1478 1510 1512 16850 16855
1499 1504 1509
1500 1501 1946 5812 5815 5816 30861
1514 1518 1519
1520 1521 1522
1529 1530 1532 1626 1709
1539 1541 1542 1797
1547 1549 1551
1552 1562 1582
1553 1554 1658
1579 1581 1594 1695 15265 26590
1584 1587 1610
1646 1647 1648 1663
1653 2279 9585
1660 1662 2728 8949
1690 2175 2183 2531
1700 1702 1755
1707 1710 1725
1711 1714 1721
1716 1719 2328
1722 1777 11513 11514
1737 1739 1746 5979
1740 1742 25313
1754 1757 1761
1756 1874 23801
1758 1760 3119 20679
1759 1770 1771
1798 1830 3084 9172
1799 1801 1804 2112 2320
1835 1836 1842 7934 7954 14210 14226
1851 1853 1854 5803 15434
1869 1870 1871 1880 1883 2422
1877 1882 20595
1890 2043 35453
1910 2599 54616
1924 1930 1941 2477
1932 1938 2205
1958 1962 9535 10138
1960 1961 1970
1967 1971 49831
1976 1982 1984
1977 1980 2055 2061 2063
1983 1985 2264 2265
2004 2006 2008
2009 2010 2011
2014 2015 2019 3274 11885 26278
2024 2032 2035
2026 2031 2088 5950
2027 2028 2029 3306 11256
2042 2044 2051
2056 2057 2059 2079 2346 2365 12717 12746 14434 23209
2062 2071 38653
2064 2085 14937
2067 2092 17678
2069 2075 17126
2083 2099 2570 3210
2086 2097 2111 21066
2094 2098 2135
2100 2106 5526
2101 2104 2108
2114 2115 8143
2133 2134 2171 2198 2813
2145 2147 2148
2161 2163 3079
2185 2186 2323
2188 2189 17740
2201 2202 2203
2215 2219 2224 10683
2234 2235 4482
2243 2244 2248 3019
2255 2256 2258
2260 2261 2262
2263 2266 2269 2303 7401 10859
2275 2278 2284 47767
2281 2283 2289 5935 26119
2312 2720 19131
2318 9598 9602
2339 2340 2342 2347 2352 27150
2345 2348 2349 5577
2401 2402 2403
2405 2408 22785 23678
2421 2424 2471 22852
2456 2457 2462 2464 2472
2460 2463 2465 2479
2489 2490 2494
2533 2535 2538 2542 2547 11605
2543 2544 12277 15213 15251
2545 2546 11128
2548 2549 2551 28838 28854
2554 2562 5847
2556 2561 2656
2564 2565 2566 2567 2572 2573 2576 2586 2587 17002 17004
2574 2579 43554
2575 2580 2583 11553
2590 2593 2601
2605 2607 2610 2619
2609 2611 2616
2635 2636 2637 20650
2671 2673 2674 45286
2677 2679 10301
2683 2684 2687 5970 5976 6120
2686 2689 10827 12985 24182
2692 2695 2718
2726 2727 10048
2737 2739 2740 8321
2755 2757 2771
2759 2770 54039
2762 2763 2765 2767 2772
2785 2786 2787
2810 2824 2826
2817 2835 3308
2822 7726 9632
2836 2838 2843 2854
2839 5549 33703
2840 2842 2844
2863 2866 2874
2872 2875 2888
2880 2881 2896 2919
2887 2893 2895 17319
2993 2999 12782
3013 3014 3016 3017
3056 3059 3101
3060 3069 3071
3064 3067 3099 9003 9008
3080 3081 3082
3085 3088 5947
3093 3095 3096 5845
3102 3103 3112
3110 3182 11467
3146 3162 7820
3170 3171 15305 33992
3187 3189 3191 3192 7868 7871 14348 14406 26849 34395
3188 3190 3194
3205 3212 51364
3217 3218 3228 3232
3230 3233 3235
3242 3243 3252 10707
3280 3282 3283
4320 4322 4327 34374
4324 4325 4326 4347
4336 4339 4341 4355 9153 10474 11783
4337 4338 33356
4342 4343 4344 19382
4364 4389 7747
4368 4370 4379
4374 4454 4460
4377 4380 4386 7992
4381 4463 5586 10441 34541
4410 4411 4414 4417
4418 4425 8144 11825 11931 12081 17458 40369
4423 4430 4441
4487 4505 5529 6075 30766
5522 5523 34608
5536 5537 5538
5554 5555 21510
5570 5573 5587
5575 5581 5582
5592 5595 5596
5597 5598 5599 5911 8167 9614 11118 12148 12156 19105 23199 34020
5620 5625 8221
5624 5632 5658 17459
5648 5660 5662 5663
5672 5673 10920
5676 5678 5680 8059 10902
5729 5733 11515 20974
5747 5748 5749 5750 14531
5765 5768 5778 5792
5773 5779 14966
5788 5795 5806
5837 5838 5839
5862 5863 5867 30202
5865 5866 5869
5868 5870 5896
5878 21012 28320
5883 8241 11059 19023
5913 5916 5917
5925 5931 6137
5934 5938 5939
5943 5944 5953
5992 6143 8987
5999 6005 6081
6038 6039 6040
6047 6048 6049 6050 28505 28507
6066 6067 7338
6074 6079 7659 12650 12652
6101 6113 6114 6122
6106 6107 6255
6116 6117 6136 9840 9841
6128 6146 54300
6130 6132 6133
6154 6165 6166
6179 6181 6188 6195
6180 6183 47321
6182 6185 6186 6214 8269
6224 6225 6248 10615
6229 6232 23408
6240 6241 7905
6245 6246 8597
6250 6251 6252 6253
6256 6257 6258
6259 6261 10550
6265 7267 7276 10029
6266 7307 7310
7282 7284 7287
7308 7309 7311
7345 7349 7359
7360 7364 7365 7366
7372 7373 17051 35815
7375 7376 7384
7391 7394 7451
7399 10033 24073
7403 7404 9579 15527
7409 7413 17760
7412 7421 36258
7439 7444 23120
7459 7460 7466 8118 10529 12941
7484 7486 7488 7493
7518 7520 7529
7522 7523 12918
7524 7528 7544
7525 7526 7533
7559 7564 7568 7572
7601 7602 7619
7630 7631 7669
7634 7637 7646 20455 25542
7641 7642 7643 7658
7771 7774 7804
7812 7815 7816 7817 7818 7819 16980 40512
7838 7867 17043
7851 7858 7886
7853 7854 7857
7859 7860 7863 7878 9021
7887 7888 12745 14702
7891 7892 7893 7894
7901 7902 9190
7907 7908 7925
7937 7938 7940
7961 7962 7963
7969 7970 7971 7972
7975 7977 25421
7999 8005 8950 30379 30380
8017 8020 12884 23283
8019 8021 8025 8273 8637
8022 8023 8689 9737 11540
8034 8047 14867
8054 8055 8056
8058 8060 33811
8083 8085 8086
8084 8132 8135
8090 8091 10896 10897
8095 8097 54068
8122 8123 38829
8126 8142 25535
8131 8133 8134 11606
8161 8163 8164
8166 8168 8169
8170 8174 8198 26655 26657 27254
8175 8176 8179
8187 8188 8190
8202 8205 8217
8226 8229 32746
8234 8236 30281
8244 8247 8248
8249 8272 9597 23756
8251 8258 8261
8264 8265 8266 8373
8285 8286 8298 43466
8295 8297 8307
8311 8312 9710 11577
8331 8332 8349
8339 8340 8344 8346 8350 9011 9039 23351
8355 8356 8358 40656
8389 8398 8405 10776
8393 8435 8519 41374
8409 8410 8414 8441
8506 9324 11242 12431
8512 8546 20616 32217 37867
8557 8559 8560 8563 8566 14396
8561 8562 9306 9327
8623 8626 8644
8680 10882 15085
8683 8684 10039
8704 8708 8709
8741 8746 9187
8753 8762 8764 9506
8759 8765 8766
8768 8769 8770
8794 8796 8797 10064 10344
8814 8818 8819 8824 8827
8860 8865 8895
8870 8871 8872 21327
8877 8883 30995
8880 9683 19227
8885 8890 8901 9511
8894 8896 8912
8955 8956 8964
8966 8988 14625
9012 9014 9018 9024 9029
9017 9023 9026 9033 9122
9044 16834 16847 16918
9059 9503 9509 15480
9060 9094 9097
9102 9105 9107
9108 9109 24293
9156 9158 19282
9159 9170 35306
9165 10366 10416
9177 9185 9186 15494
9221 9222 9225 10249 28644
9233 9237 12666
9234 9253 9274
9247 9249 9252 9258 9261 9271 9272
9264 9273 9547 9567
9288 9289 53179
9301 9318 9682
9309 9317 9329
9424 9438 12781
9429 9430 10095
9436 9472 9474
9457 9458 9490 32366
9463 9466 9467
9480 9507 15180
9517 9519 9522
9561 9563 9570 9603 9696 9851 10631 18949 20659 23759 49876
9639 9640 9674 39191
9644 9646 9670
9697 9729 9754
9698 9700 9704 9705
9760 9762 9807
9761 9763 9764 9766
9769 9770 9773 9833 10015 10097 10241 10785 16983
9777 9778 9836
9785 9787 9788 9820
9802 9805 9813 16815 22936 24032
9808 9809 9814 9879 53648
9811 9812 9824 9830
9847 9855 9869
9850 9854 15405 15414
9885 9888 9926
9909 9911 9952 14230
9929 9930 9939 21171
9966 9967 9996
10055 10060 10063
10074 10075 10078
10087 10093 11368
10206 10207 23837
10210 10214 10215
10267 10274 11693 35867
10275 10294 12246 48639
10284 10286 12083
10310 10312 26192
10316 10317 28689 39809
10319 10369 10488
10330 10336 10342 11940 13101
10331 10335 10395
10409 10410 10450 33297 42738
10411 10413 35983
10420 10421 10422
10447 10449 10451
10458 10459 10460
10475 10476 10482 10841
10478 10480 10481 11134
10492 10495 10515
10572 10588 10597 10623
10610 10613 10614 21184
10632 12405 15156
10633 10634 10640 10643 21124
10688 10689 10727
10699 10700 49576
10739 11304 24098
10749 10757 10758
10760 10765 10768
10849 10851 10862
10852 10855 10856
10866 10867 10887
10868 10872 14130
10914 10923 10935 19139
10929 10977 11006
10932 11345 12182
10933 10936 10938 10939 10940 11099 11729 11744 11747 15472 19241 19248 23659 23821 24071
10958 10959 10965
10983 11174 11177
10984 10987 12439
10994 11695 17165
11000 11005 17082
11010 11022 11024
11017 11019 11021
11033 11039 11085
11044 11045 11071 11072
11053 11057 11073
11062 11063 11113 38716
11143 11159 11160
11179 11180 11181
11214 11216 11967
11286 11288 11289 15013 27248
11307 11308 12755 16574
11327 11328 11330 23128
11343 11347 11349
11415 11419 11421
11428 11430 11433 11462 39475
11429 11432 47237
11437 11438 11440 14489
11452 11455 11492
11651 11664 11674
11652 11655 11660
11679 11752 19255
11700 11709 11720 11721 40413
11740 11742 11743
11755 11757 11767
11787 11793 11803
11805 11810 11813 11815 11874
11829 11838 14728
11842 11848 11867
11845 11849 11857 11873 26013
11859 11860 16932
11863 11864 11865 11868 11888
11883 11884 11886 11903 11906
11942 11944 11950
11991 11993 11994 11999 12004
12009 12010 28339
12025 12027 12028
12030 12031 12032
12035 12038 12075 14490 14496
12039 12040 18962
12048 12119 27674 27697 39325
12052 12056 14346
12059 12060 12063 12120 36368
12064 12066 12073 12084 25770 32567
12089 12090 12091 12094 12095 12104 12117
12102 12103 12114
12122 12125 12506
12127 12129 54661
12159 12160 12161 12170 12187 12193 12249 26093
12173 12195 12343 34533
12221 12244 12268
12228 12229 43991 54344
12254 12255 12258
12256 12257 12259
12273 12275 12292
12297 12298 20835
12305 12306 12309 12312
12370 12373 12451
12377 12380 12382 12398 17388
12383 12387 12395
12448 12449 12459
12460 12461 12464
12480 12482 12494
12509 12512 12515
12516 12517 12618 12620
12521 12522 12525 12527 12533 32273
12551 12562 12570
12554 12555 12582 17552 21148
12564 12565 12566 12572
12605 12608 12619
12606 12627 12656
12607 12610 12612 12675
12677 12678 12679 12687 12688
12680 12682 12704
12706 12707 12829
12735 12736 12737
12768 12770 12771 12774 12785
12800 12827 12909 14536
12816 12817 12824 12832
12834 14839 14855
12855 12856 12863
12872 12873 12879 12885
12892 12893 12895 12897 12930
12901 12903 12904 32814
12944 12945 12946 40031
12963 12964 12966 39024
12968 12970 12980
12991 12995 12996
13028 13029 13051
13039 14486 14513 14538
13059 13060 13069
13061 13062 13063 13074
13083 13086 13098 14283
13093 13094 14317
14120 14126 14128
14131 14132 14134
14139 14140 14141
14145 14147 14148
14171 14177 31013
14212 14213 14214
14254 14255 14257 14301
14303 14304 14306
14305 14307 14308 14313 22886
14325 14327 14332 14333 14350 14380 14399 14401 20670
14339 14340 14341 14342 14344 14357 14359 14416
14343 14347 14349
14374 14381 14382
14402 14403 14404 14405
14412 14420 14426 26994
14468 14469 14475
14476 14478 14479
14492 14493 14494
14497 14498 14499
14501 14504 14506
14527 14530 15006
14539 14540 14541 14543
14546 14548 14552
14553 14555 14558
14579 14581 14585 17607
14608 14611 14615
14643 14646 14650
14667 14668 14684
14691 14692 14694 14696
14706 14708 14831
14742 14744 14745 14747
14755 14756 14757
14858 14861 14862
14865 14868 14870 14872 14873
14888 14889 14898
14901 14903 14907 14910
14911 14912 14921
14953 15132 17658
14992 14996 15001
14997 15000 15004 37715
15011 15017 15019 15021 15026
15016 15018 15025
15023 15024 15059 15074
15041 15044 15047
15064 15066 28725
15086 15087 15088 15090 18915
15094 15095 15096
15125 15126 15128
15144 15145 15148
15167 15171 19366
15172 15174 22954 49860
15236 15300 15303
15237 15239 15240 15249 20666
15258 15259 15273
15271 15272 15278
15334 15336 15349 15356 15358 15360 15368 15369 15371
15341 15342 26892 26977
15343 15345 15352
15364 15393 17291 23319
15374 15379 15403
15419 15425 15432
15447 15449 15451 15471
15469 15470 16583
15489 15490 52941 52943
15504 15505 15506 15526
15508 15512 15519
15521 15541 15545
15543 15547 16575 29046
15550 15560 15562
15554 15559 15565 15568 16723 21098 22685
16587 16588 16589
16614 17235 17256 32376
16631 16634 16638 16660
16639 16641 16644 16650
16643 16656 16670
16659 16661 16662 16688
16694 17061 23555 33781
16699 16701 16711 16725 16738 27512
16706 16708 16741
16712 16713 16739
16742 17066 30360
16753 16754 16755 16766 16769 16781
16771 16784 19244
16774 16775 16790
16849 16854 16955
16865 16877 16879
16988 16989 16991 16992 16997 16999 17005 17006 17011 17035
17053 17055 20987
17059 43081 43104
17083 17098 19268
17084 17090 17100
17099 17101 17102
17143 17146 17149
17172 17175 17179
17183 17186 17498
17187 17193 17806
17190 17191 23100
17207 17209 17213
17217 17219 17380
17230 17237 17692
17241 17268 17280
17272 17276 20800
17321 17349 17353 17362 17396 33737 52321
17339 17352 40233
17340 17350 17354
17361 17371 17373 21312
17374 17375 17376 17377 17378 17383 17389
17418 18966 18985
17419 17421 17422
17429 17432 17433
17451 17454 17461
17508 17511 17513 19075 20660
17523 17524 17527 28230
17554 17567 17568
17559 17570 17571
17598 17600 17605
17624 17626 17627
17704 17720 23980
17787 17790 17835
17788 17789 17834 18972 18973
17825 17829 17830 17836
18849 18850 18851 18852
18877 18883 21081
18952 18953 18955
18979 18981 18987
18993 19005 19016 23133
18996 18997 18998 19007 19020
19024 19026 19037
19046 19048 21139 39378 48022
19055 19056 33960
19077 19082 19083
19098 19101 19106 19116 19128 19132 19135
19100 19102 38619
19141 19143 19144
19172 19174 19182
19196 19197 19199
19215 19217 36319
19229 19230 19231
19256 19259 19260
19283 19284 19286 19292 19297 19303 19310 19312
19308 19313 19321
19319 19329 19335 19353 20560
19326 19330 19345
19358 19360 27347
19359 19361 19363 19365 19378 19379
19392 19393 19394 19397 19415
19413 19416 19417 19418 19424
19437 19439 45392
19442 19443 19444
20456 20457 20490 20491
20520 20521 20552
20544 20546 23019
20600 20601 20602
20603 20605 20608 20609 20613 20625
20684 20689 20695
20685 20686 20688
20702 20703 20705 20710 35568
20729 20732 20742
20735 20740 20741 20743 20745 20763
20757 20758 20761 22968
20769 20771 20776
20809 20812 20813
20844 20846 20857
20862 20866 20868 20870
20878 20884 20885
20889 20891 20892
20898 20900 20902 20903 20904 20905
20908 20912 20914 20921 20922
20992 20994 20995 21009
21023 21028 21029
21052 21053 21069
21088 21089 21095 21101
21141 21145 32720
21179 21181 21360
21201 21202 21215
21217 21220 21223 21240 21249
21218 21224 21234
21266 21270 21313 21314
21275 21277 21291 28723
21276 21280 21282
21281 21286 21290 21520 34005
21304 21311 21319
21372 21373 21374
21376 21380 21381 21391
21447 21449 21451
21502 21503 21549
21540 21547 21552 40425
21561 21562 21570 22980
22664 22667 22668 22670 22677 22698
22680 22681 22684 22825
22705 22706 22716 22742
22711 22712 22713
22727 22731 22734 22744
22763 22765 22766
22770 22772 22775 22778 22779 22781
22788 22790 22793
22801 22802 22810 22816
22841 22843 22846
22845 22859 23020
22888 22889 22890
22971 22973 22974
23026 23030 23040
23045 23046 23050
23052 23059 23060 23061
23118 23119 23124
23126 23127 32991 33016
23166 23169 23182
23260 23261 23268
23262 23263 23267
23309 23311 23313 23315 23317
23331 23333 23334 23336 23337
23359 23380 23381
23368 23379 23382
23385 23387 23396
23386 23388 23394
23410 23412 23414
23445 23446 23447 23449 23460
23470 23473 23474
23480 23481 23483
23510 23511 23514
23554 23562 23563
23557 23558 23559
23567 23570 23571
23576 23579 23586 23667
23588 23590 23591 23605
23616 23619 23627 23628 23646
23640 23641 23642 23645
23651 23656 23658
23679 23680 23681 23683
23687 23693 23694
23698 23699 23700 23701
23740 23745 23990
23760 23766 23771 47541
23763 23767 23796
23774 23775 30698
23812 23813 23815 23818 23822 23832 23833 23835 23862
23840 23842 23843
23860 23864 23865
23889 23891 23894 23901 24080
23916 23917 23925
23983 23985 23988
24027 24028 24029 24033 24036
24031 24043 24055
24124 24125 24132
24162 24164 24168
24185 24190 24192
24203 24204 24297 24298
24210 24217 24225
24253 24256 24260
25317 25383 34621
25319 25321 25348 25746
25320 25323 51779
25343 25346 25347
25355 25356 25411 32926
25366 25368 25369 25370
25373 25374 25377 25380 25388
25393 25394 25408
25397 25407 25409 53252
25437 25439 25446
25475 25476 25479
25481 25483 40110
25564 25565 25566 25569
25630 25635 25667
25835 25836 25839 25842 28943
25861 25868 26077
25862 25880 30310
25906 25908 25913
25916 25920 26733
25917 25918 25919
25921 25923 25927
26014 26016 26037
26090 26094 52449
26110 26112 26123 30292 37585
26125 26172 26249
26168 26169 26186
26180 26183 26185
26197 26199 26200 26201
26265 26277 26282
26280 26290 26291
26390 26401 26402
26396 26399 26417
26403 26409 38565
26413 26414 26416
26421 26424 26440
26426 26430 26431
26479 26480 26481 26483 31114
26498 26502 34731
26506 43328 43376
26520 26523 26524 26525 26532 26536 26580 33232
26521 26526 26527
26597 26599 26601
26650 26652 26663
26653 26654 26665
26660 26703 26720 26723 27341
26675 26676 26705 26706 26732
26695 26697 26861
26699 26700 26702
26713 26715 26728
26736 26737 43353
26756 26757 26763 26766
26802 26818 26866
26813 26814 26815
26828 26829 26832 26833
26838 26841 26842 26844 26853 26873 26971 26998 34473
26912 26919 26925 33002
26916 26917 26918
26926 26927 26929
26930 26931 27046
26945 26946 26947 26950
26952 26953 26955 26959
26978 26980 26986
26981 26982 26985
26991 26993 46599
27023 27024 47997
27054 27055 27057
27091 27094 31141
27159 27160 27161 27168
27163 27184 38089
27211 27213 27246 37744
27263 27264 27266 27268
27269 27274 27279
27358 27360 27361 50758
27364 27365 27367
27382 27383 27385 27386 34801
27401 27403 27406 46013
27414 27422 27423 27429 27441
27416 27418 27426 27427 27436 27443
27519 27530 27532
27583 27589 27590
27606 27608 27610
27619 27727 42563
27641 27646 27649 27651 27654 27657 27660 27663
27644 27645 27647
27670 27672 27673
27767 27773 27787
27769 27771 43478
27790 27795 27797
27806 27810 27844
27807 27813 27815
27838 27839 27841
27899 27900 38060
27923 27927 28646
27959 27962 27972
28050 28051 28052 28053
28089 28092 28097 28109
28152 28155 28156 28215
28158 28159 28183
28233 28234 28235 28252
28255 28258 28259
28269 28270 28274
28288 28296 28314
28347 28349 28389
28445 28449 28463
28456 28458 28471 28472 28478
28462 28469 28470 29021
28464 28465 28466
28479 28511 28738 28739
28521 28525 35908
28558 28559 28562
28579 28584 28588
28580 28581 28582
28589 28592 28637
28596 28598 28613
28604 28607 28614
28665 28667 28669
28701 28707 28709 28710
28742 28744 28751
28787 28793 28804
28799 28814 28863 28867
28808 29043 29053
28836 28839 28847 28850 28857 28880
28999 29000 29010 29017 29069 32679
29011 29015 29016
29028 29029 29030 29058
29049 29051 29054
29195 29196 29198 30217
30228 30247 30248
30234 30240 30243
30383 30384 30388 30392 30398 30428 30437
30387 30391 39689
30389 30394 30396
30404 30405 30409 30415
30419 30421 30422
30459 30460 30462 30465 30467 30468 30474 30480 30494
30501 30502 30505 30520
30514 30517 30524 30529
30533 30535 30566
30569 30576 30578
30571 30580 30596
30602 30604 30606 33174
30607 30615 30701
30636 30638 30644
30680 30681 30684 30687 30690
30694 30696 30699 30719
30714 30716 30718 45746
30739 30742 30752
30782 32588 39339
30844 30845 30846 32185
30856 30858 30863
30893 30895 30901
30942 30943 30953 30955 30964 30967 30979 31011 48897
31040 31048 31050
31049 31053 31056
31097 31099 31102 31105 31124 31132 31136
31112 31118 31125
31128 31129 31130 31131
32186 32229 32255 32272
32188 32190 32196
32248 32251 32254
32268 32269 32270 32274 32275
32285 32288 32292
32289 32299 32302
32367 33741 34478
32383 32387 32393 32403
32421 32422 32423 32479
32444 32445 32447
32452 32453 32458
32459 32463 32486
32470 32471 32472 32474
32480 32484 32489
32495 32496 32499
32510 32580 46605
32511 32512 34615
32569 32570 32574 32577 32578 32583
32632 32633 32641
32647 32648 32652 32774
32651 32655 32676
32668 32672 35252
32683 32686 32689
32694 32698 32707
32703 32736 49741
32780 32781 32787
32793 32798 32799 32801 32803 32888
32805 32806 32809
32813 32818 39464
32815 32817 32820
32832 32837 32930 41531
32839 32844 32864
32840 32842 32843 32845 32849 32852 32866 32868 32877 32886
32889 32890 32895 32896 32905 32909 32924 32927 32929 32940
32936 32938 32941
32942 32946 32947
32948 32949 34210 46746
32977 32979 45654
33038 33041 33619
33057 33059 33065
33103 33104 33106 33108 33120 33123
33140 33143 33171
33217 33219 33220
33222 33704 33733
33244 33246 33247 33248 33249
33276 33279 33285
33408 33409 33411
33412 33420 33424
33464 33467 33468
33481 33484 33489 33490 33494
33530 33541 33542
33536 33546 33555
33548 33554 33566 33582
33597 33615 33621
33613 33614 33616 33623 33632 33651 33678 33693
33624 33626 33746
33681 33683 33706
33708 33709 33710 33715 33722
33745 33747 33748
33783 33791 33810
33871 33876 33879
33909 33910 33917 33933
33937 33943 33950
33938 33939 33945
34018 34021 34022
34026 34033 34038
34069 34072 34086
34078 34080 34090
34106 39136 47373
34142 34144 34145
34156 34161 34165
34171 34177 34179
34195 34198 34206
34232 34235 34555
34243 34245 34246
34248 34250 34274
34276 34278 34298
34292 34293 34294
34330 34331 34339 34347
34367 34370 34380
34369 34378 34379
34371 34628 46882
34418 34420 34422 34433 34436
34480 34482 34494
34513 34531 34532 34539
34547 34548 34550
34552 34557 34559 38928
34574 34575 34581
34597 34601 34614
34618 34619 34633 34737
34657 34659 34672
34809 34813 34819
34877 34937 49434
34889 34890 34891
34911 34916 34930
34922 34936 34943
34925 34926 34935 34938 34939
34933 34934 34940
34962 35034 38612
34985 34987 34994
35081 35084 35089
35123 35146 35167
35185 35187 35188 35189 35203
35248 35249 35257
35275 35277 35295
35337 35339 35352 35355 35377
35392 35393 35394 35401
35506 35507 35511
35525 35527 35528
35545 35547 35576
35638 35640 35643 35660 35689
35645 35647 35648
35681 35682 35686
35720 35723 35725 35726 35755
35769 35770 35772 35781 35782 35795
35824 35848 35871
35884 35885 35887
35945 35947 43678
35979 35985 41699
36113 36115 36116
36123 36134 36148
36126 36130 36133 36165
36144 41320 46374 46377
36164 36167 49017
36166 36168 36169 36205
36212 36213 37897 37900
36221 36247 37479
36246 36252 39671
36248 36250 36253 36257 36265 36267 36268 36270 36273 36277 36284 36303 36308
36332 36358 48623
36336 36338 36356
36342 36343 36351 36353
37404 37413 37433
37414 37415 37422
37416 37418 37431 37432
37420 37423 37425 37427 37464
37440 37443 37446
37491 37492 37514
37529 37534 39785
37551 37553 37559
37591 37592 37596
37656 40999 42967
37663 37664 37666
37725 37726 37752
37769 37771 37772 37776 37782 37784
37829 37830 37833 37859
37869 37871 37873 37874
37881 37895 37935 37943
37882 37883 37884 37910 38408
37905 37922 38528
37916 37917 37924 37936
37933 37934 37937
37957 37959 37967
38033 38034 38037
38043 38044 38076
38050 38054 38057 38058
38151 38154 39409
38155 38157 39941
38158 38159 38166 38169 38233
38167 38172 38173
38178 38181 38196
38187 38189 38190 38192
38221 38222 38246 38248 38270 38288
38240 38242 38243
38262 38309 38932
38297 38301 38307
38310 38311 38324
38325 38326 38332 38345 38420
38347 38352 38359
38395 38396 38397
38402 38403 38404 43948
38418 38419 38421 38422 38439
38488 38489 45529
38524 38525 38526
38536 38538 38555
38597 38598 38599
38604 38605 38607
38664 38666 38667
38679 38681 38684
38727 38730 38731
38738 38741 38742 38757 38790
38764 38767 48714
38768 38769 38789
38814 38819 38858
38823 38825 38828
38846 38848 38849
38881 38883 38951
38901 38902 38908
38903 38906 38913
38943 38974 46428
38970 38972 38982
38989 38994 39010
38990 38993 39028
39046 39050 39057 39061 39066 39067
39052 39053 39054
39060 39129 39172
39062 39082 41553
39087 39088 39093
39131 39134 39135 39140 39156
39151 39153 39154
39197 39198 39259
39213 39215 39216
39214 39217 39224
39226 39227 39237
39232 39233 39272
39275 39276 39278 39320
39301 39302 39305
39308 39311 39340
39324 39326 39327 39333
39334 39336 39347
39335 39337 39592
39381 39382 39387
39396 39397 39400 39412
39405 39407 39437
39406 39408 48488
39502 39508 39513
39549 39552 39553 39554 39562
39568 39571 39578
39569 39570 39583 39623
39599 39600 39607
39650 39651 39652 39653 39655 39657 39662 39669 39693
39664 39668 39670
39690 39692 42444 49844
39723 39726 39727 39731 39732 39734 39739 39740 39802
39748 39749 39750 39754
39752 39753 39755
39774 39783 39786
39790 39791 39792 39794
39811 39812 39813
39828 39832 39839
39829 39830 42445 42446
39846 39852 39865
39850 39863 39873 39888
39861 39862 39872 39882 40046
39875 39876 39877
39879 39880 39881
39910 39911 39912
39927 39928 39929 39930 39966
39934 39935 39938 39964
39949 39950 39962
39960 39961 39996
40005 40006 40013
40058 40069 40070
40071 40073 41633
40113 40114 40115 40118 40120 40121 40124 40125
40133 40134 40141 41942
40223 40225 40236
40247 40248 40251
40249 40252 40254
40268 40300 40307
40269 40270 52342
40359 40362 40364 40371 40377 40387
40360 40361 40363 40368
40398 40402 40408 40592 47874
40421 40422 40424
40432 40434 40435
40489 40491 40499 40539
40501 40503 40537
40591 40608 40613
40609 40611 40614
40706 40707 40713 40719
40727 40737 48967
40733 40742 40743
40757 40758 40767
40770 40775 40782 40783 40812 40826 42421
40779 40784 40795
40790 40800 40806 42111
40838 40839 40842 40844
40852 40855 40857 40867 46844
40869 40870 40874
40988 40989 41002
41001 41004 41005
41054 41061 41201 41203
41079 41082 41103
41132 41133 41138 41155
41157 41180 42121
41159 41161 41162
41223 41225 41230
41243 41245 41258
41249 41250 41251 41262 41284
41274 41275 41277
41312 41316 41317
41471 41472 41473
41607 41623 42062
41652 41655 41672
41653 41656 41667
41677 41679 41688 45295
41684 41685 41687
41694 41695 41696 41697 41698 41703 41704 41705 41707 41710 41714 41716 41718 41726 41736 41748 41777 41819
41767 41769 41788 41833
41807 41809 41887
41847 41852 41853 41854 41855 41863 41892
41857 41858 41859
41864 41865 41876
41896 41898 41901
41945 41946 41948
41973 41974 41989
41985 41993 41994 44048 47045 50597
42047 42048 42094
42078 42080 42081 42084 42099 42102
42176 42178 42179
42277 42278 42280 42291
42297 42299 42300 42301
42322 42323 42324 42329
42335 42337 42338
42423 42427 42428
42484 42485 42486 42492 42498
42494 42502 42504 42512
42547 42572 42575
42586 42588 42589
42593 42600 42614 42631
42663 42664 42668 42669
42828 42829 42840
42848 42849 42850
42870 42871 42872
42923 42924 42925 42996
42938 42941 42942
42947 42951 42965
42948 42949 42950
42985 42988 42992
43036 43037 43043
43074 43075 43076
43111 43112 43155
43113 43116 43120 43132
43145 43146 43148 43150
43166 43167 43168
43181 43188 43191 43192
43215 43245 43246
43217 43219 43244
43281 43284 43285 43290 43301
43363 43364 43365 43381 43397 43399 43400
43404 43405 43412
43433 43434 43439 43454 43456
43471 43476 43596
43502 43504 43507
43511 43512 43513
43553 43556 43557 43558
43572 43573 43578
43593 43597 43615
43602 43604 43629
43661 43662 43676 43689
43665 43667 43685 43687
43731 43739 43846
43758 43766 43772
43926 43945 43946
43928 43930 43939
43967 43968 43969 43971
44063 44067 44068
44125 44126 44129
44141 44147 44148 44154 44156
44150 44151 45883
44160 44161 44162 44164
45218 45220 45221
45231 45232 45237 45239
45323 45324 45336
45367 45369 45387
45386 45388 45389 45396 45399 45402 45468
45422 45424 53281
45470 45471 45472
45473 45474 45479
45494 45510 45809
45511 45513 45544
45535 45539 45540
45612 45613 45614 45615 45619
45767 45768 45789
45770 45771 45772
45848 45849 45852 45854
45893 45894 45905
45911 45912 45913 45918 45920 45943
45919 45921 45984 54827
45928 45929 45931
45960 45964 45966
46078 46079 46087
46128 46129 46135
46154 46155 46158 46170 46194 46207
46161 46162 46163 46164 46167 46171 46176 46195
46179 46198 46201
46250 46260 46261
46295 46301 46302
46354 46355 46358
46393 46394 46395 46397 46406 46419
46407 46408 46409
46422 46423 46427 46442 46489
46424 46425 46426 46433 46435 46439 46440 46451 46496 46498 46513 46545
46455 46458 46464 46465 46470
46526 46533 46559
46542 46543 46544 46546 46555 46595
46548 46549 46553 46554 46556 46562 46583 46584
46610 46611 46625
46660 46680 46682
46713 46715 46721
46754 46755 46756
46764 46766 46782
46833 46835 46836 46841 46856 46862 46870 46876
46854 46855 46857 46860
46900 46903 46904
46943 46946 46948
46995 46996 47001 47005
47010 47012 47015 47021 47032 47038
47052 47054 47056
47057 47058 47074
47079 47084 47085 47086 47089 47090 47109
47104 47110 47111 47112 47119 47121
47125 47127 47128 47138
47161 47162 47164 47166 47167 47170 47171
47187 47190 47193 47194
47204 47205 47210 47214
47238 47240 47241 47242 47251 47252
47257 47260 47266
47280 47282 47291 47306
47298 47299 47300 47301
47405 47408 47420
47410 47411 47419 47430
47438 47461 47463
47445 47446 47448
47464 47466 47471
47496 47500 51913
47504 47509 47510
47521 47522 47523 47528 47535
47588 47589 47594 49708
47636 47637 47640
47650 47651 47660
47723 47724 47733 47734 47736 47738
47726 47728 47730
47774 47777 47788
47791 47794 47798
47815 47817 47842
47823 47826 47827
47836 47838 47839 47845
47851 47908 47909
47889 47892 47920 47921
47907 47922 47938 47959 48016
47912 47916 47931
47955 47963 47966
47985 47986 47994
48054 48055 48058
48194 48196 48197
48216 48220 48226 48252 48329 48334 49693
48225 48311 48322
48227 48230 48231 48240
48242 48245 48247 48251 48257 48259 48262 48268 48269 48272 48283 48287 48294 48318 48331
48369 48370 48372 48377 48381
48386 48387 48388
48389 48390 48391
48411 48414 48416
48515 48523 48525
48518 48524 48528 48533 48546 48554
48535 48536 48537
48585 48601 48602
48697 48698 48700
48717 48719 48721
48755 48761 48762
48771 48772 48779 48788
48789 48790 49608
48812 48816 48817 48819 48820
48857 48859 48860 48864 48957
48862 48866 48867 48870 48896 48911 48918
48889 48890 48892 48894 48915
48893 48899 48901
48922 48924 48930
48949 48951 48960
48963 48966 48968 48981
49008 49009 49013
49063 49067 49077 50520
49073 49074 49075
49112 49113 49114
49152 49153 49154
49164 49166 49169 49170
49211 49212 49213 49214
49226 49231 49298
49243 49244 49245 49247 49251 49252 49253
49263 49265 49275
49335 49336 49337
49342 49347 49353 49379
49381 49382 49384 49387 49388 49390 49421
49383 49386 49396
49401 49402 49407 49411 49429
49427 49428 49432 49440 49465 49469
49442 49446 49451
49494 49498 49499
49521 49522 49526 49528 49533 49548
49564 49566 49570
49646 49648 49651 49652 49679 49691
49736 49738 49739 49740 49745 49748 49749 49752 49753 49762 49842
49751 49754 49756
49800 49802 49803
49888 49889 49890
49894 49897 49898 49902
50093 50104 50150
50204 50206 50218
50215 50216 50223
50231 50234 50236
50249 50252 50255 50271
50270 50272 50276 50280 50297
50275 50277 50278
50369 50371 50373 50379
50446 50447 50448 50454 50456
50503 50504 50507 50508 50511
50549 50550 50551
50644 50650 50655
50649 50652 50653 50668 50698
50723 50724 50725 50726
50746 50747 50748
50803 50806 50813
50881 50882 50883 50884 50886
50901 50902 50908 50912 50917
50913 50914 50928
50955 50957 50960 50965 50975
51024 51025 51026
51203 51205 51206
51223 51224 51226
51230 51233 51235
51246 51247 51248 51254
51279 51282 51289
51280 51281 51288
51326 51327 51332
51366 51367 51404 54400
51398 51400 51402 51403
51432 51434 51437 51438 51439 51441 51442 51444 51453 51454 51467
51496 51499 51507 51509 51522
51531 51532 51537
51556 51557 51566 51569
51571 51572 51576 51595 51598
51620 51623 51633
51723 51725 51728 51731
51807 51808 51814
51848 51849 51850
51855 51857 51956
51877 51887 51888 52159
51958 51959 51975
51983 51984 51985
52097 52098 53776
52113 52116 52117 52120
52206 52207 52208
52212 52214 52217
52252 52253 52254
52262 52268 52269
52334 52336 52337
52349 52353 52363
52391 52392 52400
52448 52450 52454 52476
52451 52452 52456
52455 52458 52459 52489
52461 52462 52463
52471 52473 52491
52477 52483 52493
52517 52519 52520
52521 52522 52563 52582
52539 52578 52579
52625 52626 52630
52637 52638 52641 52643 52646
52647 52648 52649
52672 52673 52674 52675
52680 52684 52689 52690
52682 52685 52686 52688 52692 52693 52717
52694 52702 52704 52705 52706
52739 52740 52743
52741 52742 52747 52753
52754 52756 52762 52763 52764 52768
52777 52778 52779 52781 52788 52789 52794
52791 54435 54452
52908 52910 52931
52916 52919 52932
52922 52924 52929
52978 52982 52998 53013
53024 53029 53030 53032 53033
53146 53147 53151
53199 53217 53338
53215 53218 53225
53235 53239 53243
53298 53306 53319
53343 53349 53350
53375 53381 53382 53384 53389
53428 53430 53431 53432 53444
53429 53446 53457 53460
53438 53439 53440
53447 53449 53450
53573 53574 53578 53581 53591
53588 53595 53596
53617 53618 53625 53640
53649 53651 53680
53694 53756 53761
53797 53799 53800
53867 53870 53876
53883 53884 53886
53908 53909 53919
53947 53948 53949 53952 53957 53960 53964
54011 54012 54013
54050 54051 54064
54083 54084 54086
54096 54100 54106 54108 54117 54120
54121 54122 54123 54131 54134 54146
54127 54128 54132
54160 54162 54163 54166 54170
54175 54180 54183
54198 54208 54209
54217 54219 54224 54226 54227 54231 54232 54236 54263
54228 54288 54296 54316
54254 54255 54256 54257 54274
54273 54275 54291
54328 54329 54331
54350 54354 54357
54365 54367 54368 54369
54377 54378 54387
54385 54388 54389
54415 54424 54440
54471 54472 54483
54533 54535 54544
54546 54547 54548 54551 54555 54560 54564 54565 54567 54575 54581 54585
54568 54570 54584
54619 54626 54627 54632
54635 54638 54639 54649
54678 54689 54695 54698
54807 54808 54809
54838 54839 54840 54845
54956 54957 54964
54976 54980 54983 54986 54994 55002 55017
54990 54991 54993
55127 55129 55131 55134
55213 55214 55216
55283 55284 55285 55286 55288 55289 55291 55294 55303
55350 55353 55354
55390 55391 55392 55413
55410 55417 55448
55452 55454 55463 55466 55483
55505 55521 55527
