2 16
3 5
4 12
12 18
14 16
23 18
25 16
26 45
27 9
37 46
45 16
46 62
63 20
64 66
68 20
71 72
76 74
78 64
90 16
91 16
92 16
94 84
95 64
96 65
101 84
112 88
120 103
122 103
123 106
134 84
143 65
145 18
151 119
152 121
160 16
168 85
169 85
174 126
186 114
193 113
214 88
215 106
219 65
221 124
229 103
230 103
235 114
240 12
243 84
245 95
248 64
259 106
261 64
274 118
279 73
285 49
298 13
323 106
332 88
338 103
349 139
350 139
360 65
365 115
369 103
374 13
375 13
390 65
403 13
404 13
407 13
415 64
433 129
435 85
436 85
446 105
458 45
459 85
460 85
461 126
477 103
480 91
490 103
491 103
492 120
497 113
502 88
503 124
510 45
513 45
522 43
524 20
525 20
531 88
535 18
540 183
543 183
549 183
553 187
563 183
587 54
590 208
593 139
602 217
622 218
640 114
651 139
663 139
673 71
678 183
686 112
696 256
704 256
706 256
717 18
731 71
732 278
747 245
750 256
754 139
763 309
787 120
789 323
793 120
805 120
808 113
812 338
813 338
819 120
824 332
825 332
831 338
838 338
842 332
844 332
858 338
863 332
868 371
882 113
888 130
892 113
899 119
907 404
951 113
954 120
964 409
970 120
982 426
984 113
987 332
991 338
1000 54
1007 332
1017 332
1030 58
1031 114
1038 453
1060 466
1070 466
1085 476
1087 477
1110 426
1141 112
1150 466
1163 531
1186 543
1191 550
1199 186
1207 100
1213 353
1222 569
1256 582
1257 58
1273 201
1296 607
1299 601
1323 619
1345 628
1353 179
1356 217
1359 338
1382 120
1416 89
1419 58
1460 579
1466 579
1476 20
1478 332
1499 89
1500 58
1514 89
1520 679
1529 642
1539 700
1547 698
1552 103
1553 707
1579 426
1584 103
1646 742
1653 353
1660 742
1690 217
1700 700
1707 700
1711 776
1716 353
1722 490
1737 466
1740 579
1754 579
1756 742
1758 579
1759 579
1798 700
1799 466
1835 780
1851 692
1869 732
1877 742
1890 579
1910 835
1924 278
1932 1368
1958 579
1960 579
1967 579
1976 579
1977 579
1983 282
2004 579
2009 845
2014 690
2024 852
2026 579
2027 873
2042 114
2056 879
2062 692
2064 579
2067 845
2069 845
2083 71
2086 740
2094 845
2100 845
2101 84
2114 845
2133 642
2145 899
2161 837
2185 785
2188 835
2201 936
2215 466
2234 338
2243 837
2255 71
2260 782
2263 414
2275 965
2281 20
2312 88
2318 976
2339 845
2345 994
2401 466
2405 845
2421 171
2456 579
2460 1020
2489 845
2533 1072
2543 845
2545 113
2548 950
2554 114
2556 576
2564 576
2574 1092
2575 282
2590 282
2605 1020
2609 576
2635 1124
2671 1089
2677 771
2683 576
2686 879
2692 1146
2726 845
2737 945
2755 1089
2759 1153
2762 71
2785 1153
2810 1193
2817 1153
2822 785
2836 1204
2839 1144
2840 466
2863 73
2872 837
2880 837
2887 1223
2993 1262
3013 725
3056 120
3060 49
3064 84
3080 845
3085 120
3093 1288
3102 1198
3110 99
3146 1307
3170 771
3187 945
3188 945
3205 1336
3217 845
3230 1351
3242 466
3280 114
4320 999
4324 739
4336 565
4337 477
4342 1387
4364 1427
4368 414
4374 1387
4377 1432
4381 1436
4410 771
4418 1196
4423 1451
4487 118
5522 1493
5536 466
5554 1288
5570 1427
5575 1515
5592 1110
5597 619
5620 386
5624 1487
5648 1427
5672 576
5676 386
5729 1110
5747 1587
5765 1592
5773 1592
5788 1598
5837 1427
5862 1009
5865 1623
5868 1387
5878 1629
5883 1599
5913 1427
5925 1387
5934 1642
5943 1436
5992 739
5999 1110
6038 1681
6047 1681
6066 1681
6074 1569
6101 1636
6106 332
6116 1681
6128 1718
6130 338
6154 1723
6179 666
6180 835
6182 1737
6224 1121
6229 1756
6240 1737
6245 1569
6250 1762
6256 1764
6259 15
6265 1681
6266 1681
7282 1723
7308 739
7345 1436
7360 1800
7372 1795
7375 1802
7391 1807
7399 1427
7403 1723
7409 1436
7412 1817
7439 1681
7459 102
7484 1569
7518 338
7522 1814
7524 414
7525 1856
7559 102
7601 1873
7630 1887
7634 1326
7641 1857
7771 1387
7812 120
7838 1000
7851 1569
7853 1968
7859 1320
7887 1973
7891 120
7901 1895
7907 1829
7937 1933
7961 120
7969 1857
7975 120
7999 2028
8017 120
8019 120
8022 2039
8034 1212
8054 120
8058 2055
8083 904
8084 120
8090 466
8095 1802
8122 2075
8126 120
8131 2020
8161 1387
8166 845
8170 1857
8175 120
8187 1387
8202 1377
8226 1089
8234 2127
8244 2132
8249 120
8251 1212
8264 1937
8285 1857
8295 120
8311 1730
8331 2163
8339 2156
8355 2163
8389 2140
8393 994
8409 2121
8506 2121
8512 120
8557 1242
8561 120
8623 1633
8680 1569
8683 1569
8704 2310
8741 1718
8753 2251
8759 2332
8768 1387
8794 2339
8814 1979
8860 2361
8870 466
8877 876
8880 876
8885 1569
8894 2375
8955 1545
8966 106
9012 2395
9017 2420
9044 2429
9059 2423
9060 2423
9102 2435
9108 2435
9156 106
9159 739
9165 2395
9177 2435
9221 2395
9233 2332
9234 2332
9247 1387
9264 2395
9288 2332
9301 106
9309 2423
9424 2423
9429 845
9436 1074
9457 2568
9463 84
9480 2535
9517 2332
9561 2488
9639 106
9644 2395
9697 2423
9698 84
9760 2423
9761 2423
9769 2682
9777 2684
9785 2423
9802 2423
9808 2423
9811 2423
9847 2423
9850 120
9885 2488
9909 2423
9929 2709
9966 2684
10055 2750
10074 454
10087 120
10206 992
10210 2845
10267 2900
10275 1003
10284 2912
10310 2932
10316 2932
10319 2932
10330 2900
10331 2900
10409 2932
10411 2932
10420 2932
10447 338
10458 120
10475 2932
10478 466
10492 2932
10572 2932
10610 2900
10632 120
10633 2932
10688 2975
10699 2283
10739 120
10749 3139
10760 120
10849 2488
10852 338
10866 120
10868 2957
10914 1401
10929 1401
10932 3260
10933 3260
10958 1945
10983 338
10984 2932
10994 409
11000 3260
11010 2932
11017 338
11033 3260
11044 3328
11053 120
11062 120
11143 3260
11179 338
11214 3415
11286 2872
11307 3464
11327 3260
11343 3336
11415 1343
11428 2917
11429 3260
11437 3521
11452 3532
11651 2332
11652 2332
11679 3698
11700 3719
11740 106
11755 120
11787 102
11805 1091
11829 3776
11842 2900
11845 3603
11859 3603
11863 3865
11883 3776
11942 3603
11991 3971
12009 3177
12025 3881
12030 3691
12035 2163
12039 771
12048 1204
12052 3583
12059 2833
12064 3881
12089 4058
12102 4078
12122 3583
12127 3719
12159 3682
12173 4216
12221 3881
12228 2423
12254 1895
12256 4267
12273 2339
12297 3682
12305 421
12370 4369
12377 1581
12383 4387
12448 4440
12460 4451
12480 421
12509 3776
12516 3881
12521 4495
12551 4520
12554 1802
12564 3704
12605 4553
12606 4495
12607 4556
12677 1674
12680 421
12706 3603
12735 4654
12768 2912
12800 2163
12816 4506
12834 845
12855 4593
12872 4753
12892 2545
12901 3710
12944 4738
12963 2545
12968 4833
12991 1895
13028 4901
13039 4913
13059 669
13061 4919
13083 4937
13093 4940
14120 4895
14131 3682
14139 994
14145 4267
14171 4984
14212 4216
14254 2794
14303 5060
14305 4940
14325 5084
14339 5096
14343 3650
14374 2339
14402 120
14412 2307
14468 5220
14476 5229
14492 4742
14497 6257
14501 5229
14527 1569
14539 1681
14546 6291
14553 6303
14579 5179
14608 5179
14643 1229
14667 3327
14691 4904
14706 6383
14742 3076
14755 4977
14858 6521
14865 1895
14888 6552
14901 5220
14911 6475
14953 6588
14992 6622
14997 6623
15011 6640
15016 2204
15023 3260
15041 6651
15064 6545
15086 106
15094 1979
15125 994
15144 6712
15167 4935
15172 4545
15236 6761
15237 6761
15258 4216
15271 4346
15334 2423
15341 2423
15343 3083
15364 771
15374 3260
15419 6475
15447 3260
15469 6968
15489 3260
15504 3260
15508 6922
15521 4935
15543 6623
15550 3260
15554 3260
16587 8036
16614 3260
16631 8036
16639 4451
16643 8086
16659 8036
16694 1569
16699 6521
16706 8142
16712 8147
16742 5001
16753 8185
16771 4935
16774 3260
16849 3260
16865 3260
16988 6941
17053 8427
17059 2830
17083 2917
17084 4078
17099 1895
17143 4923
17172 8341
17183 8451
17187 8500
17190 1895
17207 8512
17217 8518
17230 3202
17241 8451
17272 8537
17321 8451
17339 6918
17340 3682
17361 8597
17374 1802
17418 4086
17419 8633
17429 8638
17451 120
17508 8698
17523 8707
17554 8612
17559 8451
17598 3866
17624 8769
17704 2848
17787 8897
17788 1979
17825 4615
18849 8281
18877 8451
18952 421
18979 2423
18993 10053
18996 1387
19024 3866
19046 10096
19055 4346
19077 10115
19098 2423
19100 2423
19141 6978
19172 8341
19196 8341
19215 10196
19229 10204
19256 8451
19283 2423
19308 5061
19319 4611
19326 4940
19358 4545
19359 698
19392 10325
19413 2339
19437 10356
19442 8660
20456 10356
20520 10346
20544 10320
20600 8814
20603 1895
20684 11574
20685 3866
20702 11585
20729 2423
20735 10356
20757 8309
20769 3866
20809 8796
20844 11674
20862 3259
20878 6941
20889 1387
20898 3866
20908 8341
20992 6475
21023 1387
21052 4282
21088 3521
21141 4063
21179 11824
21201 8599
21217 11674
21218 11974
21266 120
21275 12013
21276 12014
21281 12015
21304 12012
21372 12084
21376 3674
21447 11674
21502 8854
21540 11442
21561 8897
22664 2395
22680 120
22705 12327
22711 11674
22727 4182
22763 12364
22770 2395
22788 3521
22801 4545
22841 4545
22845 2196
22888 12463
22971 3719
23026 5001
23045 8672
23052 8596
23118 3496
23126 120
23166 120
23260 12220
23262 6723
23309 6723
23331 12811
23359 11500
23368 12838
23385 12851
23386 12851
23410 2423
23445 1469
23470 375
23480 12925
23510 338
23554 12979
23557 12981
23567 12446
23576 12998
23588 13006
23616 120
23640 13023
23651 13034
23679 13021
23687 2423
23698 4968
23740 12979
23760 12892
23763 13056
23774 8351
23812 12563
23840 6475
23860 8309
23889 4086
23916 6812
23983 12563
24027 13021
24031 120
24124 11674
24162 13021
24185 2917
24203 3008
24210 2932
24253 8581
25317 12563
25319 13021
25320 13247
25343 3164
25355 12563
25366 4182
25373 4937
25393 14632
25397 8858
25437 12979
25475 12979
25481 4937
25564 14760
25630 13405
25835 8811
25861 14982
25862 454
25906 15012
25916 3866
25917 15023
25921 13543
26014 120
26090 15151
26110 4390
26125 845
26168 2932
26180 15007
26197 8451
26265 3576
26280 15273
26390 8451
26396 1885
26403 11674
26413 15356
26421 120
26426 15273
26479 15394
26498 338
26506 698
26520 15132
26521 15438
26597 14570
26650 6970
26653 15200
26660 13543
26675 2332
26695 6970
26699 15261
26713 15261
26736 15261
26756 15625
26802 2423
26813 15678
26828 15689
26838 2332
26912 120
26916 6729
26926 15766
26930 15769
26945 15132
26952 15787
26978 120
26981 4182
26991 12110
27023 1791
27054 11674
27091 15937
27159 15193
27163 15787
27211 12800
27263 15878
27269 4853
27358 11674
27364 845
27382 16255
27401 16287
27414 16302
27416 8599
27519 16418
27583 12656
27606 16498
27619 16509
27641 13360
27644 16511
27670 16574
27767 16151
27769 15023
27790 16692
27806 99
27807 1392
27838 15094
27899 4428
27923 15897
27959 4940
28050 16511
28089 16011
28152 13021
28158 13021
28233 6353
28255 14601
28269 17138
28288 12035
28347 16379
28445 8599
28456 10028
28462 17325
28464 15498
28479 120
28521 120
28558 17407
28579 15200
28580 15500
28589 13021
28596 17440
28604 16784
28665 2332
28701 17510
28742 17504
28787 17486
28799 3177
28808 13021
28836 17591
28999 17712
29011 2912
29028 6353
29049 15023
29195 6353
30228 1445
30234 17852
30383 13021
30387 17636
30389 120
30404 19050
30419 19071
30459 19144
30501 19180
30514 2307
30533 16501
30569 19241
30571 120
30602 15700
30607 120
30636 17729
30680 19325
30694 19336
30714 11500
30739 454
30782 19397
30844 12344
30856 13021
30893 19466
30942 6378
31040 19635
31049 120
31097 17852
31112 120
31128 19700
32186 19176
32188 2924
32248 18955
32268 17544
32285 20882
32289 17474
32367 20956
32383 1895
32421 20997
32444 21016
32452 12536
32459 2900
32470 21032
32480 5119
32495 4690
32510 10228
32511 15200
32569 8380
32632 13021
32647 13021
32651 4909
32668 21266
32683 771
32694 13021
32703 17318
32780 16011
32793 2957
32805 21396
32813 17888
32815 732
32832 21420
32839 21425
32840 1802
32889 16537
32936 12858
32942 19384
32948 1242
32977 2551
33038 21625
33057 4417
33103 20807
33140 19545
33217 16786
33222 15849
33244 15355
33276 21802
33408 21634
33412 103
33464 18968
33481 22018
33530 21546
33536 22061
33548 21940
33597 2071
33613 21981
33624 18968
33681 21618
33708 13021
33745 22232
33783 17846
33871 22232
33909 21618
33937 8451
33938 22444
34018 22490
34026 5179
34069 20859
34078 18968
34106 22547
34142 22591
34156 13021
34171 22614
34195 22634
34232 22665
34243 18968
34248 15301
34276 13015
34292 21981
34330 21981
34367 2932
34369 18968
34371 18968
34418 22274
34480 22855
34513 15901
34547 22405
34552 21981
34574 22933
34597 454
34618 22978
34657 23002
34809 1802
34877 21981
34889 22949
34911 4374
34922 17772
34925 15901
34933 22957
34962 23217
34985 21981
35081 4390
35123 14928
35185 23397
35248 22501
35275 23487
35337 8897
35392 23585
35506 23629
35525 23683
35545 23695
35638 13021
35645 1802
35681 23802
35720 15200
35769 4937
35824 12035
35884 17772
35945 23629
35979 15301
36113 24194
36123 24205
36126 23620
36144 23645
36164 18968
36166 24234
36212 24278
36221 19545
36246 24300
36248 24301
36332 23180
36336 12990
36342 5179
37404 16202
37414 24368
37416 23960
37420 11778
37440 24500
37491 24573
37529 18968
37551 23629
37591 17579
37656 15625
37663 15405
37725 23645
37769 21591
37829 24464
37869 4390
37881 18968
37882 22252
37905 120
37916 14601
37933 24941
37957 24969
38033 25030
38043 23645
38050 1569
38151 25087
38155 18968
38158 24523
38167 25087
38178 23645
38187 23661
38221 3391
38240 23661
38262 13021
38297 25233
38310 25245
38325 4937
38347 2445
38395 25315
38402 19711
38418 25343
38488 25394
38524 25343
38536 17772
38597 3710
38604 25482
38664 25411
38679 15625
38727 4940
38738 24937
38764 20997
38768 16201
38814 25717
38823 1242
38846 6746
38881 18968
38901 16786
38903 25780
38943 25814
38970 25841
38989 23073
38990 25854
39046 25717
39052 25917
39060 25087
39062 1569
39087 15301
39131 26012
39151 26031
39197 26073
39213 6378
39214 1569
39226 26091
39232 8840
39275 26119
39301 26132
39308 25087
39324 12364
39334 6362
39335 21600
39381 21437
39396 15677
39405 25903
39406 25087
39502 26281
39549 16574
39568 2932
39569 2932
39599 26353
39650 4182
39664 11674
39690 26447
39723 26470
39748 14775
39752 26492
39774 19711
39790 26563
39811 26588
39828 4937
39829 17686
39846 26605
39850 16379
39861 26492
39875 26605
39879 23073
39910 25487
39927 25487
39934 26492
39949 23764
39960 26454
40005 21600
40058 20997
40071 26454
40113 11674
40133 26454
40223 120
40247 2932
40249 26960
40268 17888
40269 26968
40359 120
40360 27026
40398 771
40421 25487
40432 25028
40489 27118
40501 16640
40591 27157
40609 26454
40706 14775
40727 6378
40733 12189
40757 27247
40770 26454
40779 17544
40790 25487
40838 120
40852 1392
40869 27265
40988 17426
41001 1569
41054 18968
41079 25087
41132 26467
41157 27537
41159 27480
41223 12434
41243 120
41249 26518
41274 27612
41312 26454
41471 22326
41607 3936
41652 26479
41653 26454
41677 4374
41684 15212
41694 15544
41767 26454
41807 26454
41847 26454
41857 28057
41864 27377
41896 28092
41945 17768
41973 18968
41985 28171
42047 26454
42078 21368
42176 28092
42277 25087
42297 28436
42322 16683
42335 26747
42423 20997
42484 17772
42494 120
42547 2848
42586 26454
42593 17292
42663 28642
42828 27618
42848 26454
42870 3973
42923 15056
42938 11674
42947 28841
42948 12355
42985 4935
43036 28122
43074 13021
43111 28942
43113 13023
43145 25797
43166 22291
43181 17772
43215 25087
43217 3521
43281 29094
43363 29217
43404 29243
43433 26454
43471 28963
43502 16903
43511 28662
43553 15200
43572 25690
43593 13021
43602 29385
43661 12924
43665 25690
43731 26454
43758 29433
43926 26454
43928 29318
43967 8103
44063 29318
44125 2957
44141 29790
44150 1401
44160 29797
45218 30841
45231 30848
45323 13021
45367 26454
45386 31021
45422 31071
45470 31127
45473 31130
45494 26479
45511 27019
45535 24931
45612 26925
45767 31435
45770 8103
45848 1469
45893 25087
45911 17761
45919 18968
45928 26454
45960 31578
46078 12858
46128 23839
46154 12434
46161 31743
46179 428
46250 4182
46295 2545
46354 28651
46393 29094
46407 32016
46422 24087
46424 29486
46455 32055
46526 4937
46542 32121
46548 32133
46610 771
46660 32227
46713 31393
46754 4611
46764 31876
46833 23839
46854 30963
46900 32429
46943 15625
46995 32506
47010 26454
47052 19423
47057 454
47079 23839
47104 26017
47125 32589
47161 32630
47187 32648
47204 5119
47238 32702
47257 23839
47280 6712
47298 31234
47405 16888
47410 32809
47438 32355
47445 4615
47464 32855
47496 23645
47504 18968
47521 32893
47588 32551
47636 27618
47650 14722
47723 26786
47726 29486
47774 33088
47791 23839
47815 2283
47823 33089
47836 33089
47851 33089
47889 23839
47907 25549
47912 33143
47955 338
47985 33224
48054 25590
48194 32525
48216 33382
48225 1242
48227 25732
48242 33378
48369 26454
48386 12053
48389 24367
48411 33538
48515 33597
48518 33601
48535 11674
48585 33644
48697 33756
48717 15625
48755 33393
48771 32209
48789 4251
48812 34197
48857 33878
48862 33881
48889 32818
48893 33382
48922 14722
48949 33958
48963 19106
49008 34001
49063 25004
49073 23870
49112 26454
49152 34106
49164 33089
49211 34142
49226 34157
49243 8057
49263 994
49335 26895
49342 2848
49381 3521
49383 11674
49401 22252
49427 33089
49442 1979
49494 33089
49521 25649
49564 11703
49646 33747
49736 5150
49751 34457
49800 31234
49888 31281
49894 26410
50093 34826
50204 1997
50215 35884
50231 31555
50249 35906
50270 19423
50275 25797
50369 23839
50446 36062
50503 34259
50549 34117
50644 36240
50649 14722
50723 36314
50746 36336
50803 36377
50881 31722
50901 32340
50913 4886
50955 34823
51024 32340
51203 22083
51223 34457
51230 17027
51246 3085
51279 36136
51280 36490
51326 4937
51366 33008
51398 960
51432 14722
51496 28566
51531 8742
51556 23645
51571 27618
51620 6338
51723 36708
51807 37219
51848 37270
51855 31990
51877 37285
51958 37348
51983 23839
52097 37219
52113 25549
52206 35969
52212 37531
52252 6378
52262 4611
52334 11883
52349 1308
52391 1615
52448 37689
52451 23629
52455 37695
52461 33245
52471 37710
52477 16506
52517 37219
52521 24858
52539 19186
52625 11397
52637 27354
52647 37866
52672 37814
52680 37889
52682 26518
52694 31722
52739 25732
52741 771
52754 29486
52777 17601
52791 27105
52908 38059
52916 25557
52922 38064
52978 38107
53024 38133
53146 38207
53199 26454
53215 31756
53235 120
53298 38312
53343 24538
53375 15901
53428 29768
53429 25277
53438 19279
53447 26470
53573 38480
53588 33270
53617 14722
53649 38529
53694 33245
53797 32715
53867 1657
53883 10028
53908 38652
53947 38421
54011 33734
54050 8309
54083 38854
54096 8309
54121 25390
54127 10317
54160 15620
54175 11674
54198 31722
54217 38968
54228 38974
54254 13315
54273 38798
54328 38358
54350 25390
54365 29433
54377 37453
54385 38421
54415 39126
54471 25384
54533 4447
54546 31722
54568 26479
54619 40325
54635 40336
54678 40373
54807 19711
54838 17545
54956 40578
54976 40601
54990 40615
55127 40447
55213 40840
55283 28957
55350 37530
55390 20892
55410 26786
55452 15394
55505 41085
