1 5
2 8
3 9
4 12
5 13
6 15
7 16
8 18
9 20
10 22
11 26
12 30
13 31
14 35
15 43
16 45
17 46
18 49
19 53
20 54
21 55
22 57
23 58
24 62
25 63
26 64
27 65
28 66
29 68
30 71
31 72
32 73
33 74
34 78
35 79
36 84
37 85
38 88
39 89
40 90
41 91
42 95
43 96
44 97
45 99
46 100
47 102
48 103
49 104
50 105
51 106
52 112
53 113
54 114
55 115
56 118
57 119
58 120
59 121
60 124
61 125
62 126
63 128
64 129
65 130
66 135
67 139
68 143
69 148
70 158
71 168
72 169
73 171
74 179
75 180
76 182
77 183
78 184
79 185
80 186
81 187
82 195
83 199
84 201
85 204
86 208
87 217
88 218
89 223
90 245
91 246
92 251
93 256
94 272
95 278
96 282
97 309
98 323
99 332
100 338
101 351
102 353
103 358
104 371
105 375
106 380
107 386
108 404
109 409
110 412
111 414
112 421
113 426
114 428
115 438
116 445
117 447
118 453
119 454
120 466
121 470
122 476
123 477
124 480
125 486
126 490
127 504
128 507
129 510
130 512
131 517
132 521
133 524
134 526
135 527
136 531
137 532
138 536
139 543
140 546
141 550
142 561
143 565
144 566
145 569
146 570
147 576
148 577
149 579
150 580
151 582
152 588
153 592
154 601
155 607
156 618
157 619
158 622
159 628
160 642
161 659
162 664
163 666
164 668
165 669
166 675
167 679
168 686
169 690
170 692
171 695
172 698
173 700
174 707
175 713
176 724
177 725
178 732
179 739
180 740
181 742
182 756
183 770
184 771
185 776
186 778
187 780
188 782
189 785
190 790
191 791
192 825
193 835
194 837
195 841
196 845
197 850
198 852
199 853
200 869
201 873
202 876
203 879
204 881
205 883
206 890
207 892
208 893
209 899
210 903
211 904
212 906
213 913
214 921
215 927
216 936
217 943
218 945
219 950
220 953
221 956
222 959
223 960
224 961
225 965
226 967
227 976
228 982
229 992
230 994
231 995
232 999
233 1000
234 1003
235 1005
236 1006
237 1008
238 1009
239 1018
240 1020
241 1049
242 1072
243 1074
244 1078
245 1089
246 1091
247 1092
248 1096
249 1110
250 1113
251 1121
252 1124
253 1126
254 1127
255 1144
256 1146
257 1153
258 1160
259 1164
260 1170
261 1172
262 1193
263 1196
264 1198
265 1204
266 1212
267 1217
268 1223
269 1229
270 1233
271 1242
272 1261
273 1262
274 1285
275 1288
276 1290
277 1307
278 1308
279 1318
280 1320
281 1324
282 1326
283 1336
284 1343
285 1350
286 1351
287 1368
288 1369
289 1375
290 1377
291 1385
292 1387
293 1392
294 1396
295 1400
296 1401
297 1420
298 1427
299 1429
300 1432
301 1436
302 1438
303 1443
304 1445
305 1451
306 1462
307 1469
308 1487
309 1493
310 1503
311 1504
312 1515
313 1545
314 1569
315 1571
316 1573
317 1581
318 1587
319 1592
320 1594
321 1598
322 1599
323 1600
324 1614
325 1615
326 1623
327 1624
328 1629
329 1632
330 1633
331 1636
332 1642
333 1657
334 1674
335 1681
336 1704
337 1718
338 1722
339 1723
340 1730
341 1737
342 1748
343 1754
344 1756
345 1761
346 1762
347 1764
348 1773
349 1791
350 1795
351 1800
352 1802
353 1807
354 1811
355 1814
356 1817
357 1823
358 1829
359 1833
360 1856
361 1857
362 1860
363 1870
364 1873
365 1883
366 1885
367 1887
368 1895
369 1933
370 1937
371 1945
372 1955
373 1968
374 1973
375 1979
376 1997
377 2020
378 2028
379 2039
380 2055
381 2071
382 2075
383 2084
384 2104
385 2119
386 2121
387 2127
388 2132
389 2135
390 2138
391 2139
392 2140
393 2142
394 2144
395 2156
396 2161
397 2163
398 2196
399 2204
400 2236
401 2251
402 2270
403 2280
404 2283
405 2290
406 2305
407 2307
408 2310
409 2332
410 2339
411 2350
412 2361
413 2375
414 2395
415 2404
416 2420
417 2422
418 2423
419 2425
420 2429
421 2433
422 2435
423 2439
424 2445
425 2461
426 2483
427 2486
428 2488
429 2510
430 2517
431 2526
432 2535
433 2545
434 2551
435 2568
436 2587
437 2596
438 2616
439 2671
440 2673
441 2682
442 2684
443 2709
444 2732
445 2750
446 2777
447 2783
448 2794
449 2813
450 2830
451 2833
452 2834
453 2845
454 2848
455 2872
456 2885
457 2890
458 2900
459 2912
460 2917
461 2924
462 2932
463 2957
464 2960
465 2975
466 2983
467 3000
468 3008
469 3011
470 3058
471 3076
472 3083
473 3085
474 3095
475 3097
476 3116
477 3121
478 3139
479 3142
480 3158
481 3160
482 3164
483 3177
484 3186
485 3198
486 3202
487 3204
488 3205
489 3207
490 3254
491 3257
492 3259
493 3260
494 3327
495 3328
496 3336
497 3353
498 3372
499 3391
500 3396
501 3415
502 3453
503 3464
504 3496
505 3521
506 3532
507 3559
508 3571
509 3576
510 3583
511 3584
512 3587
513 3603
514 3606
515 3619
516 3638
517 3647
518 3650
519 3669
520 3674
521 3675
522 3682
523 3683
524 3691
525 3696
526 3698
527 3700
528 3704
529 3710
530 3714
531 3719
532 3749
533 3776
534 3798
535 3804
536 3808
537 3821
538 3838
539 3845
540 3865
541 3866
542 3868
543 3870
544 3871
545 3881
546 3882
547 3887
548 3891
549 3936
550 3945
551 3957
552 3971
553 3973
554 3978
555 3992
556 4044
557 4052
558 4058
559 4063
560 4066
561 4078
562 4081
563 4086
564 4089
565 4090
566 4122
567 4127
568 4135
569 4182
570 4189
571 4197
572 4207
573 4216
574 4222
575 4225
576 4251
577 4267
578 4277
579 4282
580 4290
581 4310
582 4346
583 4369
584 4374
585 4387
586 4390
587 4398
588 4404
589 4417
590 4428
591 4440
592 4444
593 4447
594 4448
595 4451
596 4474
597 4475
598 4481
599 4494
600 4495
601 4506
602 4520
603 4530
604 4542
605 4545
606 4553
607 4556
608 4584
609 4591
610 4593
611 4600
612 4601
613 4611
614 4615
615 4622
616 4624
617 4654
618 4682
619 4690
620 4715
621 4738
622 4742
623 4748
624 4753
625 4760
626 4768
627 4781
628 4788
629 4790
630 4803
631 4804
632 4832
633 4833
634 4853
635 4870
636 4876
637 4886
638 4895
639 4901
640 4904
641 4909
642 4913
643 4919
644 4923
645 4935
646 4937
647 4940
648 4945
649 4951
650 4957
651 4960
652 4968
653 4977
654 4984
655 4989
656 5001
657 5004
658 5012
659 5037
660 5060
661 5061
662 5066
663 5084
664 5088
665 5092
666 5096
667 5097
668 5110
669 5119
670 5142
671 5144
672 5150
673 5151
674 5162
675 5179
676 5196
677 5220
678 5227
679 5229
680 5239
681 6250
682 6257
683 6291
684 6303
685 6327
686 6328
687 6338
688 6353
689 6362
690 6378
691 6380
692 6383
693 6405
694 6445
695 6468
696 6475
697 6489
698 6500
699 6503
700 6521
701 6530
702 6545
703 6552
704 6568
705 6588
706 6598
707 6605
708 6622
709 6623
710 6633
711 6635
712 6640
713 6641
714 6643
715 6647
716 6651
717 6712
718 6721
719 6723
720 6729
721 6746
722 6761
723 6812
724 6857
725 6872
726 6873
727 6889
728 6918
729 6922
730 6924
731 6936
732 6940
733 6941
734 6968
735 6970
736 6974
737 6978
738 6985
739 6990
740 7013
741 8030
742 8036
743 8049
744 8057
745 8063
746 8086
747 8099
748 8103
749 8104
750 8108
751 8139
752 8142
753 8146
754 8147
755 8171
756 8185
757 8193
758 8226
759 8236
760 8256
761 8281
762 8296
763 8303
764 8309
765 8315
766 8341
767 8342
768 8350
769 8351
770 8355
771 8366
772 8372
773 8380
774 8389
775 8393
776 8412
777 8417
778 8427
779 8438
780 8451
781 8485
782 8500
783 8512
784 8518
785 8537
786 8563
787 8581
788 8596
789 8597
790 8599
791 8611
792 8612
793 8616
794 8633
795 8638
796 8660
797 8672
798 8698
799 8707
800 8742
801 8753
802 8769
803 8796
804 8811
805 8814
806 8820
807 8840
808 8854
809 8858
810 8897
811 8898
812 8909
813 8925
814 8929
815 8935
816 9943
817 9957
818 9964
819 9985
820 10027
821 10028
822 10045
823 10053
824 10056
825 10058
826 10068
827 10095
828 10096
829 10100
830 10115
831 10141
832 10142
833 10191
834 10196
835 10204
836 10215
837 10228
838 10229
839 10239
840 10250
841 10257
842 10300
843 10301
844 10311
845 10315
846 10317
847 10320
848 10325
849 10332
850 10346
851 10356
852 11397
853 11442
854 11447
855 11488
856 11499
857 11500
858 11501
859 11533
860 11544
861 11553
862 11574
863 11585
864 11674
865 11685
866 11703
867 11706
868 11720
869 11734
870 11764
871 11777
872 11778
873 11805
874 11813
875 11824
876 11828
877 11861
878 11883
879 11921
880 11945
881 11974
882 12012
883 12013
884 12014
885 12015
886 12030
887 12035
888 12036
889 12050
890 12051
891 12053
892 12084
893 12110
894 12189
895 12204
896 12220
897 12280
898 12304
899 12323
900 12327
901 12344
902 12353
903 12355
904 12360
905 12364
906 12375
907 12376
908 12379
909 12386
910 12387
911 12415
912 12432
913 12434
914 12446
915 12463
916 12536
917 12543
918 12563
919 12579
920 12585
921 12595
922 12613
923 12616
924 12626
925 12641
926 12645
927 12654
928 12656
929 12705
930 12760
931 12767
932 12773
933 12800
934 12802
935 12805
936 12811
937 12815
938 12838
939 12851
940 12858
941 12865
942 12892
943 12924
944 12925
945 12972
946 12979
947 12981
948 12990
949 12998
950 12999
951 13005
952 13006
953 13015
954 13021
955 13023
956 13034
957 13039
958 13040
959 13055
960 13056
961 13058
962 13062
963 13135
964 13145
965 13158
966 13175
967 13203
968 13229
969 13247
970 13251
971 13274
972 13306
973 13315
974 13326
975 13327
976 13359
977 13360
978 13361
979 13366
980 13386
981 13404
982 13405
983 13450
984 13493
985 13499
986 13517
987 13518
988 13538
989 13543
990 13544
991 13565
992 14570
993 14587
994 14601
995 14611
996 14613
997 14616
998 14625
999 14632
1000 14709
1001 14718
1002 14722
1003 14741
1004 14745
1005 14760
1006 14775
1007 14778
1008 14911
1009 14914
1010 14928
1011 14964
1012 14982
1013 14999
1014 15007
1015 15012
1016 15023
1017 15056
1018 15089
1019 15094
1020 15113
1021 15132
1022 15151
1023 15152
1024 15180
1025 15188
1026 15193
1027 15200
1028 15212
1029 15261
1030 15273
1031 15291
1032 15301
1033 15355
1034 15356
1035 15394
1036 15405
1037 15438
1038 15450
1039 15483
1040 15498
1041 15500
1042 15544
1043 15554
1044 15595
1045 15602
1046 15620
1047 15625
1048 15677
1049 15678
1050 15689
1051 15700
1052 15766
1053 15769
1054 15787
1055 15799
1056 15813
1057 15835
1058 15849
1059 15856
1060 15878
1061 15897
1062 15901
1063 15937
1064 16011
1065 16103
1066 16112
1067 16120
1068 16137
1069 16151
1070 16157
1071 16201
1072 16202
1073 16219
1074 16237
1075 16255
1076 16259
1077 16287
1078 16302
1079 16306
1080 16329
1081 16335
1082 16355
1083 16379
1084 16413
1085 16418
1086 16498
1087 16501
1088 16506
1089 16509
1090 16511
1091 16537
1092 16549
1093 16555
1094 16562
1095 16574
1096 16622
1097 16640
1098 16683
1099 16692
1100 16714
1101 16770
1102 16773
1103 16782
1104 16784
1105 16786
1106 16878
1107 16888
1108 16903
1109 16933
1110 16951
1111 16952
1112 17027
1113 17030
1114 17080
1115 17083
1116 17119
1117 17138
1118 17186
1119 17193
1120 17208
1121 17292
1122 17318
1123 17325
1124 17326
1125 17407
1126 17426
1127 17440
1128 17451
1129 17474
1130 17486
1131 17504
1132 17507
1133 17510
1134 17519
1135 17525
1136 17535
1137 17544
1138 17545
1139 17579
1140 17591
1141 17601
1142 17620
1143 17636
1144 17660
1145 17671
1146 17674
1147 17684
1148 17686
1149 17687
1150 17712
1151 17718
1152 17729
1153 17761
1154 17768
1155 17772
1156 17804
1157 17817
1158 17846
1159 17852
1160 17858
1161 17887
1162 17888
1163 18897
1164 18911
1165 18955
1166 18968
1167 18972
1168 19015
1169 19050
1170 19064
1171 19071
1172 19106
1173 19144
1174 19176
1175 19178
1176 19180
1177 19186
1178 19204
1179 19209
1180 19239
1181 19241
1182 19246
1183 19260
1184 19279
1185 19318
1186 19325
1187 19334
1188 19336
1189 19347
1190 19381
1191 19384
1192 19392
1193 19397
1194 19407
1195 19423
1196 19449
1197 19466
1198 19495
1199 19519
1200 19545
1201 19561
1202 19635
1203 19686
1204 19696
1205 19699
1206 19700
1207 19711
1208 19742
1209 20807
1210 20821
1211 20859
1212 20874
1213 20882
1214 20892
1215 20927
1216 20931
1217 20956
1218 20965
1219 20997
1220 21016
1221 21032
1222 21089
1223 21117
1224 21134
1225 21138
1226 21213
1227 21245
1228 21266
1229 21278
1230 21290
1231 21300
1232 21312
1233 21330
1234 21338
1235 21365
1236 21368
1237 21394
1238 21396
1239 21420
1240 21425
1241 21437
1242 21451
1243 21453
1244 21464
1245 21466
1246 21467
1247 21477
1248 21491
1249 21494
1250 21523
1251 21524
1252 21546
1253 21591
1254 21600
1255 21618
1256 21625
1257 21634
1258 21743
1259 21755
1260 21773
1261 21802
1262 21824
1263 21849
1264 21851
1265 21912
1266 21940
1267 21946
1268 21962
1269 21981
1270 22018
1271 22024
1272 22028
1273 22040
1274 22046
1275 22061
1276 22083
1277 22119
1278 22122
1279 22166
1280 22181
1281 22205
1282 22212
1283 22220
1284 22232
1285 22252
1286 22274
1287 22291
1288 22319
1289 22326
1290 22405
1291 22444
1292 22449
1293 22490
1294 22501
1295 22536
1296 22547
1297 22591
1298 22605
1299 22613
1300 22614
1301 22634
1302 22660
1303 22665
1304 22729
1305 22801
1306 22813
1307 22828
1308 22855
1309 22868
1310 22908
1311 22933
1312 22944
1313 22949
1314 22957
1315 22975
1316 22978
1317 22981
1318 23002
1319 23025
1320 23073
1321 23180
1322 23192
1323 23217
1324 23314
1325 23345
1326 23397
1327 23447
1328 23466
1329 23487
1330 23489
1331 23499
1332 23510
1333 23585
1334 23591
1335 23620
1336 23629
1337 23645
1338 23661
1339 23683
1340 23695
1341 23708
1342 23712
1343 23764
1344 23776
1345 23797
1346 23802
1347 23839
1348 23870
1349 23890
1350 23912
1351 23960
1352 23991
1353 24087
1354 24178
1355 24194
1356 24205
1357 24209
1358 24234
1359 24278
1360 24300
1361 24301
1362 24303
1363 24310
1364 24316
1365 24322
1366 24324
1367 24363
1368 24367
1369 24368
1370 24439
1371 24464
1372 24500
1373 24512
1374 24523
1375 24538
1376 24573
1377 24603
1378 24657
1379 24779
1380 24801
1381 24804
1382 24858
1383 24891
1384 24900
1385 24902
1386 24930
1387 24931
1388 24937
1389 24941
1390 24969
1391 25004
1392 25028
1393 25030
1394 25049
1395 25087
1396 25233
1397 25241
1398 25244
1399 25245
1400 25257
1401 25277
1402 25295
1403 25315
1404 25343
1405 25344
1406 25349
1407 25358
1408 25384
1409 25390
1410 25394
1411 25411
1412 25482
1413 25487
1414 25491
1415 25505
1416 25549
1417 25553
1418 25557
1419 25560
1420 25567
1421 25590
1422 25614
1423 25649
1424 25690
1425 25717
1426 25732
1427 25769
1428 25780
1429 25797
1430 25801
1431 25814
1432 25841
1433 25854
1434 25872
1435 25903
1436 25904
1437 25917
1438 26012
1439 26014
1440 26017
1441 26021
1442 26031
1443 26034
1444 26063
1445 26073
1446 26084
1447 26091
1448 26096
1449 26119
1450 26132
1451 26133
1452 26174
1453 26186
1454 26250
1455 26252
1456 26281
1457 26353
1458 26361
1459 26373
1460 26410
1461 26415
1462 26426
1463 26446
1464 26447
1465 26448
1466 26454
1467 26459
1468 26467
1469 26470
1470 26479
1471 26492
1472 26500
1473 26510
1474 26516
1475 26518
1476 26563
1477 26571
1478 26588
1479 26605
1480 26686
1481 26709
1482 26718
1483 26736
1484 26747
1485 26786
1486 26852
1487 26859
1488 26883
1489 26895
1490 26925
1491 26948
1492 26960
1493 26968
1494 27019
1495 27026
1496 27029
1497 27030
1498 27105
1499 27118
1500 27130
1501 27140
1502 27157
1503 27247
1504 27265
1505 27312
1506 27354
1507 27377
1508 27427
1509 27432
1510 27480
1511 27508
1512 27537
1513 27605
1514 27612
1515 27618
1516 27668
1517 27773
1518 27791
1519 27942
1520 27958
1521 27967
1522 28053
1523 28054
1524 28057
1525 28088
1526 28092
1527 28122
1528 28171
1529 28185
1530 28234
1531 28436
1532 28559
1533 28566
1534 28587
1535 28600
1536 28642
1537 28651
1538 28662
1539 28675
1540 28841
1541 28850
1542 28886
1543 28932
1544 28942
1545 28957
1546 28963
1547 29094
1548 29217
1549 29229
1550 29243
1551 29262
1552 29318
1553 29385
1554 29398
1555 29433
1556 29486
1557 29505
1558 29667
1559 29720
1560 29768
1561 29790
1562 29797
1563 29800
1564 29806
1565 30841
1566 30848
1567 30963
1568 30994
1569 31021
1570 31041
1571 31071
1572 31124
1573 31127
1574 31130
1575 31234
1576 31281
1577 31285
1578 31289
1579 31292
1580 31393
1581 31422
1582 31435
1583 31448
1584 31460
1585 31542
1586 31548
1587 31555
1588 31561
1589 31578
1590 31682
1591 31722
1592 31743
1593 31756
1594 31806
1595 31876
1596 31990
1597 32015
1598 32016
1599 32024
1600 32029
1601 32031
1602 32039
1603 32055
1604 32092
1605 32121
1606 32133
1607 32134
1608 32206
1609 32209
1610 32227
1611 32340
1612 32355
1613 32369
1614 32373
1615 32389
1616 32429
1617 32506
1618 32522
1619 32525
1620 32528
1621 32551
1622 32567
1623 32580
1624 32589
1625 32615
1626 32630
1627 32635
1628 32648
1629 32702
1630 32715
1631 32737
1632 32750
1633 32809
1634 32818
1635 32819
1636 32855
1637 32893
1638 32903
1639 33007
1640 33008
1641 33062
1642 33088
1643 33089
1644 33143
1645 33148
1646 33217
1647 33224
1648 33245
1649 33251
1650 33270
1651 33274
1652 33378
1653 33382
1654 33393
1655 33405
1656 33410
1657 33415
1658 33423
1659 33429
1660 33538
1661 33563
1662 33565
1663 33597
1664 33601
1665 33611
1666 33625
1667 33644
1668 33710
1669 33734
1670 33747
1671 33756
1672 33842
1673 33855
1674 33878
1675 33881
1676 33930
1677 33933
1678 33958
1679 33962
1680 34001
1681 34033
1682 34097
1683 34106
1684 34117
1685 34142
1686 34157
1687 34197
1688 34259
1689 34288
1690 34311
1691 34318
1692 34359
1693 34371
1694 34380
1695 34428
1696 34439
1697 34457
1698 34492
1699 34552
1700 34605
1701 34656
1702 34663
1703 34670
1704 34782
1705 34823
1706 34826
1707 35884
1708 35906
1709 35969
1710 36062
1711 36090
1712 36136
1713 36215
1714 36240
1715 36270
1716 36314
1717 36336
1718 36377
1719 36448
1720 36490
1721 36708
1722 36856
1723 36932
1724 36933
1725 37219
1726 37270
1727 37285
1728 37348
1729 37350
1730 37453
1731 37530
1732 37531
1733 37609
1734 37688
1735 37689
1736 37695
1737 37710
1738 37814
1739 37866
1740 37889
1741 37897
1742 37945
1743 38059
1744 38064
1745 38107
1746 38123
1747 38133
1748 38207
1749 38309
1750 38312
1751 38358
1752 38421
1753 38480
1754 38529
1755 38548
1756 38607
1757 38649
1758 38652
1759 38798
1760 38825
1761 38854
1762 38968
1763 38974
1764 39126
1765 39186
1766 39216
1767 40325
1768 40336
1769 40373
1770 40447
1771 40578
1772 40601
1773 40615
1774 40840
1775 41040
1776 41085
