4 44
9 12
10 6
13 5
17 15
23 18
24 8
25 22
26 23
27 4
28 15
34 135
35 22
37 17
39 6
44 57
50 9
54 5
55 16
57 9
58 81
60 15
61 11
65 25
67 6
68 8
69 67
70 8
72 4
73 61
74 10
75 17
87 17
92 6
97 7
101 4
103 6
105 10
109 13
112 13
113 7
114 8
115 8
116 7
121 17
133 4
137 11
138 25
139 29
140 46
141 4
142 22
145 14
147 156
154 4
155 8
156 32
158 7
159 4
160 38
161 13
163 5
164 4
165 4
170 4
173 16
179 16
192 5
198 4
203 27
205 10
206 7
210 7
212 11
219 4
230 4
240 11
241 59
242 22
244 12
247 5
256 4
257 16
258 6
259 14
260 8
261 12
265 18
266 89
268 6
271 9
272 6
276 8
284 4
285 22
292 6
293 5
294 5
306 5
308 5
311 7
314 29
315 15
323 5
328 13
333 6
340 17
341 25
343 16
344 29
345 7
347 8
348 10
350 4
352 13
356 6
360 56
363 10
374 17
376 7
377 23
382 15
383 11
391 10
392 4
393 4
399 8
403 5
404 8
406 5
408 43
410 10
414 4
416 4
419 7
420 11
423 13
432 15
436 9
437 29
439 18
441 9
443 10
446 5
451 15
455 7
457 4
458 7
460 5
462 5
463 4
465 52
466 9
469 12
470 12
471 17
472 5
479 4
483 10
484 4
487 10
489 5
490 7
491 9
492 50
497 9
498 5
499 6
507 10
508 4
509 10
510 37
513 38
514 7
517 8
533 7
540 7
546 7
551 15
552 11
553 26
557 21
558 13
559 5
560 13
562 4
564 7
568 19
572 9
574 27
582 16
585 7
589 45
595 4
596 31
599 18
603 17
604 4
605 7
609 10
613 9
614 4
615 10
617 7
621 23
626 5
628 8
632 9
633 42
638 5
640 16
652 11
654 9
655 23
658 5
662 17
663 5
664 6
666 9
670 7
671 6
672 6
679 4
680 6
684 7
685 9
687 25
690 4
694 4
695 13
697 13
699 9
702 7
713 14
717 12
721 17
722 4
729 5
731 9
737 17
738 13
741 30
743 6
744 4
745 15
746 8
751 14
752 7
754 8
758 7
759 18
761 7
762 12
765 40
768 4
770 5
772 15
777 8
780 7
791 25
793 5
805 9
809 5
810 21
813 4
819 5
821 19
823 5
828 7
843 5
846 6
848 6
852 21
853 4
857 12
862 8
863 5
867 7
869 19
873 4
880 5
883 10
890 9
897 4
899 20
908 44
922 14
925 55
927 5
936 30
941 18
944 12
948 16
957 4
958 19
960 5
963 9
964 6
965 6
966 4
974 15
980 21
984 12
990 9
999 5
1017 5
1019 4
1020 8
1022 9
1023 10
1024 4
1029 18
1032 8
1036 4
1039 14
1041 8
1042 6
1045 9
1047 10
1048 4
1051 14
1053 9
1055 9
1058 41
1085 8
1090 8
1093 6
1101 10
1105 13
1108 5
1114 5
1122 12
1123 12
1124 9
1127 8
1128 5
1129 5
1132 6
1140 5
1142 7
1143 6
1145 4
1147 4
1149 11
1155 71
1159 5
1163 5
1167 60
1171 12
1172 6
1175 36
1180 4
1185 19
1186 5
1188 4
1197 4
1203 4
1204 16
1205 7
1207 7
1216 6
1219 7
1231 6
1234 7
1235 27
1241 4
1248 10
1250 11
1254 4
1255 4
1265 84
1284 4
1287 16
1288 1563
1289 21
1291 4
1294 71
1299 6
1300 7
1303 26
1304 358
1307 5
1308 25
1309 11
1325 5
1328 6
1332 23
1347 8
1362 4
1363 12
1369 11
1384 13
1387 11
1399 6
1412 6
1418 7
1424 11
1429 6
1432 6
1433 120
1434 5
1435 9
1444 6
1445 4
1458 6
1459 14
1461 4
1468 7
1469 5
1486 22
1488 5
1495 4
1498 4
1499 6
1502 6
1524 12
1525 9
1533 6
1540 11
1549 7
1550 12
1551 5
1553 4
1556 9
1560 18
1571 5
1573 10
1574 5
1578 14
1579 7
1580 32
1585 10
1586 34
1593 23
1597 5
1598 13
1633 11
1638 37
1639 29
1640 13
1641 5
1655 9
1658 6
1659 4
1663 8
1673 4
1674 21
1675 5
1678 15
1679 10
1680 4
1690 7
1691 4
1696 7
1698 27
1701 18
1702 6
1704 4
1710 5
1715 8
1717 8
1725 4
1727 6
1729 6
1736 9
1738 5
1744 35
1751 39
1752 10
1753 21
1754 5
1756 6
1757 5
1758 5
1759 7
1760 9
1766 9
1769 9
1773 6
1778 4
1779 5
1780 7
1782 12
1784 4
1788 8
1793 13
1794 24
1801 7
1803 7
1804 7
1807 6
1810 7
1812 27
1815 6
1819 6
1827 6
1829 10
1831 14
1833 4
1849 11
1863 11
1872 5
1873 6
1874 4
1877 14
1878 9
1879 29
1884 17
1906 8
1911 7
1916 7
1922 23
1928 4
1941 9
1943 11
1944 8
1994 7
1999 4
2000 5
2010 5
2011 12
2030 15
2044 25
2051 29
2052 13
2055 4
2056 14
2064 13
2065 6
2073 17
2075 17
2079 5
2083 6
2088 6
2110 17
2114 7
2121 6
2128 4
2129 7
2130 5
2138 4
2144 7
2146 4
2175 41
2176 5
2179 4
2186 5
2196 19
2199 5
2209 4
2227 116
2302 12
2307 7
2331 5
2360 5
2362 14
2363 7
2364 6
2365 6
2373 8
2374 14
2380 8
2381 43
2389 20
2391 81
2392 20
2404 4
2472 18
2475 28
2477 8
2479 12
2480 20
2485 63
2512 72
2513 16
2517 4
2518 7
2523 7
2528 11
2534 15
2536 8
2546 10
2547 10
2564 7
2571 6
2575 4
2576 4
2577 9
2578 48
2596 7
2600 4
2601 4
2615 6
2627 5
2628 4
2632 10
2633 6
2635 4
2637 15
2644 5
2645 4
2658 5
2659 7
2664 8
2680 5
2682 27
2683 14
2686 42
2691 6
2692 11
2693 17
2694 28
2695 30
2698 5
2699 7
2702 9
2704 6
2705 22
2709 16
2712 13
2715 4
2717 9
2718 5
2722 7
2732 4
2738 4
2741 8
2744 6
2759 35
2762 5
2764 8
2765 6
2773 8
2776 12
2785 5
2791 4
2792 4
2793 4
2798 83
2805 42
2808 4
2832 10
2853 16
2860 8
2876 5
2878 7
2896 13
2902 10
2904 8
2906 27
2907 18
2911 18
2912 5
2913 57
2914 37
2920 11
2924 141
2939 16
2948 49
2955 31
2961 8
2962 27
2968 4
2974 304
2980 7
2981 10
2982 8
2983 10
2987 5
3007 4
3008 42
3009 5
3043 10
3046 4
3057 4
3064 5
3095 8
3105 4
3108 8
3111 9
3118 5
3122 4
3123 6
3127 7
3136 19
3137 32
3141 6
3145 16
3146 4
3147 14
3149 326
3151 4
3152 4
3157 13
3161 7
3164 18
3172 72
3196 4
3198 27
3205 8
3222 33
3224 7
3226 4
3227 4
3228 5
3230 10
3232 4
3241 4
3260 4
3267 6
3270 4
3277 55
3282 14
3284 53
3290 6
3316 5
3318 5
3319 7
3324 15
3328 6
3344 10
3347 7
3348 6
3376 14
3377 5
3422 4
3447 35
3470 9
3471 4
3481 19
3483 5
3503 9
3510 7
3513 10
3516 10
3518 11
3521 16
3541 8
3543 8
3549 7
3571 4
3606 6
3607 5
3609 8
3619 5
3629 15
3631 7
3633 6
3650 12
3651 5
3656 9
3660 6
3661 5
3664 5
3673 6
3677 4
3679 5
3684 4
3686 13
3690 6
3691 6
3695 15
3697 4
3698 24
3699 7
3700 12
3702 9
3703 4
3705 5
3709 11
3711 4
3712 6
3713 4
3714 4
3739 5
3741 4
3747 9
3753 14
3759 5
3762 6
3763 4
3767 13
3769 50
3770 24
3772 10
3795 4
3796 6
3797 26
3819 5
3829 8
3830 4
3833 8
3834 5
3835 24
3846 7
3850 13
3851 6
3853 21
3857 10
3858 5
3859 21
3860 7
3894 8
3915 14
3919 11
3927 4
3930 4
3937 11
3961 6
3973 25
3974 15
3976 36
3979 18
3981 7
3985 4
3997 7
4001 6
4004 9
4005 15
4012 7
4022 5
4023 5
4035 7
4041 6
4042 5
4046 13
4048 40
4103 20
4117 4
4120 5
4122 4
4127 5
4130 25
4131 13
4133 5
4139 5
4140 6
4142 5
4143 4
4144 6
4148 4
4150 4
4155 7
4156 19
4157 4
4158 8
4166 13
4167 5
4181 6
4198 5
4199 4
4201 5
4213 8
4216 4
4217 6
4221 6
4223 5
4225 9
4253 7
4258 5
4259 4
4273 10
4275 26
4276 22
4277 40
4284 11
4287 41
4292 5
4293 13
4299 19
4300 122
4323 112
4341 17
4348 5
4349 27
4374 23
4375 23
4376 6
4377 7
4395 5
4422 4
4442 6
4443 15
4446 8
4451 5
4459 52
4476 6
4478 5
4480 9
4481 12
4482 12
4490 4
4500 11
4501 5
4502 5
4507 4
4510 27
4514 14
4522 9
4536 21
4541 4
4543 4
4544 6
4545 6
4556 10
4562 8
4567 5
4587 9
4589 12
4591 4
4596 4
4606 11
4608 14
4613 9
4617 6
4625 34
4626 15
4631 10
4632 4
4635 9
4658 6
4659 52
4663 7
4676 15
4689 4
4690 10
4695 6
4697 28
4698 6
4699 10
4701 5
4707 31
4714 5
4716 10
4722 6
4723 7
4724 7
4726 5
4752 4
4753 5
4758 6
4764 23
4775 5
4780 5
4781 8
4784 5
4786 4
4790 7
4796 10
4800 4
4804 8
4816 5
4817 10
4818 5
4819 4
4826 5
4831 4
4841 4
4842 5
4854 7
4864 5
4868 9
4886 6
4887 4
4888 10
4895 14
4907 8
4908 19
4909 6
4937 5
4939 10
4956 17
4963 64
4966 7
4969 92
4970 14
4975 4
4977 4
4979 29
4985 4
4988 5
4997 5
5001 4
5015 48
5016 19
5019 26
5024 10
5039 6
5040 15
5063 6
5067 9
5106 12
5108 10
5117 8
5118 4
5126 5
5137 4
5141 4
5144 7
5147 11
5150 5
5151 4
5161 5
5164 4
5170 5
5171 5
5214 18
5215 52
5223 32
5224 10
5227 229
5234 13
5235 14
5237 11
5248 8
5249 9
5279 73
5280 24
5297 9
5314 4
5335 6
5337 25
5339 13
5342 6
5347 17
5348 37
5349 15
5358 23
5366 38
5370 12
5371 16
5386 5
5387 17
5388 6
5389 16
5391 4
5392 15
5399 19
5412 5
5418 5
5419 7
5423 4
5429 5
5433 5
5439 17
5442 9
5451 4
5456 5
5461 5
5463 11
5464 7
5472 7
5489 26
5491 47
5506 11
5518 17
5532 24
5545 8
5573 4
5589 7
5591 22
5597 6
5598 4
5604 17
5605 5
5606 10
5616 6
5635 8
5643 8
5667 29
5670 125
5745 19
5771 6
5775 21
5779 12
5782 6
5790 4
5800 5
5804 5
5810 9
5829 7
5835 5
5837 5
5844 5
5850 9
5861 7
5870 4
5876 5
5888 9
5889 4
5890 4
5904 4
5905 4
5918 4
5968 30
5990 5
5991 39
5992 12
5997 4
5998 4
5999 6
6032 25
6036 7
6041 43
6043 5
6049 58
6053 78
6061 5
6062 27
6064 11
6109 12
6110 28
6113 12
6116 29
6118 8
6126 14
6127 5
6144 6
6147 11
6163 7
6166 7
6177 4
6178 7
6182 7
6184 4
6185 5
6190 22
6202 8
6216 7
6219 6
6221 6
6233 6
6254 17
6260 11
6263 6
6264 6
6270 4
6273 5
6282 5
6298 9
6299 16
6313 36
6328 4
6334 6
6346 4
6355 18
6369 62
6380 25
6384 6
6388 14
6389 6
6396 9
6397 9
6398 5
6399 9
6418 12
6421 34
6422 6
6425 7
6426 12
6469 11
6475 5
6478 5
6506 10
6509 10
6511 17
6515 9
6516 4
6517 14
6528 9
6533 5
6541 6
6542 8
6545 5
6578 14
6579 11
6610 32
6646 16
6651 14
6652 13
6680 5
6692 13
6699 6
6702 7
6703 6
6704 4
6705 8
6706 11
6714 12
6715 9
6716 27
6717 41
6719 8
6721 10
6722 8
6732 8
6733 5
6738 11
6739 12
6753 35
6791 9
6794 8
6819 4
6835 4
6841 6
6842 12
6849 9
6870 4
6873 6
6884 7
6886 17
6888 8
6890 4
6902 18
6915 6
6916 13
6935 4
6941 23
6965 39
6966 71
6968 23
6969 21
6973 5
6978 6
6982 7
6990 5
6997 4
6998 8
7024 7
7035 8
7037 4
7040 4
7041 10
7043 6
7045 10
7046 6
7048 4
7049 10
7054 5
7062 15
7063 8
7071 5
7079 7
7081 12
7082 8
7085 5
7089 7
7090 5
7094 6
7097 19
7098 11
7099 4
7115 5
7138 4
7150 28
7157 8
7158 5
7161 64
7190 8
7206 8
7231 8
7240 6
7241 24
7250 18
7269 7
7272 10
7304 12
7306 5
7340 5
7349 6
7353 12
7356 8
7362 7
7366 6
7371 4
7372 18
7392 11
7394 7
7434 4
7436 5
7467 5
7469 9
7484 79
7500 8
7505 5
7510 8
7518 5
7532 4
7541 12
7548 5
7554 6
7555 5
7576 5
7587 33
7607 9
7612 4
7623 4
7624 5
7627 11
7628 4
7630 4
7649 10
7653 7
7661 8
7664 30
7670 8
7671 10
7676 8
7677 131
7681 7
7683 6
7685 52
7692 8
7693 4
7731 5
7743 26
7744 190
7745 7
7755 8
7756 8
7769 8
7774 6
7776 5
7778 5
7783 4
7842 6
7844 12
7881 8
7894 10
7896 5
7908 10
7910 9
7925 10
7929 13
7930 9
7932 7
7933 8
7934 5
7937 14
7954 4
7965 6
7971 5
7984 23
7986 8
7989 4
7991 4
7996 5
7997 10
8014 6
8026 5
8066 7
8085 4
8114 8
8120 4
8121 8
8122 5
8130 5
8131 9
8142 10
8149 10
8188 10
8189 51
8192 4
8199 6
8200 4
8203 4
8223 5
8352 7
8356 7
8366 5
8375 20
8377 16
8394 6
8400 5
8457 4
8458 4
8476 8
8478 32
8494 11
8497 23
8498 13
8500 34
8506 6
8508 19
8512 4
8515 8
8518 13
8523 5
8536 7
8552 4
8566 4
8583 13
8591 4
8600 5
8607 7
8619 5
8620 4
8622 27
8626 4
8628 5
8643 13
8652 4
8681 19
8704 5
8710 7
8711 4
8722 7
8725 5
8735 4
8737 11
8748 7
8751 8
8753 10
8769 4
8772 7
8773 7
8775 9
8788 4
8796 5
8836 35
8868 7
8875 9
8886 14
8888 6
8892 58
8919 6
8920 21
8922 4
8925 5
8942 9
8944 16
8979 15
8996 4
9001 6
9014 5
9016 8
9023 4
9025 8
9056 6
9060 5
9065 22
9077 4
9115 5
9125 7
9129 12
9144 37
9146 5
9157 16
9200 5
9203 10
9204 8
9209 4
9217 9
9251 4
9253 33
9266 7
9269 4
9292 4
9295 15
9296 6
9303 10
9304 6
9309 547
9354 4
9359 13
9360 4
9361 5
9407 21
9408 12
9431 5
9432 7
9442 33
9446 5
9460 4
9497 7
9499 8
9525 4
9537 4
9639 31
9651 26
9663 19
9668 16
9691 7
9705 5
9760 96
9764 7
9770 13
9773 40
9774 6
9794 8
9796 4
9799 4
9800 10
9830 12
9831 41
9853 4
9855 8
9856 5
9868 4
9881 17
9954 9
9955 4
9965 10
9977 5
9992 5
10006 5
10009 8
10015 4
10027 10
10035 6
10037 4
10038 6
10040 27
10042 16
10058 4
10060 4
10114 5
10134 29
10147 5
10162 5
10170 9
10180 6
10186 8
10202 30
10206 13
10210 10
10219 21
10220 32
10221 7
10231 4
10243 24
10280 78
10281 8
10283 152
10284 19
10287 20
10289 33
10294 20
10297 14
10300 8
10302 135
10303 11
10314 7
10319 16
10333 9
10387 7
10389 7
10398 4
10416 4
10420 4
10422 4
10475 19
10476 5
10477 7
10488 9
10495 13
10498 4
10503 20
10538 5
10539 6
10541 11
10547 8
10549 10
10583 4
10588 4
10589 5
10591 8
10656 33
10660 5
10661 30
10663 24
10669 11
10695 8
10696 165
10706 11
10717 6
10718 36
10730 5
10731 6
10754 4
10764 19
10796 10
10819 9
10820 44
10834 5
10856 26
10874 6
10878 18
10887 9
10890 5
10891 8
10897 26
10902 7
10955 4
10957 14
10958 9
10967 7
10969 7
10978 9
10979 5
10992 27
10993 12
11003 5
11007 6
11008 7
11030 4
11033 13
11042 26
11052 32
11054 5
11055 5
11105 15
11125 5
11188 9
11234 7
11293 4
11294 4
11346 5
11406 16
11408 6
11424 4
11434 8
11435 4
11445 6
11449 8
11460 22
11476 8
11477 26
11494 8
11528 8
11529 15
11532 6
11632 8
11639 8
11640 5
11659 9
11660 6
11663 4
11665 4
11667 10
11668 9
11669 12
11671 16
11672 5
11673 4
11675 6
11698 17
11699 10
11700 4
11702 6
11703 4
11729 4
11732 5
11751 4
11761 4
11764 4
11895 158
11914 4
11915 7
11916 6
11917 4
11929 6
11930 6
11949 4
11957 12
11958 26
11959 8
11963 6
11964 7
11987 5
12013 4
12025 7
12026 9
12027 7
12062 5
12074 9
12083 9
12085 4
12088 4
12151 4
12159 9
12175 11
12186 11
12188 7
12194 18
12254 4
12265 6
12275 12
12278 6
12305 4
12312 5
12380 11
12382 4
12389 14
12392 6
12398 4
12405 4
12423 7
12443 12
12454 9
12456 4
12461 7
12493 4
12495 5
12513 7
12514 5
12566 15
12568 11
12570 26
12582 22
12587 7
12591 7
12602 7
12603 16
12604 10
12612 57
12613 25
12620 17
12625 17
12653 12
12656 21
12658 5
12659 7
12670 13
12680 6
12701 11
12714 9
12718 11
12719 12
12744 4
12745 36
12770 13
12771 6
12772 17
12773 24
12780 4
12781 14
12782 11
12805 19
12811 7
12813 4
12815 14
12868 7
12914 9
12915 18
12943 96
12945 74
12946 38
12947 7
12956 5
12957 4
12973 6
12978 4
12993 4
13036 11
13076 86
13077 37
13081 18
13090 9
13091 4
13101 5
13108 4
13114 29
13115 14
13116 11
13117 201
13119 19
13120 4
13121 9
13168 11
13184 8
13191 4
13247 6
13249 5
13286 16
13351 4
13360 5
13456 11
13459 10
13472 13
13477 23
13517 5
13519 4
13520 5
13524 9
13601 6
13608 6
13610 7
13652 6
13653 5
13655 14
13669 14
13670 9
13671 17
13700 54
13705 13
13706 9
13711 31
13717 7
13737 44
13751 53
13758 10
13763 10
13764 12
13775 6
13808 6
13814 6
13829 12
13841 4
13843 4
13853 4
13862 11
13863 12
13864 7
13868 5
13887 5
13888 5
13892 19
13912 4
13914 27
13915 4
13938 15
13961 5
14049 17
14050 18
14051 4
14062 6
14101 4
14107 4
14140 6
14159 11
14165 5
14175 7
14211 4
14250 5
14287 9
14326 5
14375 5
14380 5
14399 6
14400 4
14408 5
14412 17
14419 5
14420 8
14421 4
14492 25
14509 14
14512 15
14513 14
14537 6
14546 12
14548 7
14558 4
14571 13
14574 5
14581 8
14586 9
14601 6
14609 50
14671 10
14672 21
14731 63
14734 6
14741 112
14759 21
14763 6
14765 5
14776 6
14792 11
14798 7
14808 13
14812 29
14837 10
14850 5
14853 6
14854 12
14860 14
14870 8
14871 5
14873 16
14876 6
14885 6
14936 8
14994 8
14995 6
14998 4
14999 21
15022 29
15048 7
15064 4
15065 10
15111 9
15130 11
15159 5
15161 4
15187 22
15192 4
15196 24
15202 6
15211 6
15233 21
15239 8
15248 4
15251 13
15252 4
15254 22
15279 8
15313 8
15314 4
15327 10
15328 6
15343 5
15344 6
15365 7
15368 26
15375 7
15378 5
15390 15
15391 6
15392 41
15405 18
15406 7
15416 4
15439 4
15442 12
15465 5
15466 5
15508 5
15532 14
15533 10
15534 24
15542 67
15554 4
15574 5
15575 20
15578 4
15584 16
15585 15
15601 18
15616 10
15629 5
15633 4
15634 6
15688 6
15691 16
15722 15
15731 24
15733 4
15739 10
15784 22
15848 5
15861 8
15865 5
15866 9
15867 6
15872 6
15880 5
15881 7
15884 19
15901 7
15907 24
15934 11
15946 7
15947 13
15971 7
15990 4
15997 9
15998 5
16010 7
16055 30
16128 7
16180 7
16210 18
16217 11
16242 8
16328 4
16336 5
16373 14
16376 43
16394 4
16403 4
16410 5
16415 11
16434 19
16441 11
16443 7
16445 4
16466 12
16487 5
16488 7
16494 17
16555 7
16559 11
16593 6
16600 4
16613 5
16618 46
16621 7
16623 7
16629 5
16630 5
16634 12
16638 36
16644 9
16678 8
16707 27
16728 5
16734 5
16765 5
16766 9
16768 17
16769 14
16815 4
16822 26
16836 21
16837 5
16841 13
16853 8
16881 6
16886 49
16897 10
16906 8
16911 37
16957 10
16958 24
16972 10
16973 12
16981 4
16996 20
17017 4
17019 4
17032 5
17036 7
17070 8
17071 12
17094 6
17098 23
17105 4
17108 4
17115 10
17118 29
17146 19
17199 4
17205 6
17212 22
17219 18
17268 7
17269 9
17278 16
17282 7
17298 13
17308 4
17337 4
17340 8
17343 9
17369 17
17376 7
17378 5
17399 13
17400 6
17424 7
17434 68
17441 5
17447 7
17451 4
17478 42
17532 6
17534 24
17557 13
17562 8
17570 12
17582 4
17617 11
17620 7
17637 8
17658 10
17659 5
17673 17
17697 5
17699 25
17714 4
17715 12
17763 9
17764 6
17791 47
17792 24
17798 4
17810 49
17854 8
17855 8
17894 4
17895 9
17903 4
17915 8
17922 18
17927 16
17992 9
18027 7
18028 4
18047 13
18049 12
18062 30
18087 6
18110 12
18124 15
18134 20
18210 10
18216 14
18218 11
18242 7
18245 7
18271 5
18335 4
18373 39
18375 34
18401 10
18406 29
18412 4
18438 8
18441 10
18454 13
18464 11
18467 11
18537 4
18544 8
18553 19
18594 7
18598 16
18611 14
18616 54
18673 21
18674 9
18676 19
18683 11
18684 34
18694 25
18695 32
18702 9
18703 5
18704 8
18730 22
18734 9
18738 20
18746 61
18878 8
18889 5
18892 6
18893 11
18896 14
18935 5
18941 11
18944 7
18945 10
18972 9
19063 8
19079 6
19080 8
19112 4
19113 8
19132 28
19137 4
19139 50
19143 4
19161 8
19162 5
19163 13
19168 4
19170 13
19181 25
19221 9
19249 25
19256 4
19257 13
19263 6
19286 10
19301 4
19302 6
19346 20
19349 4
19353 4
19359 6
19365 5
19366 4
19374 4
19458 31
19497 6
19522 18
19526 9
19545 33
19563 9
19565 5
19566 10
19567 11
19641 11
19673 4
19676 6
19720 22
19722 4
19750 65
19775 10
19871 74
19898 5
19925 17
19931 9
19941 13
19957 6
19961 11
19963 4
20051 12
20069 25
20071 5
20072 7
20073 13
20094 13
20118 9
20146 12
20234 5
20280 8
20290 12
20294 5
20318 12
20334 4
20336 109
20337 70
20338 33
20340 116
20343 13
20344 7
20346 12
20348 23
20354 18
20357 6
20358 7
20367 6
20368 9
20373 18
20379 5
20412 5
20415 6
20417 12
20418 6
20456 7
20457 5
20459 5
20492 13
20494 8
20500 5
20501 7
20502 10
20519 8
20536 20
20568 6
20578 19
20584 6
20585 4
20621 20
20632 12
20633 5
20707 6
20735 8
20741 22
20761 18
20763 92
20766 12
20845 5
20851 5
20869 5
20889 8
20960 4
20961 5
20975 25
20981 12
21027 4
21029 4
21032 4
21033 5
21066 4
21069 32
21090 8
21095 6
21131 8
21139 8
21140 6
21153 73
21154 4
21187 20
21188 35
21192 8
21193 6
21194 4
21211 5
21228 32
21231 24
21265 23
21303 11
21320 4
21321 12
21324 7
21345 11
21351 7
21415 4
21417 7
21437 38
21438 7
21442 9
21444 6
21484 4
21486 5
21489 4
21493 6
21496 45
21507 5
21508 4
21557 6
21560 6
21561 22
21573 6
21581 5
21584 4
21592 8
21596 30
21599 5
21619 4
21648 21
21651 29
21652 14
21726 7
21743 4
21751 5
21783 20
21801 4
21829 5
21842 6
21859 33
21900 12
21901 17
21907 15
21921 11
21927 10
21934 4
21963 6
21964 4
21966 14
21982 19
21989 4
22003 16
22011 10
22019 13
22024 6
22033 8
22034 9
22078 5
22083 4
22154 6
22156 7
22157 9
22190 4
22198 6
22252 6
22275 17
22295 30
22368 356
22386 4
22395 4
22396 11
22420 72
22428 85
22468 4
22473 11
22477 8
22484 6
22500 23
22513 5
22571 20
22639 4
22640 9
22698 4
22699 6
22732 4
22776 7
22777 6
22780 12
22784 5
22786 8
22792 6
22800 5
22801 19
22805 14
22810 8
22812 6
22830 6
22834 12
22848 9
22915 4
22948 4
22965 8
22968 4
22993 9
22994 11
23002 4
23007 6
23037 8
23043 7
23044 23
23046 4
23052 9
23054 12
23055 14
23061 7
23063 7
23074 18
23118 15
23125 16
23130 32
23131 6
23132 24
23136 8
23139 5
23153 14
23166 11
23167 5
23175 5
23193 5
23198 4
23204 13
23205 8
23209 4
23258 10
23263 7
23268 45
23269 9
23282 14
23284 59
23288 10
23294 4
23306 24
23337 5
23356 16
23357 16
23373 10
23374 25
23413 8
23421 6
23424 10
23460 6
23466 4
23470 13
23471 12
23500 12
23510 8
23511 9
23522 12
23531 4
23546 8
23548 7
23549 10
23550 8
23558 4
23573 52
23597 24
23598 31
23605 8
23641 8
23702 5
23706 8
23707 15
23709 9
23716 20
23719 4
23725 4
23748 6
23760 5
23774 8
23790 26
23791 7
23792 11
23804 8
23811 5
23812 7
23816 10
23831 26
23875 27
23884 14
23893 37
23907 4
23909 11
23910 5
23933 101
23989 5
24022 18
24043 7
24094 7
24102 5
24115 4
24131 4
24171 7
24176 18
24279 16
24286 6
24343 4
24389 4
24392 6
24396 9
24419 4
24468 29
24497 32
24501 7
24508 7
24513 5
24541 37
24584 4
24585 4
24618 8
24655 4
24668 5
24669 4
24670 4
24713 4
24719 11
24720 5
24726 6
24755 24
24759 7
24760 4
24763 5
24775 9
24835 4
24837 6
24841 12
24848 39
24850 13
24884 13
24889 10
24895 4
24899 7
24904 49
24939 10
24940 8
24946 7
24993 4
24995 9
25060 6
25104 5
25115 5
25125 9
25131 4
25186 7
25189 8
25241 10
25247 4
25294 5
25306 41
25307 5
25308 9
25316 5
25345 9
25375 5
25386 4
25393 4
25396 9
25426 9
25427 5
25428 6
25453 8
25462 6
25480 11
25504 4
25520 19
25532 44
25598 4
25631 4
25633 6
25644 5
25668 10
25687 6
25689 10
25711 4
25732 4
25740 12
25752 11
25813 8
25818 27
25839 4
27034 110
27047 16
27048 6
27050 4
27065 9
27096 7
27105 15
27107 8
27126 5
27132 6
27156 22
27159 6
27172 7
27187 7
27257 9
27269 6
27270 12
27331 10
27341 259
27389 4
27390 4
27391 6
27393 5
27427 7
27451 10
27452 11
27470 22
27479 6
27491 14
27505 5
27565 11
27572 32
27629 9
27660 7
27669 11
27680 8
27726 22
27733 9
27745 17
27769 5
27779 4
27791 11
27859 4
27880 14
27951 7
27952 6
27953 6
27960 6
28151 20
28189 18
28215 13
28217 8
28300 12
28327 11
28328 15
28361 9
28372 22
28399 4
28407 5
28408 4
28432 5
28436 7
28461 9
28470 15
28495 7
28513 5
28527 5
28550 9
28586 5
28587 4
28596 16
28646 271
28733 8
28734 6
28760 6
28764 4
28799 4
28805 14
28918 6
28927 19
28940 9
29057 5
29058 5
29065 4
29069 4
29079 35
29118 7
29122 7
29125 9
29204 10
29210 5
29275 4
29295 5
29296 21
29299 27
29313 4
29314 6
29329 14
29330 92
29331 6
29356 4
29357 4
29368 7
29374 6
29379 11
29404 9
29417 6
29418 4
29458 7
29472 4
29473 15
29492 4
29526 48
29528 33
29534 6
29538 6
29545 39
29547 6
29549 9
29553 4
29555 4
29556 23
29564 17
29598 5
29600 32
29604 4
29614 25
29638 6
29669 6
29670 5
29694 5
29713 7
29719 27
29725 6
29726 4
29728 4
29758 6
29773 29
29802 5
29803 14
29823 8
29830 324
29832 4
29858 5
29861 7
29904 15
29929 6
29938 6
29942 9
29964 8
29974 7
29983 12
29987 8
29991 4
30006 7
30038 13
30048 5
30052 4
30063 32
30093 5
30097 8
30122 5
30123 9
30125 20
30134 31
30214 5
30215 13
30320 7
30324 7
30376 16
30377 11
30384 12
30400 4
30412 6
30480 73
30598 7
30607 5
30627 17
30636 11
30639 21
30640 12
30641 6
30679 15
30693 21
30694 8
30698 8
30699 18
30700 4
30737 4
30740 4
30790 5
30791 5
30793 9
30801 4
30837 9
30840 10
30874 10
30919 4
30934 9
30947 36
30955 7
30988 14
31019 4
31022 10
31024 4
31047 5
31052 6
31092 8
31095 21
31096 6
31098 6
31105 14
31109 7
31262 16
31359 11
31369 6
31371 4
31372 5
31373 5
31379 6
31384 13
31386 6
31416 10
31461 13
31464 18
31512 11
31513 6
31517 29
31518 11
31524 14
31565 4
31580 8
31589 4
31595 7
31601 4
31716 7
31721 35
31722 7
31743 10
31766 5
31778 4
31779 6
31791 7
31806 14
31807 33
31810 4
31811 6
31824 5
31850 69
31851 31
31856 9
32907 4
32908 6
32921 4
32941 4
32984 6
32988 4
33022 6
33023 6
33060 9
33076 7
33078 11
33089 12
33090 6
33198 11
33220 36
33291 176
33292 34
33303 7
33305 7
33322 7
33336 21
33339 6
33341 8
33353 7
33358 4
33366 4
33451 10
33452 13
33558 30
33562 6
33565 8
33567 6
33568 6
33569 4
33584 10
33591 9
33597 5
33604 5
33616 28
33622 10
33627 6
33694 10
33702 17
33704 16
33705 118
33707 4
33727 43
33731 29
33739 4
33740 17
33743 30
33744 7
33747 6
33767 7
33791 17
33900 5
33925 4
33958 13
33959 54
33960 177
33963 4
34002 6
34052 61
34082 7
34134 43
34142 9
34154 19
34155 9
34178 4
34192 10
34218 5
34317 4
34327 7
34345 8
34357 17
34359 13
34361 7
34372 4
34383 7
34384 6
34404 5
34409 8
34419 19
34485 25
34486 14
34537 11
34634 9
34635 6
34645 20
34696 5
34731 22
34733 6
34755 12
34756 13
34761 7
34771 5
34774 4
34781 9
34786 5
34840 4
34861 7
34948 6
34950 8
34953 27
34958 31
34960 9
34978 15
34986 15
34987 5
35016 5
35028 9
35083 8
35104 16
35178 15
35180 9
35185 6
35187 12
35190 13
35227 31
35242 4
35264 15
35272 13
35273 7
35281 8
35286 5
35295 14
35312 10
35313 16
35317 38
35319 8
35326 12
35328 4
35331 12
35336 7
35337 6
35359 18
35363 9
35389 20
35398 7
35460 8
35464 7
35466 5
35470 7
35482 17
35486 10
35503 45
35504 7
35510 14
35518 12
35531 5
35571 7
35580 8
35586 8
35597 20
35598 4
35615 9
35624 5
35626 102
35636 20
35795 6
35797 4
35813 8
35823 11
35826 62
35849 7
35854 4
35895 5
35904 8
35912 18
35914 6
35933 4
35934 6
36059 7
36060 6
36079 6
36080 4
36089 47
36116 39
36142 5
36174 19
36247 9
36253 10
36307 10
36308 4
36342 5
36347 8
36501 8
36525 11
36538 17
36542 6
36578 50
36606 4
36613 10
36614 14
36624 9
36664 32
36725 7
36773 6
36807 15
36816 4
36817 21
36829 9
36868 6
36872 34
36874 11
36877 17
36878 4
36882 4
36918 7
36922 6
36947 8
36948 5
36952 16
36957 10
36960 5
36996 4
37017 5
37021 45
37040 4
37049 7
37059 6
37062 11
37068 29
37095 26
37152 22
37175 7
37183 16
37254 5
37257 4
37260 15
37267 5
37285 7
37300 4
37356 5
37357 8
37365 7
37380 8
37382 12
37431 30
37432 14
37455 6
37493 5
37533 6
37558 5
37569 4
37601 14
37604 7
37607 21
37610 5
37615 6
37616 6
37628 13
37630 6
37646 73
37657 5
37661 4
38712 4
38715 6
38725 4
38726 4
38764 4
38766 9
38799 41
38804 57
38805 5
38810 5
38811 5
38822 4
38943 8
38995 6
38997 6
39015 7
39065 14
39075 6
39080 5
39108 9
39139 11
39145 6
39243 26
39320 4
39346 16
39347 21
39423 6
39439 48
39513 10
39573 5
39597 8
39599 169
39607 15
39624 4
39632 4
39691 4
39696 8
39698 6
39699 12
39705 4
39708 5
39710 12
39819 5
39821 22
39836 35
39837 34
39838 5
39839 9
39842 7
39848 4
39849 4
39858 17
39860 17
39937 18
39950 7
39951 6
39953 4
39969 5
39972 4
39998 5
40051 269
40054 254
40147 9
40194 4
40223 4
40224 5
40234 8
40261 16
40275 4
40278 8
40281 17
40283 9
40288 5
40296 8
40374 4
40375 5
40482 18
40491 10
40494 5
40495 10
40517 7
40574 10
40577 7
40585 5
40598 6
40607 7
40614 16
40672 118
40674 4
40678 5
40693 9
40704 12
40706 6
40753 25
40763 15
40831 11
40836 10
40837 5
40858 4
40986 4
40991 5
41068 21
41082 6
41101 12
41220 9
41222 10
41225 4
41227 12
41247 4
41259 10
41286 6
41345 8
41346 22
41478 11
41483 30
41522 6
41536 5
41562 8
41584 22
41609 5
41611 5
41635 15
41654 9
41682 7
41715 4
41719 9
41758 10
41762 10
41767 7
41769 5
41776 5
41856 8
41860 19
41867 9
41912 28
41956 6
41976 8
41977 8
41997 14
42187 4
42189 7
42220 4
42221 9
42542 8
42543 10
42548 6
42551 4
42554 6
42555 5
42566 4
42567 5
42568 76
42576 6
42650 7
42652 10
42653 11
42724 9
42737 12
42838 6
42850 24
42890 4
42898 7
42932 20
42936 6
43018 45
43020 6
43057 13
43101 6
43103 7
43128 9
43142 52
43256 103
43261 36
43353 46
43356 15
43364 7
43455 7
43460 6
43463 5
43464 7
43486 5
43491 4
43492 5
43581 7
43582 8
43635 4
43636 7
43741 6
43773 20
43774 6
43804 9
43806 13
43808 9
43817 19
43824 34
43831 16
43833 23
43867 17
43911 29
43918 22
43947 30
44002 25
44050 5
44085 27
44098 7
44117 10
44152 6
44154 9
44190 10
44273 9
44406 5
44412 27
44472 6
44510 4
44519 11
44532 7
44537 7
44538 17
44562 6
44590 8
44591 4
44605 4
44663 9
44745 31
44766 15
44786 19
44788 13
44789 7
44791 5
44797 7
44798 6
44800 5
44822 13
44912 66
44913 9
44958 32
44962 142
44993 7
44994 9
45096 9
45097 8
45106 16
45152 40
45164 5
45180 5
45189 9
45218 9
45260 4
45298 4
45299 6
45300 4
45307 10
45319 7
45381 6
45462 6
45468 7
45581 9
45582 8
45590 5
45591 15
45656 13
45667 18
45669 39
45709 13
45710 4
45713 7
45715 8
45849 8
45850 5
45853 6
45879 14
45927 5
45928 5
45945 5
45955 5
46010 9
46012 6
46013 10
46040 13
46082 4
46094 4
46099 8
46107 13
46110 5
46119 8
46139 30
46147 16
46148 6
46155 5
46277 6
46284 5
46292 8
46302 29
46306 8
46376 5
46378 20
46409 27
46413 4
46415 67
46457 13
46477 37
46516 4
46555 7
46590 6
46612 8
46619 5
46678 9
46679 4
46872 27
46944 8
46946 8
46959 4
46961 8
46981 13
46982 7
46993 4
47006 4
47026 32
47036 10
47048 9
47052 5
47061 26
47066 53
47079 5
47106 8
47107 10
47133 6
47151 13
47187 4
47188 4
47192 9
47238 10
47242 19
47270 6
47271 5
47273 5
47284 5
47324 4
47333 7
47339 6
47352 11
47358 10
47362 7
47364 18
47365 14
47366 4
47382 4
47411 4
47415 9
47434 48
47435 11
47437 5
47446 9
47455 14
47494 5
47546 5
47577 4
47659 18
47725 6
47846 6
47862 5
47863 14
48012 23
48015 53
48068 6
48069 9
48085 6
48104 19
48112 6
48117 6
48189 17
48296 115
48367 5
48412 7
48414 5
48416 20
48417 24
48431 9
48469 13
48472 50
48487 6
48489 11
48527 4
48532 4
48540 28
48548 5
48572 5
48584 7
48632 5
48633 6
48639 10
48647 9
48648 6
48657 11
48706 6
48734 4
48736 4
48765 14
48780 12
48875 7
48901 5
48929 4
48936 12
48938 5
48950 9
48996 51
49141 5
49147 10
49150 5
49227 16
49386 12
49401 6
49404 7
49410 12
49453 6
49533 11
49765 4
49767 9
49770 11
49775 6
49781 8
49800 11
49875 4
49876 12
49949 17
49970 5
49985 10
50010 6
50029 23
50032 4
50044 7
50066 5
50079 10
50081 4
50130 6
50131 15
50239 4
50242 4
50367 8
50402 6
50443 9
50445 4
50448 13
50543 10
50653 4
50657 12
50668 6
50673 7
50709 18
50710 10
50728 4
50744 4
50745 4
50765 5
50798 8
50829 4
50839 4
50854 6
50868 5
50869 6
50887 14
50952 5
50954 11
50960 9
51014 29
51156 7
51157 17
51169 8
51217 12
51218 8
51221 24
51222 25
51255 7
51341 4
51419 6
51443 49
51522 5
51534 6
51607 4
51789 4
51946 7
51948 7
51973 6
51975 13
52011 5
52143 11
52161 4
52247 7
52252 4
52255 11
52297 20
52316 12
52326 6
52328 6
52346 6
52362 7
52370 7
52386 5
52497 5
52499 5
52518 39
52531 45
52539 10
52642 5
52650 18
52700 8
52701 9
52831 11
52833 24
52859 8
52883 5
52889 5
52904 9
52906 8
52930 10
52985 4
52991 8
53087 5
53089 28
53095 9
53107 10
53152 11
53155 4
53172 29
53239 7
53395 16
53463 13
53471 14
53487 5
53668 4
53705 113
53733 13
53816 50
53817 22
53827 6
53941 9
53996 5
54002 43
54003 5
54060 7
54063 12
54154 5
54164 6
54262 8
54264 5
54289 95
54326 16
54334 9
54381 8
54404 4
54405 8
54467 4
54577 5
54624 67
54905 7
54907 7
54944 14
54956 10
54957 5
54966 45
54979 22
54991 16
55037 4
55039 5
55044 49
55139 102
55202 15
55203 76
55254 18
55313 10
55326 10
55328 9
55330 13
55364 8
55374 5
55378 6
55385 10
55401 24
55408 4
55499 7
55501 5
55551 16
55563 8
55569 16
55575 14
55579 11
55595 21
55602 10
55777 9
55893 4
56034 6
56035 36
56067 13
56082 6
56098 23
56104 18
56143 8
56159 7
56181 15
56199 6
56443 6
56492 4
56497 28
56506 18
56547 13
56556 8
56625 20
56673 24
56727 12
56796 6
56806 5
56828 4
56846 8
56877 4
56878 15
56901 8
56912 10
56931 11
56948 4
56962 13
56963 8
57059 5
57114 38
57121 8
57281 10
57317 4
57347 9
57358 11
57422 15
57446 4
57453 25
57609 6
57724 57
57788 6
57809 4
58207 13
58246 35
58292 7
58293 11
58310 4
58311 5
58332 140
58363 5
58375 4
58449 12
58456 5
58466 14
58746 5
58889 21
58890 39
58910 8
59016 10
59021 30
59064 7
59065 12
59091 6
59132 5
59136 6
59176 5
59196 25
59231 11
59364 7
59464 4
59479 15
59484 4
59489 7
59508 4
59515 5
59542 7
59712 5
59773 5
59787 4
59792 4
59793 4
59808 7
59814 10
59842 6
59885 4
59947 6
59973 5
60121 7
60127 26
60130 12
60136 7
60142 18
60156 5
60180 7
60181 32
60300 12
60348 7
60357 13
60378 10
60440 5
60450 9
60459 4
60481 4
60483 4
60541 28
60592 18
60594 12
60655 6
60661 17
60792 4
60795 4
60796 5
60800 6
60861 4
60866 6
60867 4
60875 6
60920 6
61164 4
61225 15
61229 48
61230 6
61249 5
61254 7
61295 4
61474 5
61551 4
61552 4
61637 4
61640 5
61644 6
61685 7
61743 4
61989 6
62005 5
62035 5
62041 4
62052 139
62131 5
62159 6
62162 7
62166 9
62210 12
62219 6
62220 8
62225 4
62300 79
62476 20
62502 7
62596 12
62599 8
62601 5
62616 5
62638 83
62663 14
62725 25
62728 7
62737 5
62759 4
62903 9
62997 38
63045 6
63141 6
63154 4
63160 22
63259 6
63260 8
63295 38
63375 6
63514 15
63535 6
63554 6
63587 7
63643 12
63677 7
63679 8
63685 5
63828 7
63841 5
63853 4
63935 4
63967 5
64010 7
64015 4
64016 14
64086 20
64097 5
64099 9
64257 5
64271 5
64336 6
64343 4
64417 15
64418 5
64620 59
64718 7
64735 17
64739 8
64804 6
64872 10
65123 8
65143 4
65151 4
65162 4
65184 4
65259 4
65260 4
65264 5
65265 13
65354 21
65614 31
65807 7
65913 7
65924 10
65927 4
66018 71
66022 106
66068 9
66128 5
66136 6
66251 10
66261 38
66383 6
66394 8
66402 5
66506 9
66561 10
66562 7
66565 6
66617 16
66629 6
66651 13
66670 6
66753 9
66755 43
66761 4
67832 8
67833 8
67853 4
67878 6
67987 18
67988 18
67992 23
68079 38
68085 8
68087 12
68092 45
68112 7
68114 13
68151 4
68193 5
68265 4
68267 10
68281 18
68349 8
68642 5
68655 6
68658 5
68701 5
68703 6
68732 4
68777 8
68832 9
68944 8
68995 13
69047 5
69049 6
69083 5
69090 6
69214 7
69359 9
69364 50
69378 5
69389 24
69397 10
69403 13
69468 6
69470 4
69544 5
69556 28
69621 5
69658 49
69664 5
69777 4
71165 10
71201 14
71405 4
71407 4
71408 5
71440 9
71612 21
71614 4
71633 7
71634 11
71701 5
71703 10
71728 7
71785 19
71854 14
71860 6
71984 6
72084 9
72101 7
72139 23
72285 4
72338 17
72380 5
72381 4
72494 33
72526 10
72556 7
72642 30
72656 24
72763 8
72766 13
72775 5
72800 27
72801 7
72807 4
72819 7
72837 15
72865 7
72866 6
72871 5
72873 5
72894 8
72919 4
72975 8
73228 4
73236 6
73297 5
73354 4
73637 4
73682 4
73689 5
73698 10
73717 12
73721 4
73760 14
73835 12
73862 21
73919 75
73923 20
73924 6
74285 6
74296 4
74298 17
74307 5
74313 46
74344 4
74347 4
74348 6
74464 12
74466 12
74467 11
74498 5
74539 10
74576 4
74578 18
74579 7
74634 65
74635 8
74682 5
74685 6
74763 4
74766 5
74775 4
74811 8
74887 7
74892 7
75147 11
75150 24
75198 10
75221 43
75241 7
75336 56
75337 15
75419 18
75438 14
75453 6
75461 6
75493 4
75557 12
75558 6
75823 8
75829 4
75886 4
75898 4
75905 6
75939 4
75993 5
75997 5
76022 14
76039 5
76049 4
76072 10
76080 20
76132 5
76213 6
76214 6
76274 8
76304 6
76309 5
76379 16
76436 7
76451 4
76464 6
76545 19
76612 35
76761 28
76789 238
76838 13
76897 9
76910 12
77014 5
77098 4
77302 10
77377 4
77387 6
77407 5
77414 14
77420 7
77472 5
77490 25
77492 6
77549 5
77570 4
77585 6
77587 10
77642 10
77653 7
77669 6
77671 13
77682 23
77727 4
77764 6
77856 55
77895 5
77908 5
77939 5
77940 6
77944 16
78027 4
78077 15
78089 9
78203 4
78228 49
78247 22
78252 16
78275 4
78303 5
78332 15
78345 8
78348 5
78532 4
78574 4
78622 11
78629 13
78670 36
78745 5
78826 5
78858 11
79974 5
80114 21
80205 6
80266 5
80272 12
80377 12
80383 9
80498 11
80515 8
80516 52
80605 4
80628 8
80634 4
80642 5
80680 25
80697 4
80699 5
80704 7
80711 4
80713 7
80722 4
80826 13
81004 15
81036 5
81038 12
81053 6
81067 9
81079 6
81124 7
81130 11
81140 24
81155 4
81161 11
81180 4
81246 33
81253 17
81264 12
81288 8
81290 9
81312 27
81329 4
81371 4
81373 4
81389 8
81390 7
81391 19
81461 8
81489 5
81513 6
81553 6
81555 5
81596 4
81597 5
81599 7
81601 15
81611 4
81618 5
81632 8
81638 4
81658 8
81699 16
81713 9
81718 4
81935 6
82002 11
82015 9
82059 45
82097 4
82163 19
82183 4
82305 4
82306 4
82575 10
82590 4
82637 4
82645 4
82675 9
82677 4
82825 7
82830 6
82932 25
83005 6
83138 12
83187 5
83230 9
83233 56
83385 86
83782 5
83841 22
83928 5
84002 226
84039 23
84077 18
84094 12
84101 11
84104 9
84106 9
84144 19
84208 4
84209 6
84263 11
84302 11
84304 4
84341 8
84352 22
84422 7
84423 5
84435 4
84436 9
84609 4
84619 5
84653 17
84730 5
84740 10
84742 14
84843 10
84847 4
84858 6
86077 40
86265 6
86275 5
86278 6
86314 4
86319 8
86324 7
86348 10
86365 8
86378 6
86384 42
86416 45
86418 11
86421 24
86434 9
86440 4
86527 8
86530 5
86532 15
86536 5
86597 6
86598 23
86649 12
86653 8
86726 46
86727 25
86765 71
86781 18
86795 22
86807 5
86857 18
86862 11
86992 21
87125 6
87128 7
87178 13
87184 4
87219 18
87319 29
87322 19
87332 5
87335 7
87340 4
87362 11
87365 21
87433 6
87437 13
87439 4
87441 4
87475 10
87476 7
87477 7
87498 7
87587 5
87693 6
87698 7
88803 8
88806 17
88807 4
88945 4
89032 5
89040 7
89041 12
89193 35
89302 8
89524 4
89675 5
89677 9
89722 7
89813 7
89817 4
89819 10
89830 5
89872 4
89893 6
89957 4
90034 36
90153 4
90182 5
90319 16
90359 20
90484 7
90495 48
90504 16
90862 4
90871 51
90936 5
91221 6
91224 10
91227 8
91235 5
91254 29
91351 13
91354 12
91371 5
91390 24
91393 11
91396 21
91416 4
91444 5
91510 9
91539 28
91599 7
91636 7
91809 18
93514 7
93522 8
93551 11
93648 5
93662 5
93699 7
93785 7
93844 4
93858 4
93874 12
94242 30
94554 16
94602 8
94741 6
94972 25
95456 17
95522 4
95596 8
95597 7
95613 6
95616 5
95648 4
95691 7
95787 4
95812 5
95836 22
95924 10
96010 6
96041 5
96062 7
96247 5
96249 10
96252 4
96332 5
96335 4
96365 4
96563 24
96848 9
96920 9
96990 15
97032 6
97175 6
97185 5
97380 12
97423 6
97476 6
97477 10
97750 9
97751 27
97784 4
97786 6
97788 5
97810 7
97913 15
97915 4
98005 4
98233 16
98288 5
98366 8
98530 14
98558 6
98560 4
98564 4
98588 16
98709 9
98750 8
98751 5
98840 5
98951 5
98965 8
98969 5
99049 12
99080 4
99290 21
99292 4
99332 8
99336 11
99340 21
99342 6
99343 4
99344 14
100646 15
100669 7
100674 6
100681 6
100683 30
100752 5
100754 28
100782 13
100905 20
100907 5
100934 9
100976 6
101010 22
101177 9
101214 5
101217 14
101813 4
101904 17
101924 6
101936 6
102100 15
102209 18
102295 20
102373 17
102377 5
102480 5
102494 6
102498 6
102501 10
102624 12
102701 10
102702 12
102705 24
102743 7
102747 9
102750 11
102812 5
102909 6
102977 12
103194 6
103285 5
103286 6
103326 9
103424 4
103459 4
103626 17
103661 12
103693 5
103696 11
103814 14
103816 14
103827 13
103829 5
104176 6
104193 24
104194 30
104195 5
104395 19
104422 4
104423 6
104442 8
104449 8
104462 4
104464 9
104484 7
104566 5
104567 12
104571 7
104577 7
104586 7
104600 4
104609 4
104708 5
104900 8
104901 7
104902 5
104992 13
105029 4
105092 24
105224 4
105380 14
105387 4
105432 5
105444 6
105445 4
105451 4
105452 5
105465 4
105466 5
105527 22
105528 32
105546 8
105605 6
105727 6
105933 10
105966 14
106002 5
106003 4
106007 9
106045 8
106051 7
106055 6
106090 6
106125 4
106174 9
106180 4
106193 21
106218 7
106267 17
106268 9
106441 11
106543 32
106549 10
106573 8
106640 4
106669 9
106767 14
106770 6
106772 9
106809 4
106811 4
106901 18
106905 13
106914 4
107084 4
107085 9
107111 5
107119 7
107164 15
107195 5
107243 10
107244 11
107407 5
107476 8
107481 23
107559 7
107590 6
107646 6
107689 61
107730 15
107751 8
107779 4
107821 19
107834 16
107952 4
107953 7
108070 8
108130 5
108212 4
108245 10
108259 6
108269 5
108273 10
108330 4
108336 4
108349 10
108350 6
108563 16
108756 4
108760 12
108784 9
108790 7
108863 7
108895 10
108902 9
108926 4
108959 18
108960 6
108977 9
109086 5
109142 4
109153 4
109226 8
109230 5
109237 11
109271 5
109385 5
109395 10
109396 15
109434 7
110463 12
110470 6
110777 6
110783 7
110785 15
110789 6
110802 7
110861 7
110882 10
110909 5
110922 4
110925 4
110935 24
110944 10
110952 8
110953 17
111032 4
111033 10
111102 4
111104 14
111167 6
111200 12
111212 12
111274 5
111293 5
111336 7
111337 6
111338 10
111344 7
111349 6
111352 7
111353 5
111425 7
111427 10
111471 7
111478 10
111481 16
111494 4
111497 9
111639 18
111681 5
111899 6
111911 4
112029 21
112103 5
112105 4
112109 5
112169 8
112170 13
112194 5
112301 31
112353 15
112420 6
112434 10
112497 4
112632 24
112733 9
112812 5
112834 4
112868 5
112873 4
112884 8
112897 7
112899 11
112947 6
112956 9
112962 18
112986 16
112999 4
113000 8
113011 4
113099 4
113160 9
114264 17
114266 13
114281 17
114310 4
114361 5
114369 24
114371 14
114382 12
114384 4
114385 14
114424 25
114481 42
114505 15
114506 13
114507 11
114558 22
114559 5
114586 5
114599 12
114628 12
114669 9
114670 6
114676 5
114702 13
114738 9
114825 6
114855 5
114858 4
114868 4
114878 4
114905 22
114906 10
114913 5
114917 8
114926 7
114940 6
114941 23
115069 17
115184 4
115202 8
115204 11
115277 14
115319 5
115330 12
115341 12
115345 9
115399 6
115407 4
115469 4
115619 4
115638 9
115651 12
115776 7
115779 11
115792 11
115839 8
115855 4
115881 5
115925 5
115929 4
115945 10
115947 10
116091 10
116128 7
116144 9
116159 5
116241 11
116251 20
116258 10
116318 6
116331 4
116348 20
116349 4
116351 21
116370 5
116383 5
116392 6
116498 4
116523 5
116524 4
116536 35
116556 6
116583 5
116633 4
116635 7
116645 4
116650 4
116725 5
116734 6
116742 5
116751 4
116757 4
116842 15
116876 10
116967 5
117037 4
117044 4
117051 7
117073 10
117094 16
117152 9
117153 7
117162 11
117200 5
117201 6
117207 4
117320 6
117331 6
117395 4
117397 6
117450 12
117468 8
117487 6
117490 4
117524 9
117572 10
117573 6
117598 4
117620 6
117737 7
117743 12
117744 9
117801 4
117899 7
118001 17
118062 9
118083 8
118105 4
118154 5
118160 4
118162 17
118163 7
118183 4
118198 5
118214 34
118337 5
118338 4
118460 9
118463 5
118496 4
118497 6
118650 6
118651 6
118681 4
118731 9
118741 8
118824 5
118828 12
118839 12
118848 22
118884 6
118886 5
119177 11
119633 15
119656 17
119770 5
119859 4
119869 4
119876 7
120068 20
120074 13
120075 13
120090 5
120092 4
120211 15
120491 26
120496 14
120497 12
120636 10
120637 10
120645 4
120693 42
120775 19
120946 15
121035 58
121061 24
121062 5
121087 9
121091 5
121113 9
121170 26
121235 16
121377 7
121378 5
121438 12
121814 4
121876 4
121880 4
121881 5
121883 7
121985 6
121986 5
122032 6
122125 5
122196 8
122296 10
122317 23
122318 6
122340 18
122374 7
122424 4
122584 21
122586 19
122587 19
122588 23
122624 94
122672 6
122674 4
122709 6
122711 7
122762 6
122766 6
122830 4
122929 8
122945 4
123006 5
123146 8
123168 8
123334 20
123364 9
123468 4
123551 5
123667 9
123668 22
123847 6
123864 10
123973 6
123982 7
124007 5
124046 6
124053 11
124083 7
124102 10
124124 5
124205 6
124206 5
124376 4
124733 14
124786 18
124788 10
124857 7
124863 56
124897 5
124898 7
124931 5
124948 10
124950 4
124952 9
124972 10
125072 7
125075 5
125173 20
125174 4
125181 9
125192 5
125201 4
125211 8
125212 5
125259 5
125267 4
125277 4
125280 5
125284 31
125285 12
125304 10
125305 6
125316 6
125344 10
125400 36
125402 9
125403 13
125423 33
125426 32
125441 4
125512 4
125513 16
125548 4
125556 5
125618 29
125619 5
125737 15
125780 5
125798 6
125851 13
125887 26
125893 18
125902 15
125909 4
125913 4
125920 10
125942 6
125980 4
126040 9
126043 12
126047 24
126049 9
126104 4
126136 5
126144 11
126176 12
126196 6
126200 4
126239 25
126255 7
126310 4
126314 32
126447 5
126455 21
126496 5
126516 10
126611 8
126624 10
126652 9
126656 11
126669 4
126678 9
126849 9
126850 5
126855 4
126856 6
126875 4
126972 8
126973 8
126998 22
126999 7
127087 6
127089 4
127159 9
127225 4
127227 4
127283 4
127310 5
127311 11
127317 14
127320 5
127335 5
127340 5
127406 18
127411 6
127517 8
127529 8
127542 7
127614 4
127616 4
127618 5
127621 4
127642 28
127644 30
127668 11
127675 29
127747 10
127748 10
127784 4
127805 10
127810 7
127813 15
127871 5
128086 5
128128 9
128183 5
128316 4
128317 10
128353 4
128361 9
128385 5
128434 4
128446 13
128460 6
128469 5
128475 7
128477 9
128480 6
128538 4
128541 7
128558 7
128820 10
128923 8
129019 5
129088 8
129102 4
129137 5
129152 5
129350 13
129370 5
129377 6
129431 4
129512 8
129515 15
129591 8
129657 4
129683 5
129709 8
129721 19
129743 8
129752 6
129755 5
129759 4
129780 8
129786 9
129787 20
129857 5
129858 5
129881 4
129926 7
130022 4
130031 15
130032 12
130102 4
130162 8
130163 5
130176 7
130232 5
130355 4
130406 6
130407 5
130408 14
130435 5
130444 5
130461 5
130477 16
130608 5
130639 5
130642 4
130661 5
130669 5
130703 5
131213 10
131214 5
131278 6
131282 4
131306 4
131323 5
131353 6
131371 5
131437 8
131714 10
131766 7
131769 4
131804 9
131806 4
131924 6
132035 15
132117 4
132158 6
132159 14
132171 11
132200 4
132298 11
132381 14
132436 7
132445 12
132461 9
132612 16
132674 11
132678 5
132679 5
132695 11
132709 6
132764 6
132773 15
132848 12
132867 8
132868 7
132883 10
132936 9
132954 25
132957 7
133037 4
133044 7
133047 32
133123 4
133210 4
133211 4
133243 38
133334 4
133356 9
133385 6
133389 15
133453 5
133566 8
133601 17
133614 5
133620 5
133636 10
133652 4
133714 24
133715 7
133724 46
133939 7
133943 6
133946 5
134017 4
134041 4
134042 14
134064 9
134123 9
134130 14
134133 7
134183 5
134299 5
134302 13
134304 4
134427 10
134529 23
134530 7
134536 10
134560 6
134562 4
134565 6
134577 5
134598 6
134748 4
134749 8
134846 6
134873 6
134961 7
135024 4
135033 8
135034 17
135116 26
135138 7
135146 6
135154 4
135171 4
135228 5
135388 8
135413 6
135422 6
135425 8
135433 12
135456 11
135463 24
135492 12
135646 42
135647 4
135654 25
135658 19
135661 5
135692 5
135701 10
135722 13
135723 13
135725 10
135731 6
135818 4
135819 8
135832 8
135852 22
135879 8
135891 5
135892 5
135902 4
136052 8
136240 7
136241 7
136249 4
136258 9
136289 6
136307 6
136388 7
136480 11
136571 5
136701 6
136735 19
136740 34
136747 7
136772 5
136815 7
136895 8
137048 12
137095 10
137102 13
137109 5
137128 5
137203 6
137204 4
137283 4
137386 4
137396 10
137478 6
137480 6
137492 10
137602 20
137706 4
137708 4
137800 16
137806 4
137825 15
137869 11
137914 5
137918 7
137954 10
137967 9
138031 12
138081 8
138092 5
138118 8
138119 4
138144 4
138148 14
138270 27
138290 6
138296 10
138309 9
138314 10
138316 6
138317 8
138318 6
138345 13
138538 8
138543 7
138583 10
138588 8
138725 12
138743 6
138765 7
138769 4
138801 10
138813 5
138943 4
139044 7
139046 4
139049 4
139101 5
139127 5
139132 12
139186 7
139189 14
139216 6
139218 6
139294 7
139302 6
139304 7
139359 5
139378 9
139389 26
139515 15
139517 5
139531 5
139706 7
139719 12
139744 5
139748 5
139753 5
139768 6
139778 12
139779 8
139914 13
139916 10
139971 7
139976 9
139989 4
139993 15
140243 7
140250 7
140259 5
140273 5
140276 21
140364 7
140370 9
140371 6
140372 27
140477 4
140497 12
140559 25
140564 13
140569 10
140577 9
140582 7
140594 9
140610 17
140634 24
140636 5
140659 7
140660 8
140667 6
140674 6
140757 7
140758 4
140766 4
140793 8
140794 31
140897 14
140914 4
140917 11
140919 10
140920 5
140946 5
140981 6
141037 11
141108 42
141132 10
141137 23
141180 15
141183 12
141191 41
141243 8
141315 9
141399 5
141433 9
141465 6
141495 6
141536 12
141547 4
141598 8
141600 9
141744 4
141788 10
141795 52
141796 9
141821 24
141993 6
142049 8
142074 4
142140 7
142141 4
142283 6
142306 6
142307 5
142317 14
142338 4
142340 61
142342 8
142372 17
142377 7
142403 5
142435 9
142492 6
142520 5
142523 4
142556 26
142572 24
142718 4
142720 4
142841 10
142866 10
142879 4
142970 5
143009 5
143014 11
143038 4
143041 10
143097 7
143140 8
143169 4
143178 4
143295 6
143350 8
143409 4
143433 10
143602 22
143604 4
143864 4
143866 5
143946 6
144056 4
144098 6
144115 4
144216 15
144233 6
144237 4
144342 4
144559 8
144595 4
144596 4
144671 7
144814 6
144876 4
145174 20
145188 6
145191 4
145205 5
145206 6
145245 34
145673 4
145674 4
145678 4
145988 5
145991 5
146012 7
146023 4
146086 8
146234 12
146412 9
146545 4
146552 8
146611 4
146612 10
146682 4
146751 9
146753 11
146953 4
146994 5
146997 4
147001 4
147113 9
147114 17
147119 12
147264 7
147373 6
147496 4
147603 13
147632 8
147786 6
147827 5
147978 4
148005 10
148153 4
148391 6
148396 4
148397 23
148403 4
148446 12
148568 10
148671 4
148672 7
148746 4
148785 8
148787 4
148813 5
148814 4
148861 4
148867 4
148877 4
148970 6
149014 6
149132 4
149460 15
149463 11
149487 9
149561 8
149632 7
149637 6
149798 7
149799 10
149844 9
149888 8
149896 4
149933 20
150071 9
150087 6
150161 23
150162 5
150210 4
150214 7
150217 4
150319 11
150441 5
150546 7
150575 5
150670 9
150893 4
151093 21
151144 4
151151 4
151214 13
151217 13
151220 52
151279 20
151432 7
151438 14
151459 5
151466 4
151524 5
151526 4
151552 8
151636 10
151693 4
151694 6
151702 10
151815 6
151828 9
151853 14
152011 14
152033 9
152055 9
152196 8
152383 66
152503 4
152506 9
152566 83
152649 4
152660 5
152661 17
152714 9
152733 4
152741 4
153172 6
153198 4
153277 4
153280 6
153395 5
153397 11
153423 5
153424 7
153461 11
153523 5
153549 15
153550 5
153556 5
153561 4
153587 25
153588 18
153618 28
153741 4
153743 4
153756 5
153949 4
154042 9
154044 6
154068 5
154075 19
154153 12
154248 37
154253 12
154261 118
154263 42
154265 216
154266 4
154267 4
154282 4
154294 7
154297 21
154348 10
154356 134
154357 5
154362 7
154366 15
154478 4
154484 9
154549 11
154645 5
154655 6
154667 8
154668 9
154762 23
154843 5
155093 7
155122 5
155154 4
155220 5
155221 4
155356 8
155365 6
155389 5
155585 7
155586 8
155649 6
155655 8
155665 59
155670 145
155686 10
155687 6
155699 6
155768 8
155819 5
155971 7
155999 24
156000 7
156002 13
156009 4
156011 24
156032 5
156034 5
156083 4
156178 5
156196 10
156222 6
156230 4
156351 8
156368 5
156369 12
156547 7
156573 5
156596 5
156607 7
156684 8
156828 4
156850 9
156851 13
156899 5
157012 4
157046 5
157151 6
157335 5
157337 5
157503 4
157514 9
157516 6
157517 6
157663 8
157671 8
157711 5
157793 7
157800 9
157812 4
157894 4
157917 20
157934 7
157936 17
157965 4
158003 19
158227 4
158300 28
158301 5
158335 8
158405 7
158491 4
158549 5
158578 20
158606 4
158627 7
158631 7
158649 9
158657 4
158703 14
158704 6
158958 59
158963 12
158991 22
159043 8
159070 4
159080 4
159117 4
159129 6
159236 4
159243 7
159246 6
159251 6
159255 6
159288 6
159416 45
159442 11
159485 5
159494 4
159499 6
159500 9
159520 5
159525 14
159592 4
159621 4
159717 17
159886 12
159899 17
159923 4
159995 6
160211 8
160223 10
160224 4
160285 5
160293 19
160296 22
160308 5
160311 13
160344 8
160346 13
160356 4
160358 5
160361 10
160390 4
160537 15
160542 5
160874 18
160878 15
160881 4
160920 5
160930 7
160931 4
161222 4
161284 4
161587 5
161590 4
161825 9
161827 4
161830 4
161833 11
161859 12
161860 13
161963 6
162050 12
162052 4
162235 4
162237 7
162238 6
162241 5
162271 4
162386 4
162456 5
162458 13
162527 7
162548 14
162909 10
162934 6
163155 19
163182 5
163194 13
163231 6
163450 24
163482 14
163529 11
163531 8
163532 6
163668 7
163689 6
163783 4
163877 11
163879 25
164045 16
164047 9
164049 6
164056 4
164068 5
164169 7
164181 7
164262 7
164277 16
164333 6
164340 6
164390 4
164431 8
164449 4
164467 6
164505 7
164548 9
164718 4
164794 4
164934 8
164936 5
165233 4
165252 4
165446 4
165552 6
165555 12
165616 16
165663 7
165801 31
165813 6
165820 6
165867 6
165913 6
165923 38
165926 10
166028 12
166037 6
166050 11
166123 16
166154 5
166206 7
166209 6
166322 4
166389 4
166390 6
166395 4
166397 16
166426 5
166459 5
166498 11
166625 7
166629 4
166753 6
166758 4
166794 6
166808 7
166848 14
166869 6
166943 4
167033 4
167038 7
167048 4
167064 4
167085 6
167088 7
167090 5
167095 5
167113 7
167164 5
167167 4
167202 10
167217 11
167315 4
167459 4
167493 10
167498 4
167500 4
167507 5
167524 4
167710 14
167711 4
167733 5
167734 4
168031 5
168032 8
168052 4
168098 6
168118 6
168126 4
168234 6
168236 5
168277 57
168305 7
168308 7
168309 5
168342 17
168592 5
168602 19
168618 6
168625 6
168686 4
168751 8
168752 17
168771 9
168777 10
168803 5
168817 17
168834 6
168836 4
168858 14
168901 5
168999 7
169135 40
169212 9
169347 4
169373 6
169376 5
169379 5
169384 9
169478 5
170581 5
170603 13
170809 12
170819 5
170850 10
170880 4
170921 10
171032 9
171033 4
171035 7
171041 4
171069 11
171201 4
171272 6
171339 8
171340 8
171345 5
171370 6
171428 6
171431 5
171468 9
171513 8
171515 6
171575 9
171580 59
171619 8
171655 22
171767 22
171864 4
171964 8
172277 9
172280 7
172356 5
172528 8
172559 8
172571 7
172684 5
172734 4
172784 5
172865 14
172904 4
173203 9
173251 5
173310 6
173338 27
173339 8
173368 6
173379 5
173388 6
173428 10
173464 7
173467 8
173606 20
173835 5
173872 4
173879 12
173884 9
173891 5
173902 29
173903 7
173933 11
174045 10
174047 9
174074 10
174077 16
174092 33
174119 7
174155 6
174158 5
174222 11
174226 7
174255 9
174265 9
174302 6
174354 24
174362 11
174695 9
174696 15
174697 7
174750 5
174858 4
175075 13
175130 5
175173 20
175399 12
175675 8
175677 5
175679 13
175943 8
175953 9
176024 7
176025 22
176247 5
176250 13
176417 12
176486 7
176612 6
176674 21
176938 4
177010 4
177013 7
177027 9
177033 6
177035 9
177038 4
177040 11
177088 8
177117 6
177121 5
177163 6
177174 16
177383 4
177386 8
177408 4
177465 12
177468 9
177530 4
177551 7
177586 11
177635 7
177805 6
177806 4
177993 7
178057 6
178058 4
178268 4
179508 4
179515 16
179587 5
179626 22
179645 6
180009 7
180033 4
180148 5
180150 14
180203 4
180207 4
180382 4
180434 12
180477 11
181595 6
181596 4
181597 6
181601 10
181604 8
181622 19
181742 5
181747 26
181751 7
181867 13
181908 4
181998 6
182193 7
182243 27
182246 5
182254 4
182279 5
182290 5
182337 5
182338 12
182343 6
182419 11
182426 47
182427 9
182446 15
182487 38
182489 13
182734 23
182739 7
182743 7
182770 6
182862 7
182863 4
183047 9
183048 5
183073 6
183116 4
183142 9
183156 5
183265 17
183670 14
183690 6
183892 5
183902 6
183986 13
183988 13
184152 12
184153 6
184167 19
184292 6
184325 13
184326 4
184339 15
184527 8
184531 5
184620 17
184622 80
184623 19
184640 4
184775 6
184880 7
185006 15
185030 7
185051 4
185060 13
185141 8
185145 6
185282 7
185285 8
185362 4
185624 7
185665 5
185688 4
185698 5
185888 4
186262 11
186342 8
186350 7
186363 8
186457 11
186602 18
186639 5
186640 9
186641 9
186642 15
186780 5
186782 4
186989 9
187008 5
187095 32
187098 12
187130 5
187209 55
187213 8
187244 8
187317 5
187370 31
187374 7
187381 7
187499 4
187569 9
187573 7
187689 4
187690 4
187808 12
187810 10
187898 20
188018 4
188034 8
188045 26
188062 33
188081 6
188123 4
188182 11
188204 4
188206 8
188232 7
188236 5
188318 4
188339 4
188370 10
188376 5
188538 8
188668 91
188674 6
188681 58
188728 14
188795 5
188801 4
188809 18
188823 9
188875 10
189205 4
189348 5
189504 7
189592 6
189623 8
189625 4
189683 6
189687 19
189694 6
189752 22
189938 8
190074 5
190080 4
190175 317
190338 5
190783 13
190784 6
190834 4
190852 4
190979 9
191033 6
191115 13
191149 5
191257 21
191278 9
191444 43
191458 10
191459 7
191566 8
191597 29
191608 4
191619 21
191736 8
191748 21
191804 9
191829 38
191833 25
192218 4
192239 10
192309 4
192390 4
192393 8
192401 14
192478 5
192530 7
192941 10
192942 4
193142 5
193143 15
193145 6
193155 4
193162 4
193166 4
193173 7
193213 4
193290 7
193317 5
193320 7
193382 4
193395 12
193401 59
193694 6
193778 6
193779 4
193786 10
193787 9
193799 17
193824 8
193878 6
193908 4
194124 7
194133 4
194139 6
194228 4
194229 4
194285 5
194316 7
194413 4
194686 6
194811 8
194850 6
194976 8
194983 7
195087 28
195090 16
195130 7
195341 6
195530 5
195601 4
195766 5
195767 6
195776 8
195787 12
195940 18
195944 5
195952 10
195958 7
196003 12
196039 4
196040 6
196043 6
196133 4
196160 14
196161 9
196222 5
196233 7
196236 22
196246 5
196455 9
196575 15
196595 7
196608 14
196609 38
196616 22
196652 4
196667 4
196773 13
196796 10
196935 14
196949 4
196954 4
197145 4
197172 6
197365 12
197367 6
197386 17
197392 8
197412 4
197530 11
197566 10
197790 4
197797 5
197939 4
197940 4
197962 5
197968 14
198171 6
198173 10
198479 12
198480 10
198514 8
198537 4
198539 5
198630 4
198632 7
198634 12
198642 9
198715 4
198811 4
198817 5
199148 11
199212 4
199227 6
199231 4
199251 6
199500 4
199538 7
199651 5
199688 6
199844 15
199865 16
199896 6
199933 13
199995 4
200162 9
200164 10
200240 17
200291 18
200293 6
200304 4
200306 8
200381 4
200386 5
200469 4
201564 6
201582 5
201600 22
201615 44
201720 4
201723 4
202128 11
202178 12
202214 13
202217 4
202219 8
202255 6
202333 4
202421 6
202422 9
202426 7
202479 4
202540 8
202564 5
202728 7
202780 6
203134 10
203135 11
203199 9
203229 13
203404 9
203419 5
203503 4
203517 4
203616 4
203639 4
203647 5
203880 43
203881 14
204014 9
204015 4
204099 51
204140 7
204211 8
204303 8
204311 4
204315 7
204341 18
204356 6
204539 6
204541 11
204546 5
204548 7
204553 8
204566 88
204582 27
204596 9
204598 6
204612 5
204623 8
204759 9
204761 5
204912 11
204921 11
204979 4
205016 6
205024 5
205031 6
205032 9
205066 9
205080 8
205087 6
205143 4
205193 5
205197 8
205223 4
205343 6
205344 8
205591 4
205635 4
205658 8
205697 7
205739 11
205741 6
205791 5
205823 4
205842 7
206058 4
206064 5
206171 5
206172 4
206181 5
206242 29
206243 16
206247 6
206427 4
206428 4
206482 6
206486 4
206488 4
206493 4
206683 4
206689 4
206697 5
206817 44
206824 12
206874 11
206878 22
206883 4
206945 8
206954 7
207004 5
207083 13
207264 5
207265 4
207303 6
207380 15
207384 4
207482 7
207500 5
207502 4
207585 7
207682 10
207759 9
207772 7
207878 8
207992 6
208069 4
208171 5
208172 8
208183 15
208228 6
208373 24
208439 8
208494 4
208496 8
208521 4
208689 4
208711 6
208739 7
208785 7
208803 6
208919 5
209039 8
209107 11
209117 5
209170 22
209337 15
209389 10
209406 5
209548 14
209557 9
209559 12
209584 36
209586 26
209603 7
209688 4
209697 21
209701 28
209998 10
210003 6
210075 4
210081 5
210157 4
210250 4
210255 4
210416 6
210599 5
210866 5
210868 5
211353 15
211361 17
211439 4
211442 6
211578 6
211702 4
211748 5
211773 5
212007 5
212021 4
212026 30
212272 5
212442 28
212444 26
212467 6
212536 14
212544 5
212708 7
212719 6
212750 6
212780 4
212783 5
212790 5
212795 5
212799 7
212800 7
213048 9
213127 4
213190 4
213200 13
213201 6
213233 4
213337 7
213381 8
213792 9
213799 18
213925 4
213938 4
214036 9
214517 4
214632 8
214727 5
214758 4
214840 8
214877 31
215055 5
215066 4
215099 19
215128 28
215173 11
215175 13
215215 6
215218 7
215392 15
215395 8
215493 5
215494 4
215563 11
215600 13
215660 8
215701 10
215702 7
215986 7
216386 4
216423 7
216424 5
216819 18
216821 15
216920 13
216930 9
217001 5
217002 11
217020 6
217028 8
217429 20
217439 14
217454 7
217461 16
217501 8
217503 11
217635 5
217656 10
217657 8
217790 7
217791 4
218066 6
218319 6
218321 8
218695 12
218823 4
218875 5
218876 6
218969 4
219114 6
219527 7
219530 4
219587 4
219940 7
219941 4
219988 11
220269 8
220271 6
220272 68
220325 9
220339 11
220348 7
220514 6
220561 7
220562 10
220643 5
221192 17
221201 22
221202 4
221291 6
221350 22
221493 10
221513 5
221532 4
221534 5
222134 5
222720 4
223022 9
223031 9
223124 8
223395 5
223398 17
223400 8
223500 9
223517 25
223909 4
223910 5
224207 4
224470 4
224872 4
224883 5
224917 7
224920 11
225241 8
225242 27
225284 6
225300 5
226051 6
226385 5
226401 9
226481 12
226541 55
226616 5
226797 10
226807 4
226820 6
226840 10
226841 12
226842 5
226864 11
226870 4
226944 7
226949 5
226961 26
226975 4
227274 6
227276 4
227290 10
227293 7
228565 10
228566 4
228604 8
228607 17
228697 10
228792 16
228854 18
228871 4
228872 10
228873 4
228966 11
228982 5
229019 4
229020 13
229071 5
229073 5
229075 4
229076 6
229145 4
229163 4
229282 6
229407 4
229577 7
229600 6
229786 4
229788 4
230079 4
230088 5
230304 15
230305 7
230329 4
230332 8
230338 8
230428 5
230503 15
230504 17
230729 14
230826 5
230987 4
230995 7
231002 4
231226 10
231238 11
231243 13
231272 4
231323 6
231372 4
231487 5
231498 5
231580 8
231632 7
231633 8
231634 5
231652 4
231660 6
231692 10
231714 6
231863 6
231865 4
232050 8
232051 8
232123 13
232131 7
232299 4
232950 13
232951 10
233027 12
233249 6
233383 8
233436 4
233611 7
233623 10
233628 12
233645 6
233650 4
233675 10
233677 30
233788 4
233790 4
233839 4
233856 12
233859 13
233862 7
233864 8
233888 6
233889 5
233897 5
234047 7
234089 12
234090 12
234093 5
234099 15
234146 6
234147 5
234222 6
234223 8
234305 9
234308 9
234309 12
234372 8
234393 6
234752 4
235086 6
235087 4
235157 5
235178 4
235199 12
235229 10
235230 19
235233 11
235277 5
235420 4
235422 4
235467 7
235470 4
235475 11
235476 8
235500 5
236680 13
236681 4
236796 15
236797 11
237132 15
237133 14
237318 5
237329 6
237420 10
237442 6
237477 11
237481 7
237495 11
237496 14
237510 13
237514 9
237687 8
237698 7
237725 5
237730 9
237756 6
237838 5
237921 11
237937 12
237954 17
238268 4
238282 5
238352 4
238359 5
238717 14
238718 10
238787 5
238875 15
238876 6
238877 8
239286 6
239316 12
239319 24
239401 4
239402 7
239406 4
239647 11
239650 4
239795 18
239810 6
239840 5
240334 7
240485 26
240523 4
240543 6
240548 15
240597 8
240747 8
240758 7
240989 4
241307 6
241318 6
241608 6
241610 13
241657 4
241658 25
241881 9
242210 4
242215 4
242650 5
242651 4
242817 6
242818 11
242909 16
242926 5
243046 4
243124 8
243128 4
243139 4
243141 5
243485 7
243487 12
243625 6
243701 6
243782 4
244001 11
244046 4
244348 11
244352 8
244758 6
244759 4
244780 4
245152 16
245198 5
245201 7
245700 9
245702 12
245793 5
245804 5
245985 5
245986 8
246020 7
246025 4
246373 10
246375 15
246376 9
246377 5
246455 6
246488 4
246532 6
246538 5
246659 7
246661 6
246748 9
246805 10
246806 7
246814 12
246871 11
246936 5
246957 8
246963 12
247091 8
247149 6
247413 11
247415 7
248504 9
248506 8
248588 5
248589 5
248615 5
248619 6
248930 7
249438 8
249469 5
249474 11
249521 4
249527 4
249613 5
249629 5
249636 7
249676 5
249720 5
249725 26
249842 5
249846 16
250170 12
250182 5
250398 4
250399 19
250506 8
250507 4
250552 5
250574 4
250576 5
251036 5
251037 13
251043 6
251809 7
251818 7
251989 11
251997 9
252192 6
252242 12
252667 32
252761 4
253170 6
253171 5
253876 6
253886 28
253917 30
253919 17
253926 4
253931 5
253946 7
254253 9
254266 8
