2 18
2 26
2 25
2 174
2 832
5 34
5 30
5 31
5 60
5 106
14 7
14 186
14 4939
20 22
20 14
20 61
20 877
20 1876
20 2326
21 63
21 46
21 386
29 77
29 79
29 130
29 107
29 386
29 970
29 44
29 34007
33 14
33 351
33 102
43 151
43 61
43 3417
43 33203
46 61
46 50
47 60
47 61
47 130
47 157
48 61
48 60
48 174
56 60
56 92
56 244
56 708
56 22411
59 92
59 43
59 112
59 107
59 136
59 78
62 11
62 43
63 61
63 82
64 116
64 29
81 120
81 109
81 1603
82 120
82 14
82 154
82 154
82 154
82 63
82 172
82 953
82 3459
86 109
86 139
93 125
93 97
94 119
94 125
94 51
111 82
111 97
111 139
123 68
123 321
123 321
123 2092
126 151
126 51
126 418
126 1336
126 12885
127 130
127 97
127 860
127 630
127 11122
135 97
135 165
144 61
144 8545
144 21137
144 42414
152 119
152 11
152 63
153 154
153 64
153 139
153 136
153 24
153 13
153 3847
153 5138
194 97
194 290
194 63
194 877
197 61
197 157
201 110
201 116
201 13
232 97
232 81
252 174
252 92
255 174
255 418
255 63780
262 82
262 60
270 130
270 61
270 34
270 53
283 177
283 154
283 154
283 154
283 4325
287 92
287 154
299 97
299 63
299 555
299 51
309 34
309 14
310 97
310 50
320 97
320 61
320 51
320 1097
321 171
321 877
322 97
322 8484
337 130
337 533
337 4229
338 97
338 379
338 953
351 39
351 1469
358 92
358 130
358 20179
358 9434
364 76
364 130
381 64
381 182
385 41
385 50
390 81
390 130
394 81
394 82
401 190
401 274
401 2833
401 2660
401 2660
401 630
405 88
405 154
405 5501
409 82
409 34
411 51
411 61
411 533
431 97
431 515
434 97
434 63
435 97
435 191
435 261
435 193
435 515
435 2455
435 2047
440 61
440 51
440 180
440 102
445 18
445 77
445 63
445 154
445 247
461 162
461 61
461 415
467 60
467 253
468 130
468 61
468 3466
486 39
486 82
486 86
486 7074
505 11
505 171
505 3847
511 130
511 76
511 24246
530 244
530 260
530 81
545 63
545 61
561 274
561 392
561 877
567 39
567 63
573 192
573 953
573 1710
581 61
581 171
586 51
586 82
598 361
598 331
606 171
606 61
606 16
612 63
612 61
629 171
629 418
629 809
629 171
629 2660
629 630
629 4839
647 171
647 278
651 51
651 154
651 23721
659 11
659 136
659 72633
667 515
667 154
668 63
668 877
688 418
688 533
692 418
692 533
696 515
696 154
696 3455
696 4704
696 154
696 1396
696 79735
710 63
710 515
710 193
712 533
712 630
728 247
728 81
742 247
742 94938
756 418
756 63
756 192
760 61
760 81
763 39
763 16
763 599
771 418
771 34
788 115
788 630
790 418
790 34
808 630
808 63
818 81
818 630
818 34
854 260
854 686
858 418
858 82
858 193
858 674
861 630
861 426
872 180
872 877
888 630
888 686
907 630
907 81
916 247
916 136
916 33413
916 6965
917 203
917 630
940 710
940 691
955 691
955 61
955 7823
956 278
956 4386
973 193
973 171
973 29
983 710
983 630
983 1876
1014 710
1014 154
1018 418
1018 63
1018 877
1021 247
1021 260
1021 3354
1038 34
1038 630
1038 418
1038 157
1038 136
1040 51
1040 81
1040 50
1043 51
1043 18
1043 805
1043 877
1044 508
1044 76
1083 630
1083 247
1099 826
1099 82
1099 15880
1099 22049
1121 63
1121 29
1121 171
1126 61
1126 171
1126 630
1141 171
1141 34
1141 418
1144 18
1144 154
1166 247
1166 76
1166 21575
1166 48235
1166 60146
1170 555
1170 247
1170 154
1201 63
1201 154
1206 247
1206 82
1215 247
1215 630
1229 180
1229 50
1230 76
1230 533
1245 247
1245 508
1261 877
1261 1876
1261 18155
1281 322
1281 79433
1282 61
1282 877
1283 82
1283 322
1283 1196
1283 10271
1283 26131
1285 322
1285 940
1285 877
1285 14506
1285 15754
1285 1997
1285 45509
1298 136
1298 630
1301 154
1301 555
1305 555
1305 51
1326 953
1326 63
1326 877
1346 247
1346 51
1359 260
1359 34
1359 6355
1371 877
1371 993
1410 180
1410 154
1423 247
1423 61
1423 1160
1423 5868
1423 8278
1426 34
1426 630
1437 10
1437 51
1457 953
1457 51
1457 630
1457 26
1485 630
1485 941
1493 630
1493 34
1527 1089
1527 24
1547 630
1547 247
1554 247
1554 61
1577 247
1577 426
1584 244
1584 630
1584 34
1584 3480
1592 877
1592 1120
1632 34
1632 630
1632 10298
1637 34
1637 630
1637 136
1654 630
1654 192
1677 630
1677 973
1677 418
1692 953
1692 154
1694 287
1694 911
1694 1167
1694 1196
1699 911
1699 418
1705 63
1705 1268
1714 418
1714 260
1726 154
1726 120
1726 558
1728 940
1728 35444
1732 154
1732 81
1742 1376
1742 1396
1742 61514
1750 630
1750 260
1750 418
1750 192
1755 630
1755 136
1755 154
1765 260
1765 192
1767 260
1767 192
1767 630
1767 154
1767 192
1775 1219
1775 180
1775 911
1775 877
1792 63
1792 993
1792 1268
1792 1876
1805 630
1805 1201
1811 61
1811 1268
1814 1096
1814 260
1847 63
1847 863
1866 247
1866 244
1866 34
1876 260
1876 192
1876 630
1883 973
1883 6776
1910 130
1910 1160
1910 63
1927 180
1927 877
1998 418
1998 63
2009 630
2009 63
2041 973
2041 61
2041 3684
2050 208
2050 1369
2050 260
2050 5754
2072 1290
2072 1174
2072 192
2072 1406
2084 260
2084 61
2109 260
2109 1428
2124 63
2124 686
2137 1369
2137 260
2137 1321
2174 260
2174 630
2174 1469
2174 686
2195 555
2195 1469
2195 3684
2296 1533
2296 630
2342 1064
2342 1357
2357 1064
2357 1561
2357 1396
2357 60
2357 82
2361 154
2361 136
2387 63
2387 1186
2387 686
2387 8783
2387 26790
2471 154
2471 1561
2471 630
2471 953
2471 63
2471 877
2471 1625
2471 1978
2471 2050
2471 3640
2471 1050
2511 630
2511 1396
2511 3459
2515 630
2515 1186
2524 418
2524 1625
2531 973
2531 1396
2545 260
2545 630
2562 180
2562 1396
2569 1607
2569 283
2572 1096
2572 630
2574 1396
2574 154
2599 1096
2599 630
2624 1396
2624 1369
2631 180
2631 877
2634 877
2634 8546
2650 154
2650 283
2662 1201
2662 1756
2677 154
2677 1369
2677 1396
2677 1580
2678 290
2678 180
2687 1369
2687 244
2687 418
2687 85642
2701 1396
2701 1710
2710 1396
2710 154
2710 136
2716 1607
2716 1369
2743 1369
2743 1186
2758 973
2758 1396
2763 877
2763 180
2770 63
2770 973
2770 31358
2784 877
2784 1396
2790 374
2790 1607
2796 1396
2796 50252
2804 1396
2804 7832
2804 993
2824 877
2824 4084
2868 877
2868 1721
2895 171
2895 630
2895 61
2905 1396
2905 180
2905 171
2905 877
2905 71
2905 154
2905 1875
2905 1050
2905 18861
2905 11240
2905 35341
2905 34999
2905 33354
2918 1908
2918 877
2918 1469
2918 1396
2918 1860
2967 1396
2967 154
2973 1396
2973 141401
2978 1822
2978 136
2978 1396
2978 63
2978 23721
3005 1047
3005 1860
3005 22230
3005 16892
3042 1396
3042 136
3056 1842
3056 630
3093 462
3093 5092
3102 1663
3102 847
3110 1369
3110 418
3115 462
3115 2004
3134 171
3134 1357
3139 1842
3139 877
3139 116
3140 1710
3140 136
3140 847
3140 154
3148 462
3148 1396
3148 69835
3153 877
3153 2023
3204 973
3204 1860
3221 877
3221 7680
3223 877
3223 2043
3229 508
3229 630
3251 2069
3251 1396
3255 877
3255 1469
3276 418
3276 3594
3281 1396
3281 1822
3281 7490
3289 630
3289 1842
3289 508
3323 630
3323 1469
3323 708
3343 1469
3343 418
3345 180
3345 877
3375 877
3375 3551
3394 82
3394 2293
3394 90846
3480 630
3480 877
3509 1663
3509 154
3512 3106
3512 1357
3519 2201
3519 1842
3540 193
3540 953
3552 877
3552 3086
3552 51816
3605 418
3605 260
3605 1186
3628 1777
3628 4648
3628 1817
3647 847
3647 154
3653 911
3653 63
3674 50
3674 418
3682 2346
3682 630
3682 3640
3688 1710
3688 1064
3694 260
3694 630
3694 1469
3696 1186
3696 1357
3696 34
3696 630
3696 50
3696 877
3710 34
3710 1469
3737 630
3737 610
3737 2374
3751 2382
3751 1396
3751 2430
3754 1396
3754 3769
3760 1396
3760 877
3768 555
3768 630
3768 34
3768 1111
3794 3640
3794 2397
3828 630
3828 34
3828 1186
3831 630
3831 2423
3831 2431
3831 154
3831 11240
3856 2420
3856 418
3913 1096
3913 507
3913 1469
3914 1822
3914 86
3914 2492
3980 2417
3980 630
3999 1186
3999 630
4018 1096
4018 418
4021 2129
4021 18059
4040 283
4040 51
4043 610
4043 507
4043 2374
4043 24246
4106 1710
4106 507
4115 877
4115 4224
4118 180
4118 877
4124 180
4124 976
4129 180
4129 877
4137 193
4137 1822
4137 154
4141 809
4141 630
4154 2374
4154 630
4162 630
4162 2374
4177 2573
4177 2251
4210 1396
4210 426
4214 2626
4214 11440
4215 418
4215 1439
4218 630
4218 426
4252 877
4252 2129
4255 2626
4255 2374
4274 2374
4274 1186
4274 630
4283 34
4283 244
4283 2660
4283 61796
4283 140614
4286 973
4286 1396
4286 82947
4286 108321
4286 30035
4286 37492
4291 2663
4291 2660
4347 34
4347 2682
4363 1396
4363 2691
4373 1186
4373 630
4373 1262
4373 34
4441 1561
4441 507
4441 630
4441 81
4441 426
4475 2682
4475 2453
4475 630
4479 1396
4479 193
4479 154
4494 555
4494 877
4494 1396
4506 1290
4506 630
4506 1186
4511 1828
4511 28984
4521 2382
4521 3684
4540 418
4540 2415
4540 2374
4557 2374
4557 809
4557 2453
4557 154
4576 2626
4576 877
4603 1910
4603 154
4610 2131
4610 630
4622 2131
4622 1357
4622 2660
4622 3046
4630 2718
4630 507
4630 418
4679 1419
4679 1186
4693 1396
4693 418
4696 2626
4696 1396
4696 418
4706 34
4706 2374
4706 820
4717 2626
4717 180
4721 1396
4721 3684
4750 2682
4750 1396
4750 2453
4760 2626
4760 1186
4777 2626
4777 1396
4794 2660
4794 877
4794 630
4810 630
4810 2626
4814 630
4814 508
4814 418
4814 51
4839 2626
4839 630
4839 2374
4859 2626
4859 2974
4884 1357
4884 1096
4884 1469
4884 2374
4906 2626
4906 630
4906 260
4906 34637
4936 630
4936 34
4965 34
4965 630
4968 2374
4968 877
4968 630
4968 2663
4968 4967
4984 1396
4984 877
5022 630
5022 1186
5038 2374
5038 630
5061 154
5061 1396
5071 2028
5071 2374
5107 3064
5107 1469
5107 2374
5131 1857
5131 976
5146 630
5146 877
5160 630
5160 877
5166 1828
5166 630
5211 2397
5211 2573
5222 2374
5222 180
5222 1186
5222 1767
5222 11240
5222 53729
5222 9434
5233 1396
5233 2374
5233 1469
5233 1186
5233 11240
5236 1396
5236 7788
5278 2374
5278 34
5278 152889
5302 2374
5302 3173
5332 1822
5332 1396
5332 3635
5333 2397
5333 1396
5346 1357
5346 630
5346 2756
5346 2573
5346 3211
5365 2374
5365 1186
5365 418
5385 1186
5385 630
5385 154
5385 3106
5385 3236
5390 3234
5390 3267
5417 630
5417 1186
5417 2241
5422 877
5422 2660
5455 1186
5455 630
5455 2374
5460 555
5460 154
5468 630
5468 2767
5525 2660
5525 34
5588 1186
5588 2453
5588 2131
5588 1396
5588 1064
5602 1186
5602 1396
5634 630
5634 154
5666 180
5666 877
5666 1876
5666 33466
5666 47448
5744 1822
5744 3594
5761 260
5761 34
5761 630
5774 2660
5774 1186
5780 877
5780 3417
5815 2293
5815 1822
5834 1064
5834 2374
5859 180
5859 877
5887 2660
5887 2660
5887 2660
5926 877
5926 1268
5989 180
5989 2660
5989 2756
5995 3459
5995 555
6031 3409
6031 1186
6051 2660
6051 877
6051 3548
6051 3551
6108 1396
6108 3106
6108 630
6115 1822
6115 3684
6115 3684
6115 1396
6115 3684
6117 2142
6117 507
6117 34
6122 6393
6122 3594
6145 3583
6145 7882
6145 77365
6145 83982
6145 111872
6150 3417
6150 877
6158 1396
6158 3594
6191 3528
6191 877
6191 180
6197 1186
6197 876
6246 3585
6246 418
6246 1268
6246 51
6252 2241
6252 507
6310 876
6310 877
6310 2407
6327 11587
6327 34
6368 2131
6368 154
6368 1396
6368 30006
6383 3659
6383 34
6383 1469
6387 34
6387 630
6417 3690
6417 34
6474 508
6474 630
6504 630
6504 1561
6507 1396
6507 2660
6512 630
6512 2374
6526 180
6526 877
6539 3459
6539 1396
6577 2660
6577 630
6607 877
6607 2092
6647 708
6647 8215
6673 3815
6673 4939
6673 1268
6691 2374
6691 9365
6698 630
6698 418
6698 2374
6713 1290
6713 877
6713 2374
6713 630
6713 1357
6713 2663
6713 51
6713 4839
6713 6236
6731 3640
6731 708
6736 1290
6736 630
6792 116
6792 1469
6834 2374
6834 630
6834 12800
6840 2241
6840 2682
6859 180
6859 877
6880 555
6880 51
6883 2374
6883 1268
6883 630
6900 3690
6900 2660
6961 1573
6961 2374
6962 180
6962 877
6962 911
6975 2374
6975 136
6996 2241
6996 34069
7023 426
7023 708
7031 2399
7031 877
7031 2399
7036 3106
7036 976
7038 2374
7038 2682
7038 260
7038 630
7044 4008
7044 2689
7060 2374
7060 418
7077 3106
7077 2399
7080 555
7080 1396
7093 2374
7093 4008
7093 426
7147 1822
7147 877
7147 38400
7156 4065
7156 1357
7186 4008
7186 1357
7205 3859
7205 1192
7233 3690
7233 2374
7233 1192
7249 630
7249 2294
7301 2374
7301 630
7339 630
7339 4154
7350 2374
7350 4134
7350 3690
7359 708
7359 2682
7390 1822
7390 1396
7429 418
7429 2374
7468 1561
7468 34
7504 4008
7504 2374
7515 630
7515 1192
7515 4103
7573 2660
7573 4259
7600 2374
7600 3748
7600 63
7603 2399
7603 4293
7603 22707
7622 3106
7622 2453
7647 34
7647 100801
7652 2399
7652 4315
7660 4314
7660 2374
7660 1561
7660 4331
7660 34
7741 3351
7741 708
7741 15715
7741 68606
7753 4396
7753 2374
7753 426
7753 4395
7754 1863
7754 7061
7785 4180
7785 4403
7906 2374
7906 4008
7906 4103
7924 4468
7924 976
7924 877
7927 4103
7927 2374
7956 630
7956 25995
7983 1945
7983 4008
7983 4517
7985 180
7985 4512
7994 81
7994 2374
8011 877
8011 4512
8033 5219
8033 3609
8111 1396
8111 16057
8116 2399
8116 877
8119 1396
8119 3684
8119 3594
8119 1111
8172 1396
8172 1767
8182 154
8182 569
8351 630
8351 2374
8374 2374
8374 34
8379 34
8379 16189
8456 1396
8456 174
8461 630
8461 2092
8492 630
8492 56431
8492 76537
8496 2703
8496 2241
8496 708
8504 993
8504 2374
8511 3761
8511 2241
8511 630
8514 3761
8514 976
8533 630
8533 34
8580 6393
8580 82
8599 2880
8599 34
8618 2241
8618 4806
8618 2374
8627 708
8627 3690
8680 4659
8680 3511
8700 34
8700 24700
8708 630
8708 507
8708 34
8708 4864
8708 664
8708 3761
8747 3106
8747 1561
8747 3847
8771 1396
8771 4325
8774 4103
8774 630
8790 247
8790 3594
8828 3461
8828 4438
8869 877
8869 42104
8885 3690
8885 1945
8917 247
8917 4116
8917 507
8917 1754
8938 2374
8938 3690
8978 877
8978 5121
8994 3847
8994 1064
9011 2453
9011 630
9011 1064
9015 322
9015 507
9047 63
9047 3941
9109 1945
9109 1192
9124 4103
9124 1192
9143 1822
9143 154
9196 630
9196 3168
9197 1822
9197 5208
9249 4846
9249 7274
9249 15533
9249 37007
9265 1357
9265 3847
9268 1192
9268 708
9293 557
9293 1822
9302 1945
9302 708
9306 877
9306 9540
9306 2479
9306 28198
9352 1822
9352 5208
9356 5185
9356 4843
9356 4957
9356 4839
9406 5203
9406 5199
9441 120
9441 1396
9494 3690
9494 5072
9518 180
9518 877
9587 3243
9587 322
9638 3690
9638 1192
9662 630
9662 877
9662 993
9689 877
9689 1348
9746 877
9746 27924
9759 3684
9759 993
9759 3403
9762 630
9762 5355
9762 1192
9765 2092
9765 4839
9798 3475
9798 3684
9829 807
9829 4792
9829 3690
9852 464
9852 1514
9852 877
9852 7183
9953 630
9953 5435
9962 877
9962 34
10005 31066
10005 1192
10034 69133
10034 78
10034 5469
10034 5475
10034 1584
10057 5486
10057 4613
10113 4839
10113 1192
10146 630
10146 708
10167 4456
10167 4839
10199 1561
10199 3690
10199 1514
10199 877
10208 1396
10208 3594
10208 49019
10215 3690
10215 1192
10277 1945
10277 2452
10277 2092
10277 5558
10277 1514
10277 630
10277 418
10277 2584
10277 736
10277 2660
10277 2445
10277 5562
10277 5573
10277 5621
10277 11238
10277 11240
10277 48095
10383 2374
10383 630
10396 1945
10396 192
10409 154
10409 555
10474 5726
10474 1822
10474 3735
10474 3594
10492 5735
10492 3710
10496 5737
10496 877
10535 3690
10535 1945
10535 2374
10535 4134
10587 5778
10587 5717
10587 1186
10655 3690
10655 708
10655 4839
10655 6671
10657 2232
10657 877
10657 3098
10694 3690
10694 3684
10694 3847
10716 630
10716 3690
10716 708
10729 630
10729 1064
10729 5845
10776 630
10776 1561
10818 8221
10818 630
10818 41302
10852 3423
10852 877
10901 5378
10901 5951
10931 877
10931 180
10950 507
10950 2374
10952 630
10952 3690
10975 2660
10975 507
10990 1945
10990 5754
11031 3858
11031 3993
11043 877
11043 180
11046 877
11046 8527
11101 630
11101 1186
11124 630
11124 2092
11233 2028
11233 8337
11233 10776
11292 807
11292 5986
11341 5189
11341 30859
11396 3858
11396 13119
11396 109813
11430 708
11430 1945
11444 5189
11444 630
11475 3769
11475 5555
11475 32815
11527 5189
11527 708
11527 5754
11527 10776
11531 5555
11531 3769
11631 630
11631 3847
11638 630
11638 6206
11657 630
11657 321
11670 630
11670 2145
11670 1357
11697 33992
11697 630
11697 3735
11701 630
11701 5512
11719 1945
11719 5145
11758 3847
11758 3106
11806 6235
11806 21809
11906 1514
11906 2092
11912 180
11912 877
11956 5189
11956 3654
11962 6334
11962 6235
12024 1990
12024 4195
12061 101095
12061 79544
12080 6037
12080 4224
12082 630
12082 3761
12150 5031
12150 3684
12185 630
12185 200
12250 3423
12250 877
12258 3347
12258 2092
12271 3423
12271 6435
12337 2663
12337 630
12376 5116
12376 5555
12388 6515
12388 569
12388 6481
12437 3690
12437 47366
12437 90973
12437 89503
12453 26863
12453 2241
12474 1514
12474 1186
12512 1945
12512 1186
12564 6173
12564 1186
12569 877
12569 16938
12569 139739
12596 1186
12596 36366
12611 877
12611 4846
12611 32791
12619 2092
12619 6612
12650 1945
12650 3931
12655 1186
12655 3651
12655 1514
12698 4839
12698 2374
12698 3690
12715 3690
12715 630
12739 3690
12739 1186
12769 2241
12769 6909
12769 1064
12769 6597
12779 3690
12779 630
12779 708
12809 1186
12809 6597
12809 708
12913 552
12913 708
12941 1945
12941 1186
12941 1192
12941 6236
12941 3690
12941 3690
12991 630
12991 1111
13075 515
13075 847
13075 5555
13083 4846
13083 877
13093 3858
13093 3423
13112 171
13112 2092
13112 5189
13112 1945
13112 5622
13112 16029
13112 34746
13118 1186
13118 1514
13190 1945
13190 1192
13243 708
13243 2374
13349 6393
13349 154
13455 630
13455 2374
13468 154
13468 14706
13470 630
13470 1357
13518 7788
13518 680
13522 426
13522 11635
13523 708
13523 11151
13600 418
13600 847
13650 6897
13650 3798
13650 630
13668 3690
13668 1945
13668 260
13698 708
13698 114104
13703 2232
13703 180
13703 3347
13703 877
13703 130034
13730 630
13730 3046
13730 18927
13730 1111
13742 322
13742 5208
13742 35479
13744 5531
13744 3640
13757 630
13757 6597
13757 3690
13757 1469
13840 3761
13840 3847
13851 5868
13851 2193
13851 1698
13859 1945
13859 630
13891 3996
13891 136
13911 5189
13911 2374
13931 7005
13931 7042
13931 7131
14047 3996
14047 708
14047 4097
14155 877
14155 180
14172 1423
14172 6393
14172 6564
14246 877
14246 3396
14246 1268
14327 8015
14327 8641
14372 7005
14372 7157
14388 4839
14388 2232
14388 993
14388 4364
14402 154
14402 877
14490 1945
14490 3640
14511 1945
14511 154
14535 630
14535 3106
14544 2092
14544 1396
14565 877
14565 3858
14570 2660
14570 1396
14600 1470
14600 2092
14661 1830
14661 361
14661 10312
14730 1186
14730 3640
14730 2092
14730 4839
14740 1822
14740 132220
14757 1822
14757 2682
14757 876
14774 1186
14774 708
14775 3858
14775 877
14791 2241
14791 4325
14864 3690
14864 1514
14864 1186
14875 877
14875 48375
14989 3690
14989 2241
14996 2241
14996 708
15063 1186
15063 2241
15108 708
15108 6597
15186 2241
15186 1469
15186 3106
15199 6236
15199 3106
15231 2092
15231 34
15241 6597
15241 3690
15250 7541
15250 4203
15276 3690
15276 45139
15312 2573
15312 2621
15326 555
15326 4826
15326 13292
15335 877
15335 81333
15342 67685
15342 2241
15350 426
15350 57559
15371 877
15371 4203
15388 2241
15388 7269
15388 2092
15388 3858
15403 3106
15403 7024
15463 5555
15463 3858
15506 2092
15506 630
15530 3423
15530 70693
15531 3423
15531 993
15531 877
15572 630
15572 993
15572 3423
15595 877
15595 630
15632 1822
15632 630
15682 1469
15682 426
15720 7788
15720 53657
15729 5555
15729 1396
15730 3690
15730 30859
15846 2682
15846 1469
15859 2092
15859 3640
15878 2241
15878 1186
15906 877
15906 7846
15906 6435
15994 5555
15994 1396
16002 3106
16002 8335
16127 5645
16127 25998
16201 6037
16201 6361
16208 993
16208 50
16208 1120
16208 73196
16211 4826
16211 8304
16372 7902
16372 180
16397 630
16397 8070
16397 877
16436 6823
16436 708
16461 2047
16461 21435
16554 2092
16554 630
16554 1357
16554 51444
16587 1096
16587 1469
16612 1822
16612 7343
16616 1945
16616 4826
16616 4839
16616 1754
16616 7279
16616 8213
16616 1514
16616 8224
16616 6173
16809 2092
16809 877
16846 2092
16846 630
16875 877
16875 24122
16875 85955
16895 1561
16895 2374
16956 2897
16956 2241
16969 1186
16969 877
16969 8397
16993 1822
16993 3684
16999 1186
16999 1192
17030 8418
17030 708
17057 4659
17057 34652
17069 993
17069 2374
17092 630
17092 877
17092 8044
17103 2241
17103 8449
17103 1186
17103 2718
17197 3106
17197 4203
17197 25441
17217 4103
17217 2645
17265 8519
17265 8502
17267 993
17267 10361
17277 1186
17277 61
17302 4102
17302 4839
17339 2241
17339 1186
17367 877
17367 15321
17367 30417
17367 55293
17367 24553
17367 112485
17398 5555
17398 2047
17431 877
17431 8852
17431 1876
17431 68346
17439 8578
17439 736
17439 154
17529 877
17529 3858
17533 555
17533 44705
17615 953
17615 847
17691 8044
17691 68127
17711 2718
17711 1945
17790 7119
17790 322
17790 8044
17808 3761
17808 2703
17893 630
17893 16642
17904 3640
17904 1186
17926 708
17926 877
18024 3761
18024 2718
18042 630
18042 1186
18059 1186
18059 31215
18059 45616
18208 2374
18208 25837
18208 8283
18215 2103
18215 2718
18215 23886
18239 993
18239 1186
18300 1396
18300 3684
18315 2374
18315 11526
18339 11240
18339 23721
18372 2241
18372 1945
18433 877
18433 9088
18463 708
18463 8771
18495 9088
18495 877
18593 6823
18593 1186
18610 392
18610 708
18637 3690
18637 708
18637 1192
18664 3684
18664 7119
18664 10271
18669 1186
18669 8278
18669 1945
18669 6563
18669 993
18700 2241
18700 321
18700 1186
18700 8278
18864 7119
18864 3684
18877 708
18877 1186
18887 2103
18887 1186
18934 9261
18934 1186
19077 2374
19077 2241
19111 3423
19111 4846
19130 2241
19130 8771
19135 3396
19135 877
19159 1064
19159 630
19159 3690
19164 4659
19164 877
19165 1822
19165 371
19165 1564
19240 993
19240 708
19291 6219
19291 3684
19291 124084
19344 9434
19344 993
19344 1285
19344 805
19360 1186
19360 4839
19456 2241
19456 56173
19525 1186
19525 25998
19544 2241
19544 2718
19564 2241
19564 2718
19564 321
19632 6219
19632 6675
19670 50
19670 877
19719 2241
19719 1945
19719 24985
19749 9377
19749 9598
19749 100315
19870 1186
19870 33568
19870 77103
19894 820
19894 1342
19912 630
19912 2374
19912 3106
19912 7203
19924 2241
19924 21086
19924 25998
19959 2718
19959 2241
20068 9712
20068 66695
20070 820
20070 7005
20099 9558
20099 8215
20099 8215
20117 6687
20117 154
20275 1174
20275 6503
20283 1186
20283 2374
20335 9823
20335 9824
20335 9846
20335 9932
20335 9825
20335 9908
20335 321
20335 9842
20335 9843
20335 9866
20335 9865
20335 5371
20335 9914
20335 1268
20355 321
20355 22676
20410 5555
20410 953
20416 2241
20416 2374
20419 708
20419 2374
20455 2718
20455 5645
20455 708
20499 9261
20499 2374
20499 1945
20583 361
20583 321
20619 708
20619 1186
20619 244
20706 2833
20706 2718
20714 10059
20714 81550
20714 42017
20734 2445
20734 2241
20734 143235
20759 1111
20759 3761
20759 3684
20759 9003
20759 16798
20832 4659
20832 877
20867 6318
20867 2718
20867 21728
20973 1186
20973 6548
20974 1822
20974 3684
21014 3735
21014 6393
21014 3684
21031 2718
21031 10197
21044 6219
21044 3684
21065 4839
21065 322
21065 9356
21065 154
21075 877
21075 1876
21087 877
21087 15819
21087 41581
21152 321
21152 4843
21152 16732
21152 21272
21181 180
21181 13212
21186 1186
21186 2663
21189 2241
21189 1186
21189 2131
21220 3690
21220 67515
21226 993
21226 1186
21302 1285
21302 39384
21319 10330
21319 10082
21319 1186
21342 1186
21342 10414
21414 2241
21414 44336
21426 3684
21426 36066
21434 1186
21434 9824
21434 3690
21434 39384
21443 50
21443 877
21480 50
21480 993
21542 2103
21542 2718
21542 6173
21567 154
21567 3640
21587 7119
21587 10442
21587 79632
21650 5555
21650 9003
21724 708
21724 6965
21779 1186
21779 152144
21837 1186
21837 68051
21837 85642
21897 8044
21897 5555
21913 34
21913 9415
21925 5555
21925 2047
21962 2718
21962 1186
21965 1186
21965 6236
22002 807
22002 34
22026 2131
22026 34
22067 5555
22067 10650
22148 993
22148 3690
22148 630
22189 10650
22189 2232
22250 4490
22250 34
22362 695
22362 3684
22362 1064
22362 2639
22385 10829
22385 61
22385 2193
22459 34
22459 820
22460 10650
22460 2718
22638 10650
22638 1186
22697 10927
22697 877
22726 2264
22726 2718
22771 2193
22771 4103
22771 4490
22779 2718
22779 1698
22799 1822
22799 7788
22803 2241
22803 10650
22809 10650
22809 2718
22833 546
22833 8823
22962 555
22962 2357
22979 993
22979 5246
22989 9617
22989 993
23036 1822
23036 5365
23058 6318
23058 708
23068 10251
23068 10090
23124 4103
23124 911
23124 11240
23129 10650
23129 4103
23129 322
23135 3858
23135 993
23147 555
23147 2047
23163 4103
23163 911
23192 4103
23192 11151
23203 10927
23203 993
23259 11151
23259 10522
23265 10090
23265 6037
23265 28009
23265 20333
23265 85706
23265 138509
23280 1764
23280 555
23280 7203
23280 2131
23305 1186
23305 15587
23335 26604
23335 11360
23355 10064
23355 3684
23371 4490
23371 1186
23399 1186
23399 72290
23456 10832
23456 30859
23465 8215
23465 11151
23465 6823
23475 3684
23475 4839
23509 11151
23509 1192
23532 2232
23532 322
23547 630
23547 807
23566 2193
23566 418
23566 33226
23566 24327
23566 47722
23637 3684
23637 993
23704 2241
23704 1514
23704 92554
23718 555
23718 154
23747 10650
23747 877
23747 84013
23772 10832
23772 6318
23782 2193
23782 9803
23786 10650
23786 9164
23786 1561
23794 8044
23794 7788
23879 11240
23879 7119
23879 3684
23879 64493
23908 3296
23908 7482
23983 11178
23983 10414
23983 63684
24014 8332
24014 111311
24091 630
24091 2718
24165 10144
24165 1186
24280 558
24280 2264
24326 154
24326 5501
24386 8044
24386 7788
24496 1186
24496 30859
24507 10650
24507 2718
24531 877
24531 36983
24583 10650
24583 11651
24617 1186
24617 1192
24617 11537
24711 1607
24711 4103
24714 1192
24714 1186
24748 11651
24748 1064
24758 1186
24758 200
24774 13032
24774 49126
24832 4103
24832 1192
24883 3690
24883 12878
24883 72776
24894 6687
24894 2131
24937 558
24937 12938
24991 247
24991 708
25047 12878
25047 10414
25124 426
25124 5645
25161 11240
25161 2453
25177 5555
25177 13241
25226 7342
25226 3690
25226 26618
25291 13097
25291 3684
25304 3690
25304 13131
25305 5555
25305 11525
25382 11255
25382 1186
25448 6219
25448 13096
25461 14504
25461 321
25472 13185
25472 15876
25513 6219
25513 5208
25531 12792
25531 121096
25627 8514
25627 13268
25627 200
25642 2241
25642 15375
25667 807
25667 45849
25683 6219
25683 2718
25730 2241
25730 426
25809 1186
25809 9003
27045 555
27045 154
27153 7788
27153 4839
27153 877
27255 1186
27255 25998
27265 1396
27265 361
27310 13101
27310 2718
27328 877
27328 1876
27328 35657
27328 1876
27383 555
27383 10361
27383 154
27450 708
27450 244
27450 34
27467 708
27467 1186
27477 1822
27477 7788
27558 13073
27558 3684
27637 14867
27637 1379
27659 2808
27659 9003
27659 9332
27759 11588
27759 4839
27879 11588
27879 60187
27893 11240
27893 3684
27949 7788
27949 14907
27950 630
27950 1186
28055 877
28055 24164
28187 14907
28187 6173
28187 37889
28187 52543
28187 6171
28213 14907
28213 1561
28213 29178
28326 12707
28326 4826
28360 15163
28360 3651
28360 4008
28370 630
28370 1896
28370 64142
28406 10064
28406 877
28459 12818
28459 90146
28544 14907
28544 13073
28584 13073
28584 11383
28730 1186
28730 14907
28730 15375
28751 7788
28751 15718
28801 630
28801 48785
28926 1822
28926 94025
29055 14907
29055 708
29064 708
29064 5645
29194 11651
29194 3548
29284 14907
29284 4008
29289 14907
29289 10832
29309 15427
29309 14907
29328 12818
29328 4008
29352 8360
29352 11588
29363 2131
29363 1830
29403 1186
29403 14988
29468 507
29468 10832
29489 6219
29489 3684
29522 1186
29522 3690
29522 29401
29532 2131
29532 13073
29543 1186
29543 664
29543 7611
29543 93384
29544 14907
29544 8514
29596 14907
29596 4008
29613 15781
29613 4790
29636 877
29636 1876
29668 1822
29668 14857
29712 2142
29712 1192
29723 10414
29723 507
29723 8360
29767 6219
29767 118736
29775 1192
29775 1192
29801 8514
29801 15698
29829 4008
29829 1186
29829 26006
29829 128145
29903 2374
29903 14533
29913 180
29913 877
29963 877
29963 180
29985 2241
29985 993
30019 2808
30019 7005
30061 1822
30061 72070
30091 3690
30091 708
30210 2374
30210 1192
30317 1192
30317 1186
30374 4844
30374 708
30383 1186
30383 16181
30477 6819
30477 3698
30551 877
30551 11651
30609 7788
30609 38839
30609 92585
30621 708
30621 16386
30637 5555
30637 63
30692 1186
30692 12818
30696 1186
30696 1192
30696 16341
30734 2241
30734 4844
30787 1064
30787 3684
30788 3690
30788 1192
30824 2374
30824 1186
30862 931
30862 1192
30932 1186
30932 15011
31018 16497
31018 16496
31045 2232
31045 993
31087 6977
31087 2131
31104 2131
31104 3481
31104 169074
31348 3460
31348 26006
31368 7611
31368 2718
31378 1514
31378 1561
31383 16721
31383 143145
31460 7611
31460 3690
31511 3640
31511 911
31514 1064
31514 3684
31561 16115
31561 993
31593 418
31593 876
31720 1514
31720 1186
31752 16950
31752 877
31752 13362
31773 2808
31773 5555
31805 321
31805 171
31805 9210
31805 1186
31805 5555
31805 15518
31805 4839
31805 92406
31823 877
31823 58071
32906 12818
32906 1186
32919 6294
32919 5125
32975 7119
32975 3684
33021 3690
33021 993
33074 3690
33074 426
33085 807
33085 3690
33196 993
33196 3684
33285 7119
33285 18266
33297 4490
33297 1186
33319 3684
33319 6219
33333 993
33333 877
33357 7611
33357 154
33448 2241
33448 2374
33553 18429
33553 3684
33561 4490
33561 3684
33564 2241
33564 7611
33564 6173
33596 708
33596 1192
33624 3684
33624 1064
33669 6441
33669 19152
33698 3690
33698 1192
33700 22162
33700 127725
33703 4903
33703 807
33703 24862
33703 57177
33737 7024
33737 11240
33737 1514
33737 4839
33737 5555
33760 993
33760 3568
33894 11240
33894 3684
33937 3020
33937 3710
33937 3690
33943 18695
33943 6219
33943 46027
33943 92616
34047 3690
34047 32281
34132 418
34132 50676
34136 82
34136 18810
34151 993
34151 1186
34173 15427
34173 1186
34356 15011
34356 18936
34356 18767
34358 2814
34358 18943
34358 18767
34484 418
34484 5645
34603 1542
34603 2264
34633 1186
34633 13101
34730 3690
34730 708
34754 5555
34754 8332
34765 418
34765 34
34766 877
34766 34681
34947 3651
34947 6974
34947 6173
34947 157
34955 2374
34955 708
34976 2374
34976 103630
35015 708
35015 2241
35081 20364
35081 877
35081 27049
35182 1186
35182 7611
35219 10650
35219 2092
35219 2718
35225 418
35225 136496
35271 630
35271 3912
35277 1561
35277 12818
35277 11240
35292 1186
35292 59981
35316 7119
35316 7788
35316 15287
35325 2808
35325 3684
35327 18625
35327 19117
35327 3684
35380 3684
35380 1396
35424 2718
35424 34
35459 6219
35459 9003
35459 6965
35480 2241
35480 1186
35497 6393
35497 3684
35500 1096
35500 783
35500 6816
35500 8783
35529 12671
35529 1186
35565 11240
35565 3684
35579 708
35579 20565
35596 1186
35596 20225
35596 1192
35616 3684
35616 53681
35755 321
35755 11240
35821 877
35821 81574
35847 11651
35847 877
35910 5555
35910 2232
35932 2814
35932 1186
36056 20877
36056 3020
36073 1945
36073 61
36081 1186
36081 1514
36081 46305
36163 3690
36163 6783
36244 1186
36244 2103
36244 1192
36345 877
36345 12926
36522 1514
36522 34
36522 8783
36522 40924
36522 10832
36522 153447
36539 6393
36539 3684
36603 1186
36603 2374
36603 10832
36603 21338
36603 4839
36815 552
36815 2241
36828 81161
36828 3687
36870 21390
36870 3684
36875 1064
36875 21358
36875 21137
36875 46021
36917 1822
36917 1064
36943 1945
36943 6965
36943 3684
36943 993
36979 3684
36979 44271
36979 154216
37014 2241
37014 1186
37034 11240
37034 94401
37034 134138
37034 29183
37038 2374
37038 708
37058 7611
37058 1186
37149 34
37149 21137
37252 708
37252 1469
37252 6974
37280 877
37280 11651
37354 2718
37354 1186
37363 1186
37363 93658
37379 2241
37379 8783
37427 3684
37427 11240
37491 708
37491 21452
37557 2598
37557 21083
37600 20877
37600 10776
37609 10832
37609 1186
37609 1945
37609 4653
37627 708
37627 3996
38708 321
38708 1186
38722 1096
38722 8783
38758 1064
38758 9003
38803 877
38803 10079
38992 708
38992 1782
39081 15833
39081 2103
39128 10832
39128 1186
39239 3690
39239 7863
39239 27899
39344 21777
39344 22206
39344 39278
39421 12818
39421 2718
39421 37889
39421 23221
39572 8783
39572 63738
39596 10832
39596 931
39611 18861
39611 21390
39652 6219
39652 7788
39652 267
39689 8783
39689 34
39689 1186
39689 75736
39703 15077
39703 1186
39815 10361
39815 61
39833 10361
39833 6687
39833 22403
39833 18697
39833 6393
39833 3640
39833 21083
39833 15583
39833 154
39833 1186
39833 21137
39844 8783
39844 1186
39936 1064
39936 22530
39936 5740
39968 2374
39968 34
40045 1822
40045 15778
40045 33090
40045 45509
40141 1186
40141 2718
40221 22681
40221 22680
40272 8783
40272 1186
40280 8791
40280 22701
40373 24764
40373 22778
40441 6219
40441 3684
40481 1186
40481 9119
40481 115924
40488 1064
40488 3684
40492 11240
40492 15011
40516 418
40516 4490
40567 11240
40567 18861
40567 1759
40567 1186
40580 630
40580 15410
40656 2808
40656 103070
40656 109576
40673 13073
40673 20877
40703 1186
40703 21777
40738 12818
40738 15077
40738 105863
40830 8215
40830 23076
40833 2241
40833 7611
40980 23051
40980 38125
40987 3481
40987 1192
41215 708
41215 23076
41215 21372
41223 5200
41223 8215
41239 21777
41239 21083
41343 9950
41343 8215
41413 22673
41413 877
41476 22673
41476 708
41574 14774
41574 9616
41577 1342
41577 21731
41608 8783
41608 2131
41709 247
41709 6974
41709 630
41754 630
41754 1514
41754 10776
41765 630
41765 20877
41854 34
41854 8783
41938 5555
41938 7788
41961 15427
41961 1186
42180 993
42180 1186
42214 410
42214 22673
42290 6219
42290 3684
42532 11651
42532 23159
42539 1186
42539 15410
42553 1295
42553 18861
42553 15143
42553 61
42561 1295
42561 1186
42721 1186
42721 1192
42837 1186
42837 1192
42837 34177
42889 1295
42889 2241
42998 2718
42998 154
43099 171
43099 2142
43254 8783
43254 820
43352 21924
43352 154
43352 20225
43452 708
43452 2374
43457 1262
43457 24404
43457 2718
43490 119
43490 260
43580 15077
43580 8783
43632 11530
43632 2374
43772 2241
43772 3174
43772 18400
43772 3690
43772 8270
43802 8783
43802 1514
43812 877
43812 9405
43823 8791
43823 993
43823 4839
43854 1186
43854 24246
43910 8783
43910 1186
43937 7788
43937 107033
44084 2542
44084 7788
44084 81559
44188 6219
44188 7788
44498 2092
44498 1514
44507 1295
44507 3071
44533 24969
44533 1186
44585 2718
44585 34
44657 6219
44657 36438
44764 1186
44764 30859
44784 1186
44784 9003
44784 993
44784 6965
44785 1842
44785 1342
44908 1186
44908 10832
44956 1064
44956 993
44992 1186
44992 2241
45087 21684
45087 74250
45095 708
45095 8783
45179 8834
45179 6974
45179 2660
45296 6974
45296 361
45296 61
45302 993
45302 3690
45461 15077
45461 3690
45579 1945
45579 20535
45589 27041
45589 6393
45655 25608
45655 1111
45665 877
45665 25615
45708 4846
45708 630
45712 630
45712 9486
45846 2374
45846 708
45846 7157
45870 7119
45870 7788
45876 708
45876 34999
45876 78230
45926 1186
45926 25098
45934 2718
45934 1192
46011 877
46011 11651
46074 7157
46074 34
46125 6219
46125 19046
46125 154112
46127 25871
46127 16074
46127 877
46273 2374
46273 25674
46289 4490
46289 8783
46373 21137
46373 20225
46408 3684
46408 82
46410 2142
46410 993
46410 3684
46486 10769
46486 3690
46577 6974
46577 2718
46672 1186
46672 6974
46870 9003
46870 133160
46942 8783
46942 7157
47025 8783
47025 3690
47025 25995
47025 107078
47046 4846
47046 45954
47051 6974
47051 8783
47058 272
47058 20225
47058 65964
47098 24131
47098 6219
47127 993
47127 1192
47186 2241
47186 20225
47186 2718
47237 708
47237 8783
47266 61
47266 8783
47266 20225
47267 26533
47267 2561
47267 1192
47295 6819
47295 1192
47304 27816
47304 7118
47304 52054
47345 26131
47345 3098
47356 4490
47356 8783
47357 1186
47357 11537
47357 2663
47357 1514
47402 1186
47402 34
47431 2241
47431 34
47431 51618
47444 12818
47444 2718
47545 2291
47545 8783
47842 11651
47842 44779
47842 9622
48011 8783
48011 6974
48072 877
48072 11651
48108 3690
48108 61
48166 877
48166 45437
48365 8783
48365 1192
48390 8783
48390 30859
48405 1186
48405 26626
48408 2092
48408 3640
48408 41022
48408 90504
48458 708
48458 1192
48462 20225
48462 61
48525 26626
48525 1186
48537 1186
48537 24131
48537 71119
48537 47327
48537 112344
48580 26764
48580 1192
48630 6219
48630 3684
48643 2131
48643 1186
48643 3690
48705 3690
48705 507
48731 26626
48731 1186
48760 8783
48760 2639
48872 993
48872 3690
48898 23076
48898 34637
48899 11240
48899 1111
48923 11240
48923 7119
48991 2397
48991 160746
49140 1186
49140 708
49385 3690
49385 26481
49398 26626
49398 1186
49757 1186
49757 2718
49803 61
49803 10090
49947 708
49947 761
50016 18944
50016 61
50076 426
50076 8783
50127 2241
50127 8783
50231 25478
50231 11386
50355 8783
50355 4008
50391 27070
50391 18944
50727 877
50727 27070
50797 708
50797 6586
50837 8783
50837 1192
50867 10832
50867 28938
50906 36333
50906 71751
50951 6974
50951 1896
51155 2131
51155 7611
51219 7611
51219 2241
51349 20225
51349 1192
51440 993
51440 102781
51440 36809
51524 1186
51524 16399
51945 28620
51945 3690
51970 21919
51970 5555
52005 7157
52005 29692
52129 1192
52129 11537
52244 24393
52244 115
52244 1822
52314 4659
52314 1192
52317 10832
52317 3690
52358 1186
52358 3690
52492 29453
52492 877
52517 3684
52517 43529
52632 2837
52632 30371
52632 30790
52632 119302
52641 27058
52641 30273
52766 29459
52766 3684
52826 20299
52826 3684
52828 2241
52828 4008
52929 30255
52929 47784
52968 3684
52968 7119
53105 4008
53105 8783
53151 1186
53151 10832
53201 877
53201 30431
53462 4008
53462 2718
53462 21137
53726 18851
53726 1192
53726 8783
53815 2241
53815 4008
53815 10832
53815 21137
53995 21137
53995 4008
54059 1258
54059 2241
54149 28019
54149 2047
54261 9003
54261 993
54283 3684
54283 33099
54283 77539
54377 5717
54377 3690
54403 16469
54403 2142
54608 877
54608 52618
54943 2374
54943 1192
54954 2142
54954 28367
54954 22315
54954 653
55019 31714
55019 56613
55019 52107
55198 31844
55198 3690
55327 1186
55327 29098
55363 4946
55363 3684
55368 31950
55368 507
55383 361
55383 8783
55498 993
55498 29808
55550 28019
55550 28854
56023 7119
56023 3684
56045 2374
56045 2241
56096 3684
56096 7788
56096 7119
56304 8607
56304 140644
56374 1967
56374 3594
56482 3119
56482 1268
56494 877
56494 11651
56494 1876
56527 1186
56527 20225
56616 8783
56616 10562
56616 157
56804 7867
56804 32915
56844 7611
56844 11151
56876 8332
56876 32949
56893 993
56893 31401
56897 31426
56897 1030
57058 1111
57058 72261
57418 16403
57418 123241
57723 7788
57723 75427
57785 33518
57785 3879
58214 7788
58214 107865
58284 877
58284 30647
58308 33863
58308 993
58312 7788
58312 48896
58312 60581
58312 122773
58341 61
58341 877
58888 8791
58888 1192
59000 18625
59000 34451
59006 20299
59006 19079
59006 159017
59062 29098
59062 2295
59128 507
59128 10832
59170 7788
59170 3684
59193 1186
59193 10414
59472 16768
59472 8783
59509 34681
59509 2232
59770 630
59770 30522
59776 30522
59776 33638
59776 1782
59916 7788
59916 7119
60108 8783
60108 35136
60129 8783
60129 6974
60129 35249
60129 1192
60129 73805
60179 8791
60179 708
60449 16399
60449 13162
60465 20299
60465 76811
60480 33041
60480 35264
60590 1192
60590 708
60651 26833
60651 22155
60777 3684
60777 34857
60777 993
60789 34
60789 9031
60837 1186
60837 877
61163 24131
61163 4408
61212 708
61212 1186
61246 33638
61246 26006
61293 35884
61293 27215
61520 7788
61520 3684
61616 36089
61616 42379
62051 34681
62051 53266
62129 34007
62129 6037
62129 8019
62144 2241
62144 1186
62165 36448
62165 36529
62165 139243
62208 22315
62208 36483
62208 708
62208 993
62500 993
62500 3684
62576 36675
62576 28646
62598 1822
62598 3684
62660 708
62660 36809
62660 74288
62812 69223
62812 29294
62884 34662
62884 51428
62976 37160
62976 113919
62976 71655
63131 6819
63131 1192
63138 37082
63138 26006
63138 4490
63255 7611
63255 53241
63255 67946
63553 2103
63553 8783
63553 26006
63641 1186
63641 6236
63661 53021
63661 2639
63661 118692
63676 8783
63676 1186
63825 5555
63825 877
63825 2703
64013 16768
64013 16403
64084 1186
64084 57444
64256 4782
64256 3336
64727 2103
64727 38111
64727 1192
64876 41787
64876 53385
65257 10832
65257 8783
65262 10832
65262 708
65351 290
65351 71896
65609 3353
65609 34007
65609 7119
65922 38371
65922 26626
66014 1186
66014 26409
66118 38111
66118 1192
66249 38857
66249 9031
66387 1822
66387 3684
66471 39476
66471 48178
66553 37954
66553 38772
66553 7788
66553 3684
66616 38371
66616 8783
66741 33638
66741 6965
66741 2103
66840 7788
66840 113903
67852 34007
67852 53736
67875 38456
67875 40889
67985 38857
67985 2241
67985 40838
67985 30859
68077 34857
68077 3684
68089 1186
68089 76787
68150 34007
68150 38309
68264 34007
68264 171
68266 10361
68266 1504
68266 2639
68639 39550
68639 38111
68639 61
68700 23721
68700 2703
68700 1050
68771 30044
68771 105702
68991 37765
68991 92382
69043 14504
69043 38371
69081 2103
69081 4103
69354 1186
69354 2275
69361 26626
69361 2334
69361 8215
69361 21137
69361 1896
69467 25146
69467 8783
69655 3684
69655 102955
69655 1822
69656 877
69656 56052
71393 33354
71393 43719
71393 28611
71596 22673
71596 43823
71608 507
71608 42379
71608 686
71608 34
71608 426
71608 7157
71852 877
71852 43504
71961 877
71961 11651
72083 41723
72083 6819
72134 44216
72134 44216
72358 11397
72358 993
72493 36809
72493 44522
72641 993
72641 6393
72750 30545
72750 877
72770 30545
72770 6037
72770 80290
72770 81130
72816 40918
72816 11537
72816 50697
72858 10832
72858 44760
72864 25146
72864 44760
72974 10832
72974 39138
73226 44838
73226 6687
73635 61
73635 44838
73680 8783
73680 1186
73711 1186
73711 36809
73850 708
73850 119425
73921 1186
73921 2241
74283 1822
74283 45788
74283 3684
74343 2241
74343 1186
74457 34007
74457 61
74517 1111
74517 141925
74627 34007
74627 30545
74627 65784
74679 20225
74679 8783
74752 11251
74752 2047
74773 44216
74773 3684
74879 1822
74879 31936
75091 877
75091 46345
75142 1111
75142 92852
75214 46422
75214 75647
75214 115676
75214 123247
75214 153222
75335 1186
75335 1111
75408 36809
75408 1186
75439 1268
75439 71506
75550 34007
75550 30545
75821 42379
75821 8783
75821 708
75876 7119
75876 3684
75894 3684
75894 46964
75990 8783
75990 1186
76021 1186
76021 47075
76038 10832
76038 426
76091 37398
76091 877
76130 877
76130 38841
76207 8783
76207 33638
76273 7788
76273 107075
76302 10832
76302 42379
76375 37971
76375 74202
76628 1192
76628 5092
76788 47540
76788 86983
76802 10832
76802 63896
76834 1192
76834 47620
77247 2131
77247 84225
77247 85691
77247 93315
77376 42379
77376 8783
77402 9434
77402 6341
77489 2241
77489 42379
77489 33354
77560 3684
77560 34857
77664 27120
77664 1186
77894 42379
77894 1186
77935 26626
77935 1186
77935 61
78061 2374
78061 48443
78196 8783
78196 10832
78242 48551
78242 7788
78265 34857
78265 993
78341 2131
78341 27540
78564 25146
78564 119630
78569 11537
78569 86223
79980 3684
79980 1822
80140 877
80140 2047
80374 2131
80374 50446
80514 20225
80514 1186
80618 36809
80618 1050
80618 44434
80695 30545
80695 34361
80695 877
80817 106
80817 99775
80951 30859
80951 1050
81011 6219
81011 51033
81011 15645
81035 1822
81035 3684
81065 993
81065 1186
81065 3690
81094 51033
81094 7788
81245 10181
81245 41928
81245 33638
81277 2241
81277 30859
81277 15864
81310 51444
81310 1357
81311 20225
81311 21137
81311 120822
81369 51033
81369 51174
81388 1186
81388 10832
81388 20225
81460 1822
81460 3684
81552 37765
81552 46242
81595 11639
81595 20225
81595 48093
81595 1186
81595 200
81607 1186
81607 48699
81631 6819
81631 708
82000 27936
82000 42379
82094 10832
82094 30859
82161 4425
82161 112475
82304 10181
82304 708
82414 4826
82414 75405
82573 1945
82573 1186
82573 30859
82604 44838
82604 11537
82824 2241
82824 10181
83125 52587
83125 877
83125 99415
83164 7788
83164 84574
83421 1192
83421 993
83421 2103
83984 53202
83984 10677
83984 126118
83984 46685
84204 10181
84204 3020
84297 9003
84297 53400
84297 1192
84297 993
84333 33638
84333 30859
84434 25146
84434 26626
84607 37398
84607 34361
84801 7788
84801 3684
84833 2103
84833 11537
86263 993
86263 48361
86274 1822
86274 6978
86312 43889
86312 53400
86313 43889
86313 1186
86313 1192
86383 1192
86383 11537
86415 1186
86415 25146
86415 993
86415 4103
86415 2103
86415 30859
86432 1186
86432 2131
86526 25146
86526 1186
86596 6819
86596 1192
86724 1997
86724 1822
86724 993
86779 3684
86779 19079
86802 877
86802 81208
86855 993
86855 55554
87122 34
87122 39278
87145 30859
87145 1192
87300 35181
87300 2241
87317 1186
87317 6819
87330 45616
87330 1192
87355 35181
87355 1396
87355 37187
87435 1192
87435 26626
87467 200
87467 4490
87467 9434
87467 30859
87692 34361
87692 877
88794 2241
88794 507
88942 55491
88942 80560
89031 4103
89031 2103
89031 3690
89031 107700
89670 708
89670 52238
89676 34
89676 2092
89760 48511
89760 31950
89815 2241
89815 1186
90033 1186
90033 114248
90137 4473
90137 3106
90258 7119
90258 181828
90354 1186
90354 32281
90482 34007
90482 25138
90482 104304
90482 2639
90858 932
90858 3684
91223 26626
91223 10414
91223 58081
91247 7788
91247 3684
91338 31936
91338 7788
91388 877
91388 1876
91388 26930
91388 7279
91388 8146
91509 1186
91509 32281
91509 4490
92117 45616
92117 35705
93510 5555
93510 3684
93588 63289
93588 82180
94545 993
94545 60959
94552 877
94552 58678
94717 38619
94717 3684
94887 7119
94887 89188
95425 1876
95425 48915
95595 820
95595 993
95600 58689
95600 993
95646 61088
95646 25098
95740 51499
95740 74057
96000 10832
96000 61935
96039 61957
96039 32281
96245 37398
96245 45616
96245 1876
96331 1186
96331 45616
96346 25146
96346 28611
96556 3684
96556 109473
96743 7788
96743 3684
96917 877
96917 71080
97171 49056
97171 62869
97470 877
97470 1876
97738 63289
97738 3690
97773 993
97773 877
97781 63289
97781 39384
97898 1186
97898 8783
98553 63406
98553 53420
98575 1186
98575 1192
98745 39384
98745 3020
98949 60318
98949 29289
98954 7921
98954 11651
99317 24327
99317 8783
99326 44801
99326 33638
99334 1186
99334 64523
100643 33638
100643 44434
100665 6219
100665 1396
100749 36809
100749 63584
100899 9003
100899 24157
101211 12818
101211 8783
101917 8270
101917 8783
102066 33232
102066 93257
102208 8783
102208 63613
102292 3020
102292 67820
102370 20682
102370 34007
102370 106610
102463 57348
102463 3684
102492 35181
102492 1186
102605 70730
102605 106482
102620 66299
102620 107913
102745 44801
102745 60131
103273 1192
103273 44434
103402 16020
103402 3684
103625 877
103625 135618
103688 39384
103688 7568
103815 46482
103815 26409
103815 53400
104172 7788
104172 3684
104192 2103
104192 1192
104378 68592
104378 28611
104421 68536
104421 68798
104460 6819
104460 8783
104460 42379
104573 26626
104573 33638
104596 993
104596 68765
104898 993
104898 6965
104898 39278
104987 7788
104987 3684
105023 69223
105023 20225
105195 1050
105195 63644
105431 27711
105431 28019
105443 20225
105443 1186
105461 1186
105461 11635
105525 3690
105525 39384
105525 63436
105537 993
105537 3684
105965 68536
105965 44324
106001 24084
106001 1050
106001 1876
106014 64280
106014 94296
106037 993
106037 6965
106126 39278
106126 3684
106264 3684
106264 68765
106632 11635
106632 30859
106762 41558
106762 1186
106762 8783
106762 34084
106795 68765
106795 993
106795 3684
106898 14734
106898 1186
107078 20225
107078 8783
107096 555
107096 271
107238 4103
107238 1186
107238 14835
107475 66829
107475 3684
107549 68599
107549 6441
107556 47355
107556 103237
107597 86028
107597 86450
107669 39384
107669 120814
107744 69223
107744 877
107820 1186
107820 35264
107820 63343
107947 69307
107947 8783
108129 34007
108129 71419
108266 26626
108266 8783
108287 14476
108287 72048
108287 72091
108287 8783
108290 5735
108290 1396
108710 62506
108710 91147
108710 10106
108975 1822
108975 105913
109210 4659
109210 877
109377 8783
109377 48285
109392 555
109392 8783
110774 4103
110774 2131
110781 72629
110781 877
110880 7788
110880 72736
110911 1192
110911 30859
110916 61957
110916 993
110949 69223
110949 993
111013 36809
111013 1192
111095 1514
111095 30859
111187 3684
111187 91365
111223 57105
111223 6965
111258 15642
111258 28611
111258 12971
111334 69223
111334 993
111347 72992
111347 8783
111419 26626
111419 20225
111477 71869
111477 7788
111487 72091
111487 8278
111897 39384
111897 34007
112090 1186
112090 76645
112094 1192
112094 993
112167 53731
112167 37015
112167 30859
112167 28164
112179 40835
112179 159727
112408 1186
112408 2103
112424 30859
112424 1561
112576 8278
112576 3106
112810 69621
112810 3684
112876 4103
112876 1192
112992 11635
112992 1186
112992 8783
113122 8278
113122 63467
114332 30859
114332 153791
114337 3684
114337 54928
114360 30859
114360 426
114376 1192
114376 42379
114403 57105
114403 11635
114403 20225
114403 1192
114403 2103
114403 104717
114503 426
114503 1186
114503 34118
114555 1192
114555 69051
114580 69390
114580 63467
114665 21276
114665 61
114665 36809
114774 68765
114774 3684
114774 34857
114850 69223
114850 1876
114856 67733
114856 3684
114902 3690
114902 30859
115136 72091
115136 42379
115201 44801
115201 1186
115270 1192
115270 42379
115338 41868
115338 86287
115339 42379
115339 75598
115391 34857
115391 3684
115461 61
115461 63467
115621 1186
115621 1192
115765 1186
115765 11635
115913 37825
115913 993
115943 1186
115943 42379
116054 3684
116054 2639
116142 993
116142 3684
116240 1186
116240 28954
116280 69210
116280 91499
116330 75651
116330 5555
116365 72091
116365 63644
116368 10832
116368 1192
116494 26626
116494 77451
116521 10832
116521 26626
116552 72014
116552 38962
116615 70109
116615 10414
116615 6965
116615 77196
116731 72048
116731 993
116747 10832
116747 6965
116965 10832
116965 1192
117036 5555
117036 28019
117146 63289
117146 77561
117146 11635
117146 72965
117193 1186
117193 10832
117391 20225
117391 63289
117391 8783
117484 10832
117484 30859
117567 1186
117567 70109
117734 39384
117734 8783
117740 3684
117740 34857
118057 30859
118057 11537
118178 16418
118178 3684
118452 63011
118452 94881
118492 11635
118492 1186
118729 30859
118729 26409
118737 77582
118737 2131
118737 81624
118823 8783
118823 10832
118880 1186
118880 72048
119621 4659
119621 877
119865 26626
119865 10832
120060 2103
120060 11537
120060 30859
120064 10414
120064 30859
120488 5555
120488 3020
120488 993
120488 63896
120635 6219
120635 45616
120756 30859
120756 1192
120945 2639
120945 177211
121034 10832
121034 4103
121034 9415
121034 124624
121160 38841
121160 84804
121160 106901
121208 72992
121208 37971
121236 85946
121236 110427
121370 1186
121370 993
121804 34857
121804 7119
121877 78208
121877 56050
121982 1186
121982 10832
122582 64235
122582 8783
122582 30859
122582 1186
122623 19079
122623 165460
122666 708
122666 26626
122707 8783
122707 1186
122756 28620
122756 39278
122823 1186
122823 108844
122926 26426
122926 173605
123327 1186
123327 993
123664 42489
123664 20225
123863 1186
123863 1192
123969 10832
123969 8783
123978 30859
123978 12971
124082 8783
124082 30199
124204 96
124204 5469
124785 10832
124785 42489
124847 1514
124847 1186
124896 10832
124896 1186
124949 10832
124949 1192
125069 1186
125069 1192
125171 20225
125171 5555
125171 154
125171 6965
125190 70109
125190 30859
125198 1186
125198 30859
125251 10832
125251 39278
125272 82939
125272 43755
125279 10832
125279 4490
125300 10832
125300 26626
125308 11635
125308 1192
125399 33638
125399 8783
125422 3690
125422 23721
125494 154
125494 28019
125504 20225
125504 507
125617 33638
125617 37765
125771 20225
125771 3690
125850 37765
125850 83792
125885 83631
125885 30859
125886 1342
125886 3020
125886 33155
125915 708
125915 8783
125985 3710
125985 3684
126003 1822
126003 2639
126030 20225
126030 30859
126095 708
126095 45014
126127 20225
126127 30859
126154 3020
126154 157
126235 4103
126235 1192
126246 20225
126246 4103
126495 1822
126495 993
126604 34007
126604 154
126632 1186
126632 2103
126846 72048
126846 44838
126846 6381
126871 72048
126871 26409
126969 708
126969 1192
126996 72048
126996 1186
127083 44838
127083 66829
127158 3690
127158 113767
127221 993
127221 3684
127303 30859
127303 1192
127316 44838
127316 82278
127405 30859
127405 14476
127537 39611
127537 92192
127537 131405
127613 1186
127613 46773
127617 44838
127617 46773
127639 14476
127639 44838
127639 4103
127639 3690
127737 20225
127737 8783
128348 66520
128348 1186
128424 42379
128424 33970
128433 39384
128433 44838
128433 72048
128474 1186
128474 42379
128535 10832
128535 30859
128535 708
128535 57105
128914 426
128914 11537
129090 1186
129090 30859
129090 3690
129358 57105
129358 6965
129504 993
129504 1822
129522 993
129522 6965
129659 44434
129659 30859
129694 26654
129694 27509
129747 1186
129747 22823
129751 87103
129751 993
129785 87463
129785 37655
129827 1876
129827 36809
129854 14734
129854 87535
130018 72048
130018 8783
130141 57105
130141 72048
130141 993
130321 38841
130321 88357
130392 66829
130392 1192
130399 3020
130399 20225
130441 39345
130441 3020
130441 1336
130606 28019
130606 2047
130659 39278
130659 68931
131204 1192
131204 44838
131310 993
131310 3684
131350 72048
131350 3690
131400 110455
131400 3106
131634 89503
131634 87062
131801 14476
131801 7568
132155 88620
132155 28019
132293 1186
132293 11635
132437 44838
132437 1186
132437 1192
132673 72091
132673 30859
132673 61
132689 10832
132689 44838
132689 1192
132851 61
132851 34857
132951 5555
132951 30545
133208 10832
133208 1192
133384 72048
133384 6965
133546 5845
133546 90710
133546 90721
133546 36809
133651 90750
133651 109169
133712 630
133712 30859
133712 10832
134016 91036
134016 52344
134027 44838
134027 993
134129 10832
134129 30859
134296 10832
134296 20225
134555 10832
134555 20225
134555 52344
134555 30859
134685 22336
134685 101705
134704 57247
134704 93035
134741 55596
134741 993
134828 1186
134828 1192
135032 91525
135032 630
135142 877
135142 51275
135365 807
135365 41723
135420 61957
135420 10832
135455 92033
135455 8783
135478 38841
135478 77017
135645 911
135645 36809
135645 9950
135645 92378
135645 653
135645 1192
135717 30859
135717 1192
135720 3684
135720 111825
135745 92443
135745 125653
135814 91176
135814 3690
136225 92808
136225 98279
136235 2103
136235 55596
136235 11635
136239 3690
136239 1186
136268 30859
136268 39384
136894 10832
136894 114900
137045 1186
137045 1192
137097 11537
137097 44434
137200 3690
137200 39384
137200 1764
137391 11537
137391 1192
137472 1186
137472 42379
137472 44434
137704 10832
137704 3690
137791 12818
137791 993
137791 108002
137911 33170
137911 44434
138029 1186
138029 32943
138080 36809
138080 92819
138080 36809
138080 1192
138080 6965
138311 39384
138311 89077
138357 30859
138357 20225
138522 36809
138522 42350
138720 93925
138720 708
138724 93035
138724 80530
138724 8783
138800 57257
138800 30859
138800 37243
138800 1192
139021 67974
139021 30859
139106 46185
139106 30859
139131 8846
139131 141122
139213 79823
139213 95190
139290 24327
139290 20225
139290 66829
139358 46185
139358 30859
139382 2103
139382 11537
139382 37243
139382 97829
139382 30859
139480 5555
139480 6965
139702 3690
139702 30859
139746 10832
139746 1186
139758 8783
139758 92056
139776 10832
139776 20225
139912 1192
139912 4103
139969 81761
139969 42379
139986 22315
139986 1192
140247 10832
140247 1192
140363 20225
140363 3690
140369 10832
140369 2232
140493 4659
140493 108470
140558 1186
140558 30859
140568 92376
140568 37203
140576 1186
140576 993
140604 708
140604 30859
140604 63644
140632 10832
140632 34007
140632 87591
140632 69328
140756 93035
140756 8783
140896 10832
140896 6819
140943 8783
140943 94938
141092 94938
141092 1192
141092 107045
141129 3690
141129 1822
141129 3684
141175 2142
141175 4490
141239 97877
141239 113129
141464 93384
141464 97774
141527 3020
141527 8783
141594 39384
141594 39278
141804 708
141804 30859
142080 70109
142080 101248
142080 143761
142139 993
142139 92819
142282 14476
142282 34007
142305 507
142305 72992
142305 36809
142330 67405
142330 993
142330 92819
142331 29289
142331 34007
142714 8783
142714 34007
142960 67405
142960 41928
143008 14476
143008 26654
143008 85921
143132 2103
143132 11537
143157 44434
143157 99156
143342 2092
143342 6819
143601 72048
143601 91542
143861 11537
143861 98602
143941 72992
143941 63896
144096 69275
144096 20225
144100 3690
144100 32281
144214 72048
144214 52567
144591 1514
144591 93838
145163 426
145163 101243
145665 60085
145665 708
145665 101627
145982 42379
145982 39384
146011 507
146011 98571
146543 103345
146543 71869
146610 60085
146610 39384
146610 3690
146750 86732
146750 30859
146993 60085
146993 8783
146993 98571
147039 75565
147039 30859
147775 50765
147775 88650
147976 60085
147976 30859
148386 98571
148386 36809
148395 104754
148395 104137
148395 69828
148443 104102
148443 69240
148523 10438
148523 1192
148641 11537
148641 1192
148665 42379
148665 61
148788 6965
148788 39278
148858 993
148858 3684
148876 7788
148876 3684
149459 20225
149459 30859
149796 993
149796 28019
149811 2103
149811 10832
149811 1192
149811 87965
150158 10832
150158 38996
150158 32929
151169 1822
151169 3684
151169 158236
151183 71869
151183 133905
151183 137660
151199 993
151199 3684
151431 993
151431 3684
151453 3020
151453 60085
151691 30859
151691 95007
151691 1192
151813 877
151813 6219
151813 1822
152301 2131
152301 39384
152488 63467
152488 63644
152501 11639
152501 1186
153274 28019
153274 5555
153295 104717
153295 1192
153392 26426
153392 993
153420 73833
153420 993
153458 993
153458 3684
153519 93035
153519 109166
153586 1822
153586 993
153738 101326
153738 30859
153747 507
153747 1192
154032 2103
154032 50765
154061 26426
154061 1822
154227 426
154227 3690
154251 53731
154251 1186
154251 5555
154251 2131
154251 64311
154251 41415
154251 3322
154251 426
154251 109809
154251 46598
154251 72091
154251 36809
154251 6236
154262 28019
154262 5555
154471 63289
154471 426
154574 30859
154574 36809
154841 76763
154841 130084
155219 92499
155219 42379
155332 3684
155332 72070
155580 39384
155580 60085
155684 1186
155684 3690
155684 111307
155952 507
155952 38968
155998 3690
155998 95007
155998 110855
155998 111064
155998 110893
156028 4008
156028 2131
156068 993
156068 97841
156164 1192
156164 30859
156359 110855
156359 111414
156545 11639
156545 1186
156553 6219
156553 111303
156827 2639
156827 3684
157045 26626
157045 993
157334 44434
157334 993
157501 993
157501 1192
157515 4008
157515 993
157696 63896
157696 1192
157790 3690
157790 30859
157893 426
157893 63896
157912 14734
157912 157
157912 86614
158201 10832
158201 1192
158205 6965
158205 66196
158291 993
158291 1192
158602 993
158602 6965
158617 2639
158617 993
158693 2103
158693 30859
158957 2639
158957 111890
158957 113569
158957 1192
158988 993
158988 2639
159069 2639
159069 1876
159227 111811
159227 993
159227 3690
159229 95592
159229 1192
159413 993
159413 6965
159413 1876
159413 10832
159413 2639
159462 87836
159462 1822
159710 3684
159710 160808
160216 877
160216 112361
160281 2639
160281 3684
160290 426
160290 1186
160343 2639
160343 112361
160530 44434
160530 993
160794 109234
160794 138498
160872 72048
160872 1186
160924 113038
160924 993
161220 426
161220 26409
161586 74024
161586 1822
161752 94051
161752 72992
161824 10832
161824 3690
161849 111811
161849 993
162042 3020
162042 36812
162227 111811
162227 32281
162232 10832
162232 1186
162452 86623
162452 10832
162906 3020
162906 1186
163154 1186
163154 116365
163154 89400
163154 1357
163448 5555
163448 6965
163528 426
163528 1186
163528 993
163557 104717
163557 110455
163875 95007
163875 46773
164043 426
164043 117161
164043 36809
164046 110455
164046 993
164166 14476
164166 10832
164260 35468
164260 426
164329 10832
164329 1186
164382 99331
164382 32281
164526 104717
164526 1192
164711 112361
164711 27070
164922 3690
164922 14476
165230 1186
165230 118250
165439 116219
165439 30859
165798 1822
165798 6965
165912 68931
165912 38968
165966 104717
165966 35450
166024 116653
166024 118844
166117 2639
166117 112361
166117 2639
166205 60898
166205 8783
166374 112361
166374 110455
166374 2639
166374 3684
166374 6965
166374 1396
166374 6236
166493 3690
166493 90906
166747 993
166747 1396
166792 1822
166792 11334
166792 19079
166843 1396
166843 993
166877 109669
166877 28463
167031 877
167031 135448
167036 104717
167036 1192
167037 110455
167037 2639
167086 104717
167086 36809
167086 1192
167096 3684
167096 2639
167201 2639
167201 3684
167486 117388
167486 63644
167489 104717
167489 32281
167489 30859
167709 116462
167709 60085
167727 43889
167727 46773
168022 10832
168022 104717
168022 1822
168116 32281
168116 708
168134 993
168134 15356
168303 110455
168303 112254
168402 110455
168402 112361
168590 2639
168590 36809
168726 39384
168726 104717
168833 110455
168833 993
169123 10832
169123 32281
169372 110455
169372 10832
169458 118907
169458 146320
169458 175455
170803 2103
170803 48093
170849 32281
170849 109144
171030 44838
171030 43889
171030 32281
171030 39083
171030 1192
171194 30859
171194 60085
171194 2103
171337 104717
171337 32281
171337 57632
171365 121211
171365 44434
171425 32281
171425 48093
171510 426
171510 52344
171654 104717
171654 1192
171855 1111
171855 26103
172275 426
172275 30859
172289 1876
172289 117459
172521 2232
172521 104717
172903 708
172903 136372
173190 124448
173190 30859
173309 104717
173309 1192
173335 157
173335 61
173335 124645
173335 124660
173367 98571
173367 44838
173435 116653
173435 30859
173895 426
173895 121101
174044 32281
174044 104717
174069 8278
174069 28330
174069 63644
174069 117038
174069 89400
174069 2047
174219 32281
174219 30859
174249 104717
174249 1192
174353 32281
174353 125411
174694 110455
174694 48093
174694 32281
174739 104717
174739 1192
175073 35641
175073 931
175674 3020
175674 87836
175674 104717
175682 74176
175682 104717
175682 1192
176023 39384
176023 15356
176246 44838
176246 993
176666 39083
176666 144307
176935 39083
176935 63644
177009 32281
177009 61
177022 1186
177022 993
177032 97765
177032 3690
177083 36809
177083 104717
177162 88191
177162 3684
177463 7788
177463 2639
177518 116653
177518 32281
177622 112361
177622 1876
177652 131180
177652 143058
177803 30859
177803 125573
178056 3020
178056 110455
179500 77844
179500 87836
180006 73344
180006 36498
180197 112361
180197 39278
180461 104717
180461 1192
181593 42379
181593 15356
181594 56307
181594 110455
181598 9031
181598 30859
181732 98571
181732 31401
182189 7788
182189 7119
182227 426
182227 6621
182233 5555
182233 1822
182275 124448
182275 104717
182331 993
182331 40938
182410 104717
182410 4103
182410 1192
182420 23721
182420 131855
182420 39278
182580 38456
182580 84227
182728 10832
182728 993
182731 41723
182731 7279
182860 48093
182860 116365
183046 33638
183046 41723
183087 124448
183087 104717
183984 39083
183984 10832
184149 61
184149 133188
184149 2512
184288 60085
184288 1192
184525 132645
184525 39083
184617 63284
184617 10832
184617 10414
184617 6311
184617 108816
184617 132644
185044 34857
185044 7788
185123 104717
185123 125573
185376 87836
185376 132501
185376 2103
185662 105012
185662 44434
186257 7119
186257 38456
186339 132645
186339 32281
186597 98571
186597 135138
186631 98967
186631 426
186638 98967
186638 426
186778 48093
186778 32281
187090 32281
187090 126936
187207 32281
187207 125494
187207 74105
187342 1192
187342 30859
187369 4103
187369 3690
187807 993
187807 32281
188016 7005
188016 126936
188044 32281
188044 136264
188044 136284
188203 119929
188203 45616
188231 63011
188231 97765
188335 132645
188335 36809
188667 10650
188667 5754
188667 2639
188667 34007
188667 55719
188793 32281
188793 2103
189484 30859
189484 104717
189607 3690
189607 104717
189676 116653
189676 30859
189676 35503
189928 121114
189928 151260
190073 112253
190073 116653
190090 122555
190090 138864
190782 426
190782 116365
191146 61
191146 44838
191393 30859
191393 3186
191393 146283
191440 23721
191440 8115
191440 653
191552 2103
191552 104717
191595 630
191595 30859
191803 143235
191803 147737
191825 7157
191825 32281
191825 32281
192364 121114
192364 38968
192524 46773
192524 1192
192901 30859
192901 1514
193138 98967
193138 124448
193138 60085
193154 110455
193154 32870
193154 993
193287 3684
193287 2639
193394 3106
193394 1050
193777 32281
193777 110455
193875 993
193875 3684
194131 6257
194131 32281
194222 2639
194222 1396
194315 426
194315 141525
194684 34857
194684 3684
194975 1396
194975 3684
195085 1186
195085 30859
195085 23369
195338 1876
195338 38367
195763 2639
195763 108119
195775 108119
195775 39278
195923 126936
195923 1186
195923 1192
195937 126936
195937 1186
196030 2232
196030 116653
196158 30859
196158 63896
196219 48093
196219 30859
196220 108119
196220 6219
196330 142768
196330 192571
196600 2103
196600 45616
196600 3690
196600 143642
196931 25209
196931 150642
196938 110455
196938 6965
197142 127141
197142 3690
197360 630
197360 39384
197363 630
197363 140461
197789 143235
197789 426
197870 104717
197870 1192
197937 22633
197937 41723
198170 126936
198170 1396
198408 1822
198408 2639
198473 993
198473 116653
198513 99943
198513 53595
198513 145297
198611 1192
198611 41723
198789 1396
198789 3684
199144 10832
199144 21924
199202 10832
199202 162476
199226 10832
199226 877
199487 124448
199487 110455
199842 10832
199842 8783
199853 30859
199853 116183
199961 72398
199961 1192
200161 99943
200161 116653
200269 125593
200269 41723
200279 10832
200279 146778
200352 993
200352 6965
201598 1186
201598 30859
201719 39278
201719 993
202000 152712
202000 148784
202086 10832
202086 1192
202211 1192
202211 30859
202211 104717
202419 61
202419 44838
202419 33638
202707 104717
202707 1192
203130 1186
203130 8215
203130 57105
203402 1186
203402 126936
203612 1186
203612 10832
203877 32281
203877 1186
203981 19079
203981 155153
204011 3690
204011 44838
204096 426
204096 37801
204302 112699
204302 1186
204339 112253
204339 60085
204532 126936
204532 32281
204565 32281
204565 149630
204565 147667
204565 111607
204597 99943
204597 993
204757 39278
204757 2639
204920 32281
204920 30859
205012 1822
205012 993
205026 51898
205026 426
205065 10832
205065 15356
205073 10832
205073 2131
205190 149935
205190 45616
205341 104717
205341 30859
205342 39278
205342 39384
205587 2639
205587 993
205684 72070
205684 3684
205727 10832
205727 46290
205790 44945
205790 6965
206055 993
206055 3684
206170 44642
206170 7895
206170 39278
206241 60085
206241 44945
206241 39278
206426 37198
206426 34007
206481 6965
206481 32281
206481 44945
206481 38151
206678 68127
206678 30859
206815 32281
206815 104717
206832 6965
206832 68325
206832 10267
206934 39278
206934 6965
206975 53747
206975 8783
207262 44434
207262 82422
207371 44434
207371 26409
207456 6965
207456 993
207496 6219
207496 2639
207671 104717
207671 151996
207706 10832
207706 39384
207984 2639
207984 176527
208170 110455
208170 361
208372 44945
208372 104717
208487 60085
208487 111607
208520 71701
208520 3684
208731 3690
208731 1192
209084 126936
209084 6141
209084 1192
209384 426
209384 140866
209546 112253
209546 157
209546 39083
209583 32281
209583 39278
209583 153386
209695 32281
209695 30859
209989 993
209989 1192
210066 125593
210066 36809
210249 123690
210249 32281
210865 15787
210865 147776
211352 2639
211352 154141
211352 61
211352 63011
211700 112791
211700 426
212003 1186
212003 10832
212435 41723
212435 426
212435 156492
212533 147776
212533 10832
212707 10832
212707 1876
212742 95991
212742 993
212770 30859
212770 126936
212781 99943
212781 156749
212797 95107
212797 426
213010 42379
213010 131487
213317 28019
213317 15356
213791 3020
213791 1186
213922 73344
213922 7895
214757 147776
214757 104717
214863 149341
214863 139178
215043 62605
215043 80530
215078 6141
215078 1192
215212 2639
215212 10361
215491 87836
215491 32281
215491 2103
215534 133992
215534 169548
215699 60085
215699 147776
215868 9616
215868 630
216417 126936
216417 8783
216816 126936
216816 32281
216919 45616
216919 160166
217019 3690
217019 30859
217419 41723
217419 161096
217653 1186
217653 116653
217788 1822
217788 426
218315 993
218315 6965
218479 1192
218479 30859
218871 161523
218871 993
218962 426
218962 61
219936 39384
219936 15356
220266 157
220266 8783
220270 41723
220270 163052
220270 39384
220270 53319
220363 109246
220363 104717
220560 1186
220560 1192
221191 10267
221191 1186
221191 151544
221349 45616
221349 38158
221531 163489
221531 30859
222987 4103
222987 87836
222987 110455
223392 158002
223392 1876
223392 7279
223496 36809
223496 2103
223906 32281
223906 44434
224871 110455
224871 993
224913 151544
224913 10414
225240 60085
225240 993
225274 61
225274 137232
226356 32281
226356 1192
226610 6141
226610 1192
226792 144393
226792 110455
226792 30859
226838 110455
226838 126936
226838 60085
226838 76939
226946 10832
226946 3690
226946 11397
227267 60085
227267 144393
227288 87836
227288 6141
228561 1192
228561 124448
228695 1186
228695 104717
228789 30859
228789 1192
228789 104717
228789 126936
228868 126936
228868 3690
228868 1186
229012 4103
229012 1186
229064 24505
229064 1876
229070 14734
229070 32281
229103 124448
229103 30859
229784 144393
229784 60085
230074 6141
230074 3690
230303 41723
230303 21924
230328 136353
230328 149630
230491 6141
230491 124448
230722 1192
230722 104717
230993 30859
230993 99876
231460 66771
231460 1192
231474 87836
231474 104717
231628 61
231628 144393
231647 1822
231647 34857
231682 45616
231682 6141
232048 10832
232048 1186
232120 36809
232120 61
232943 32281
232943 104717
233382 32281
233382 6141
233610 144393
233610 104717
233610 1192
233642 145197
233642 1822
233674 426
233674 60085
233716 6141
233716 104717
233783 1186
233783 32281
233851 42459
233851 6141
233861 6141
233861 1186
233884 1186
233884 144393
234086 993
234086 44434
234086 1186
234086 3690
234144 104102
234144 1186
234221 10414
234221 21924
234303 144393
234303 6141
234303 1186
234368 104717
234368 993
235085 177540
235085 38857
235153 10832
235153 134691
235197 426
235197 126936
235227 87836
235227 32281
235227 3690
235412 170408
235412 91686
235465 145949
235465 144393
235465 37825
235469 44945
235469 42379
236675 126936
236675 46773
236768 3690
236768 126936
237128 10832
237128 1186
237312 126936
237312 30859
237418 44434
237418 12916
237475 2103
237475 39384
237494 112791
237494 1186
237671 104717
237671 41723
237671 39083
237684 104717
237684 2103
237684 87965
237684 1192
238263 44434
238263 30859
238714 6141
238714 175189
238783 87836
238783 3690
238873 68127
238873 42379
239314 179264
239314 145266
239314 181922
239788 32281
239788 39278
239788 6965
240469 32281
240469 175189
240469 183265
240503 176905
240503 41851
240540 1192
240540 41723
240742 993
240742 1876
241302 6141
241302 44434
241607 44945
241607 32281
242187 184428
242187 32281
242649 150107
242649 145949
242813 149630
242813 36809
242908 10832
242908 152218
243115 10832
243115 65939
243115 125573
243484 10832
243484 9003
244000 8783
244000 128145
244345 110455
244345 3684
244756 144393
244756 150107
244756 1186
245148 186086
245148 135062
245699 95107
245699 126936
245781 8783
245781 187692
245983 112822
245983 1186
246015 41723
246015 185080
246448 104717
246448 39278
246495 2103
246495 68127
246649 6141
246649 2103
246734 144393
246734 1192
246804 30859
246804 6389
246832 39083
246832 144393
246888 144393
246888 1192
247090 32281
247090 1192
247411 110455
247411 68127
248503 112822
248503 121223
248587 63284
248587 8783
248610 144393
248610 60085
249520 32281
249520 184704
249593 110455
249593 1192
249617 3684
249617 34857
249715 23721
249715 30859
249838 151544
249838 32281
250166 144393
250166 124448
250395 126936
250395 36809
250573 10746
250573 144393
251034 46773
251034 95107
251034 21924
251805 60085
251805 126936
252191 46773
252191 186524
252661 144393
252661 15356
253166 46773
253166 42379
253873 95107
253873 126936
253873 195610
253873 195637
253924 178981
253924 126936
254252 176905
254252 68127
