2 18
5 106
14 7
20 61
21 386
29 79
33 14
36 50
43 33203
46 50
47 157
48 174
56 60
59 92
62 43
63 61
64 116
81 109
82 63
86 109
93 97
94 51
111 97
123 68
126 151
127 860
135 97
144 61
152 63
153 64
194 63
197 61
201 110
232 97
239 97
252 174
255 174
262 60
264 130
270 130
283 177
287 92
299 63
309 14
310 50
320 97
321 877
322 97
337 130
338 379
351 39
358 92
364 76
381 64
385 50
390 81
394 82
401 190
405 88
409 82
411 61
431 97
434 97
435 97
440 180
442 34
445 154
461 162
467 60
468 130
482 34
486 39
505 171
511 130
530 81
545 61
550 102
561 392
567 39
573 1710
581 61
586 51
598 361
606 61
612 61
629 418
647 278
651 51
653 515
659 11
667 515
668 63
682 115
688 533
692 533
696 1396
710 515
712 533
728 247
736 247
742 94938
756 63
760 81
763 39
771 418
788 115
790 418
808 63
817 116
818 81
845 63
854 686
858 82
861 630
872 877
888 630
907 630
916 247
917 203
940 710
955 691
956 278
973 193
983 710
1014 154
1018 877
1021 247
1031 247
1038 157
1040 50
1043 805
1044 508
1083 630
1099 82
1121 29
1126 61
1141 171
1144 154
1166 247
1170 555
1183 34
1201 63
1206 247
1215 247
1229 180
1230 76
1245 508
1261 877
1281 322
1282 61
1283 1196
1285 322
1298 136
1301 154
1305 555
1326 63
1346 51
1359 6355
1371 877
1410 180
1423 247
1426 630
1437 10
1457 51
1467 940
1485 630
1493 630
1497 418
1523 193
1527 24
1547 630
1554 61
1570 630
1577 426
1584 630
1592 1120
1632 630
1635 34
1637 34
1654 630
1656 34
1677 973
1692 953
1694 287
1699 911
1705 63
1714 260
1726 154
1728 35444
1732 81
1742 1396
1750 630
1755 154
1765 192
1767 154
1775 1219
1792 993
1805 1201
1811 61
1814 1096
1847 863
1866 244
1876 630
1883 973
1910 63
1927 877
1942 630
1998 63
2009 63
2041 973
2050 208
2063 260
2072 1290
2084 260
2109 260
2124 686
2137 260
2174 260
2195 555
2296 1533
2342 1064
2357 82
2361 136
2387 686
2471 2050
2511 630
2515 1186
2524 418
2531 973
2545 630
2562 180
2569 1607
2572 630
2574 1396
2599 630
2624 1396
2626 1469
2631 180
2634 877
2650 283
2662 1756
2677 154
2678 180
2684 1369
2687 1369
2701 1396
2710 1396
2716 1607
2736 555
2743 1369
2758 973
2763 180
2770 973
2784 877
2790 1607
2796 1396
2804 1396
2824 877
2868 877
2895 171
2905 154
2918 1469
2967 154
2973 1396
2978 136
3005 1860
3042 1396
3056 630
3093 462
3102 847
3110 1369
3115 2004
3134 1357
3139 877
3140 847
3148 462
3153 2023
3160 630
3204 973
3221 877
3223 2043
3225 1396
3229 630
3251 1396
3255 1469
3276 418
3281 1822
3289 508
3323 630
3343 1469
3345 180
3375 877
3394 82
3467 555
3480 630
3509 154
3512 3106
3519 2201
3540 953
3552 3086
3605 1186
3628 1777
3647 847
3653 63
3674 418
3682 630
3688 1064
3694 260
3696 1186
3710 1469
3737 2374
3751 2382
3754 1396
3760 877
3768 555
3794 2397
3816 630
3828 630
3831 630
3849 1607
3856 418
3889 180
3913 1096
3914 1822
3972 877
3980 2417
3999 630
4000 630
4018 418
4021 2129
4040 51
4043 507
4106 1710
4114 877
4115 4224
4118 877
4124 180
4129 877
4137 193
4141 630
4152 180
4154 2374
4162 630
4163 2660
4177 2573
4210 1396
4214 2626
4215 1439
4218 630
4252 2129
4255 2626
4274 2374
4283 244
4286 973
4291 2660
4340 1396
4347 2682
4363 2691
4373 630
4441 426
4475 630
4479 193
4494 555
4506 630
4511 1828
4521 3684
4540 2415
4557 2374
4576 2626
4603 154
4610 2131
4622 2131
4630 418
4654 877
4679 1419
4693 1396
4696 2626
4706 34
4717 2626
4721 3684
4750 2453
4760 2626
4777 2626
4782 630
4794 630
4810 630
4814 418
4839 630
4859 2626
4884 1469
4906 630
4936 34
4965 34
4968 2374
4984 877
5014 630
5022 630
5038 630
5061 1396
5071 2374
5107 1469
5131 976
5146 630
5160 630
5166 630
5211 2573
5222 1186
5233 2374
5236 7788
5278 2374
5302 3173
5332 1396
5333 2397
5346 630
5365 2374
5385 630
5390 3267
5417 2241
5422 877
5432 558
5455 2374
5460 154
5468 2767
5487 2660
5525 2660
5588 2453
5602 1396
5634 154
5666 877
5744 1822
5761 630
5774 2660
5780 3417
5815 2293
5834 2374
5859 180
5887 2660
5903 630
5926 877
5989 2660
5995 555
6031 3409
6035 877
6051 2660
6108 1396
6115 3684
6117 507
6122 6393
6145 3583
6150 877
6158 3594
6191 180
6197 1186
6246 3585
6252 2241
6297 34
6310 2407
6327 11587
6368 30006
6383 1469
6387 630
6395 1396
6417 3690
6468 630
6474 508
6504 630
6507 2660
6512 2374
6526 180
6539 1396
6577 2660
6607 877
6647 708
6673 1268
6691 2374
6697 426
6698 2374
6713 630
6731 708
6736 1290
6792 116
6834 630
6840 2682
6859 877
6880 555
6883 2374
6900 3690
6912 82
6961 2374
6962 877
6975 2374
6996 2241
7023 708
7031 2399
7036 976
7038 2682
7044 4008
7060 2374
7077 2399
7080 555
7087 1396
7093 4008
7147 877
7156 4065
7186 4008
7205 3859
7233 1192
7239 630
7249 2294
7301 2374
7339 630
7350 3690
7359 708
7390 1822
7429 418
7468 1561
7504 2374
7515 4103
7573 4259
7600 63
7603 2399
7622 3106
7647 34
7652 4315
7660 2374
7689 630
7741 708
7742 154
7753 4395
7754 7061
7773 1396
7785 4403
7906 2374
7924 976
7927 2374
7956 630
7983 1945
7985 4512
7994 2374
8011 4512
8028 4468
8033 3609
8111 1396
8116 877
8119 3684
8128 4468
8172 1767
8182 154
8351 630
8374 2374
8379 34
8456 1396
8461 2092
8492 76537
8496 708
8504 2374
8511 2241
8514 3761
8533 630
8580 82
8599 34
8618 2241
8627 3690
8680 4659
8700 34
8708 3761
8747 1561
8752 2374
8771 4325
8774 4103
8790 247
8828 3461
8869 877
8885 3690
8917 4116
8938 3690
8978 877
8994 1064
9011 1064
9015 322
9047 63
9109 1945
9124 4103
9143 1822
9196 630
9197 1822
9249 4846
9265 1357
9268 1192
9293 557
9302 1945
9306 877
9352 5208
9356 5185
9406 5203
9441 120
9494 5072
9518 180
9587 322
9638 1192
9662 877
9689 1348
9746 877
9759 3684
9762 630
9765 2092
9798 3684
9829 4792
9852 464
9953 630
9962 877
10005 1192
10034 5475
10057 5486
10113 1192
10146 708
10167 4456
10199 1561
10208 3594
10215 1192
10277 2092
10383 630
10396 1945
10409 555
10474 5726
10492 3710
10496 877
10535 2374
10587 1186
10655 708
10657 3098
10694 3684
10716 3690
10729 630
10776 630
10818 630
10852 877
10873 3690
10901 5378
10931 180
10950 2374
10952 3690
10975 2660
10990 1945
10991 5189
11005 5868
11031 3858
11032 1822
11043 877
11046 877
11101 630
11124 2092
11233 8337
11292 807
11341 5189
11396 3858
11405 2660
11430 708
11444 630
11475 5555
11527 708
11531 5555
11631 3847
11638 630
11657 630
11664 1186
11670 630
11697 33992
11701 630
11719 5145
11758 3106
11806 21809
11893 3710
11906 2092
11912 180
11925 1945
11956 5189
11962 6334
12024 1990
12061 101095
12080 6037
12082 630
12150 3684
12185 630
12250 877
12258 2092
12271 3423
12337 630
12376 5116
12388 6481
12437 3690
12453 26863
12474 1186
12512 1945
12564 6173
12569 877
12580 3690
12581 3684
12596 1186
12611 877
12619 2092
12650 1945
12655 1186
12698 3690
12715 3690
12739 3690
12769 6597
12779 630
12809 6597
12810 6597
12913 708
12941 1945
12977 877
12991 1111
13075 515
13083 877
13093 3858
13112 1945
13118 1514
13167 5189
13190 1945
13243 708
13349 6393
13455 630
13468 154
13470 630
13518 680
13522 426
13523 11151
13600 418
13650 630
13668 260
13698 708
13703 3347
13730 630
13742 322
13744 5531
13757 3690
13840 3761
13851 2193
13859 630
13882 877
13891 3996
13911 2374
13931 7005
14047 708
14155 877
14172 1423
14246 1268
14327 8015
14372 7005
14388 993
14402 154
14418 610
14490 1945
14511 1945
14535 3106
14544 2092
14565 877
14570 2660
14600 2092
14661 361
14730 1186
14740 1822
14757 1822
14774 708
14775 3858
14789 3690
14791 2241
14864 1186
14875 877
14989 3690
14996 2241
15063 2241
15108 708
15186 2241
15199 6236
15231 2092
15241 3690
15250 4203
15276 3690
15312 2573
15326 555
15335 877
15342 2241
15350 426
15371 4203
15388 2092
15403 3106
15463 3858
15506 630
15530 3423
15531 877
15572 993
15583 2092
15595 877
15632 630
15682 426
15720 53657
15729 5555
15730 3690
15846 2682
15859 2092
15860 1469
15878 2241
15906 877
15994 5555
16002 3106
16127 5645
16201 6361
16208 993
16211 8304
16372 180
16397 877
16433 5555
16436 6823
16461 2047
16484 555
16493 2241
16554 2092
16587 1096
16612 7343
16616 6173
16725 877
16763 6823
16809 877
16846 2092
16875 877
16884 2092
16895 1561
16956 2241
16969 877
16993 3684
16999 1192
17030 8418
17057 4659
17069 2374
17092 8044
17103 1186
17197 25441
17217 4103
17265 8519
17267 10361
17277 61
17302 4102
17339 1186
17367 15321
17398 5555
17431 877
17439 8578
17529 877
17533 555
17615 953
17653 8044
17691 68127
17711 1945
17761 180
17790 7119
17808 3761
17853 4839
17893 16642
17904 1186
17921 1186
17926 877
18024 3761
18042 630
18059 1186
18208 2374
18215 2718
18239 1186
18300 1396
18315 2374
18339 23721
18372 2241
18399 8278
18433 877
18463 8771
18495 877
18593 1186
18610 708
18637 1192
18664 7119
18669 1186
18700 8278
18864 7119
18877 708
18887 2103
18934 1186
18943 1186
19077 2241
19111 4846
19130 2241
19135 877
19159 3690
19164 877
19165 371
19240 708
19242 8771
19291 3684
19344 9434
19360 4839
19456 2241
19491 6441
19525 1186
19544 2241
19564 321
19632 6219
19670 877
19719 2241
19749 9377
19870 1186
19894 1342
19912 630
19924 2241
19959 2718
20068 9712
20070 7005
20099 8215
20117 154
20145 6219
20217 180
20275 6503
20283 1186
20335 9932
20355 321
20410 5555
20416 2241
20419 708
20455 2718
20499 2374
20566 5555
20583 321
20619 708
20706 2718
20714 10059
20734 2241
20759 3761
20832 4659
20867 2718
20959 7788
20973 1186
20974 3684
21014 3735
21031 10197
21044 3684
21065 4839
21075 877
21087 41581
21152 321
21181 180
21186 2663
21189 2131
21220 3690
21226 993
21302 1285
21319 10082
21342 1186
21414 2241
21426 3684
21434 1186
21443 50
21480 993
21483 1396
21542 6173
21567 154
21587 10442
21650 5555
21724 6965
21749 5555
21779 1186
21837 1186
21895 6318
21897 5555
21913 34
21925 2047
21962 2718
21965 6236
22002 807
22026 34
22067 5555
22148 630
22189 2232
22250 34
22362 695
22385 2193
22459 820
22460 10650
22512 7788
22638 1186
22697 10927
22726 2264
22771 2193
22779 2718
22799 7788
22803 2241
22809 2718
22833 546
22909 1396
22962 555
22979 5246
22989 993
23036 1822
23041 1186
23053 4490
23058 6318
23068 10251
23124 4103
23129 10650
23135 3858
23147 555
23163 4103
23192 4103
23203 10927
23259 11151
23265 10090
23280 555
23305 1186
23335 11360
23355 10064
23371 1186
23399 1186
23456 10832
23465 11151
23467 8215
23475 3684
23509 11151
23532 2232
23547 807
23566 2193
23637 3684
23704 1514
23718 555
23747 877
23772 10832
23782 9803
23786 10650
23794 7788
23879 3684
23908 3296
23983 11178
24014 8332
24091 630
24165 1186
24280 2264
24326 154
24386 7788
24410 1192
24496 1186
24507 10650
24518 6219
24531 877
24583 10650
24617 1186
24711 4103
24714 1192
24748 11651
24758 1186
24774 13032
24832 1192
24883 12878
24894 2131
24937 558
24991 708
25047 10414
25103 1288
25124 426
25161 2453
25177 5555
25226 3690
25291 13097
25304 3690
25305 5555
25382 11255
25425 11063
25448 13096
25461 321
25472 13185
25513 6219
25531 12792
25627 13268
25642 15375
25667 807
25683 2718
25730 2241
25809 9003
27045 154
27100 1186
27153 7788
27255 1186
27265 361
27310 13101
27328 877
27383 154
27450 244
27467 1186
27477 7788
27558 3684
27637 14867
27659 2808
27725 2808
27732 7788
27759 11588
27879 11588
27893 11240
27949 14907
27950 630
28055 24164
28187 14907
28213 14907
28326 4826
28360 4008
28370 630
28406 10064
28431 14907
28459 12818
28512 2374
28544 14907
28584 13073
28730 14907
28751 7788
28801 630
28926 1822
29055 14907
29064 708
29116 1186
29194 11651
29284 4008
29289 14907
29309 15427
29328 4008
29352 8360
29363 2131
29403 1186
29415 1192
29468 10832
29489 3684
29522 1186
29532 13073
29543 1186
29544 14907
29596 14907
29613 15781
29636 877
29668 1822
29712 1192
29723 8360
29767 6219
29775 1192
29801 15698
29829 4008
29903 14533
29913 877
29961 6219
29963 180
29985 2241
30019 7005
30061 1822
30091 708
30119 9003
30210 1192
30317 1192
30374 4844
30383 16181
30477 6819
30551 11651
30609 7788
30621 708
30626 7788
30637 5555
30692 1186
30696 1192
30734 4844
30787 1064
30788 3690
30824 1186
30862 1192
30932 15011
31018 16496
31045 2232
31087 6977
31104 3481
31348 3460
31366 171
31368 7611
31378 1514
31383 16721
31460 7611
31511 3640
31514 1064
31561 993
31593 418
31701 10721
31720 1514
31752 877
31773 5555
31805 1186
31823 877
32906 1186
32919 5125
32975 7119
33021 3690
33074 426
33085 807
33196 3684
33285 7119
33297 1186
33319 3684
33333 993
33357 7611
33448 2374
33553 18429
33561 4490
33564 2241
33596 1192
33624 3684
33669 6441
33698 3690
33700 22162
33703 807
33737 1514
33760 3568
33894 3684
33937 3020
33943 6219
34047 3690
34079 1186
34132 418
34136 18810
34151 993
34173 1186
34313 1514
34356 15011
34358 2814
34381 993
34484 418
34525 11651
34603 2264
34633 1186
34730 3690
34754 8332
34765 418
34766 34681
34947 6173
34955 2374
34976 2374
34979 15011
35015 2241
35081 877
35177 1514
35182 1186
35219 2718
35225 418
35271 630
35277 11240
35292 1186
35316 7119
35325 2808
35327 19117
35380 3684
35424 34
35459 6219
35480 2241
35497 6393
35500 1096
35529 1186
35565 11240
35579 20565
35596 1186
35616 3684
35755 321
35812 12818
35821 877
35847 11651
35893 708
35910 5555
35932 1186
36056 20877
36073 61
36081 1186
36163 3690
36244 2103
36345 877
36432 5125
36522 8783
36539 3684
36603 4839
36612 4826
36815 2241
36828 81161
36870 21390
36875 1064
36917 1064
36943 6965
36979 3684
37014 1186
37034 94401
37038 2374
37058 1186
37149 34
37162 2374
37252 1469
37280 877
37354 1186
37363 1186
37379 2241
37427 3684
37491 21452
37557 2598
37600 20877
37609 10832
37627 708
38708 321
38722 8783
38758 9003
38793 9865
38803 877
38808 418
38992 708
39058 1064
39081 15833
39128 10832
39239 3690
39344 22206
39421 2718
39572 8783
39589 3684
39596 10832
39611 21390
39652 267
39689 75736
39703 1186
39815 61
39833 6687
39844 1186
39936 1064
39968 2374
40045 1822
40141 1186
40221 22681
40272 8783
40280 8791
40373 22778
40441 6219
40481 1186
40488 1064
40492 15011
40516 418
40567 11240
40580 630
40656 2808
40673 20877
40703 1186
40738 12818
40830 23076
40833 2241
40980 23051
40987 3481
41067 1822
41215 21372
41223 8215
41239 21083
41343 8215
41413 877
41476 22673
41574 9616
41577 21731
41608 2131
41709 630
41754 630
41765 20877
41854 8783
41938 5555
41961 15427
42180 1186
42214 22673
42290 3684
42532 23159
42539 1186
42553 61
42561 1186
42721 1192
42837 1192
42889 2241
42998 2718
43099 171
43254 8783
43352 21924
43452 708
43457 2718
43490 119
43580 15077
43632 2374
43772 3690
43802 8783
43812 877
43823 8791
43854 1186
43910 8783
43937 7788
44084 2542
44188 6219
44498 2092
44507 3071
44533 24969
44585 2718
44657 36438
44764 1186
44784 1186
44785 1842
44796 20225
44908 1186
44956 993
44992 2241
45087 21684
45095 708
45137 2241
45179 6974
45296 61
45302 3690
45461 3690
45579 1945
45589 6393
45655 1111
45665 25615
45708 4846
45712 630
45846 7157
45870 7119
45876 708
45926 1186
45934 2718
46009 20225
46011 11651
46074 7157
46102 8783
46125 6219
46127 25871
46273 25674
46289 8783
46373 20225
46408 3684
46410 993
46486 3690
46577 2718
46672 6974
46870 9003
46942 8783
46957 1192
46980 2241
47025 8783
47046 4846
47051 8783
47058 272
47098 24131
47127 1192
47186 2718
47237 8783
47266 20225
47267 1192
47295 1192
47304 52054
47345 26131
47356 4490
47357 2663
47402 34
47431 2241
47444 2718
47545 8783
47842 11651
47861 9003
48011 8783
48055 1186
48072 877
48108 3690
48166 877
48365 1192
48390 8783
48405 1186
48408 2092
48458 1192
48462 61
48525 1186
48537 1186
48580 26764
48630 3684
48643 3690
48705 507
48731 26626
48760 8783
48872 3690
48898 23076
48899 11240
48923 7119
48991 2397
49140 708
49385 3690
49398 26626
49744 5555
49757 2718
49803 10090
49947 708
49984 2142
50016 61
50076 8783
50127 8783
50231 25478
50355 8783
50391 18944
50652 1186
50664 23159
50708 6974
50727 27070
50741 22315
50797 708
50826 13101
50837 1192
50867 10832
50906 71751
50951 1896
51155 7611
51215 8783
51219 7611
51340 3690
51349 1192
51440 993
51524 1186
51945 3690
51970 5555
52005 29692
52129 1192
52244 1822
52314 4659
52317 3690
52358 3690
52492 877
52517 3684
52632 30790
52641 30273
52698 6974
52766 29459
52826 3684
52828 4008
52845 2374
52929 30255
52968 7119
53085 1186
53105 4008
53151 1186
53201 877
53462 4008
53726 1192
53815 2241
53995 4008
54059 2241
54149 2047
54261 9003
54283 3684
54318 29808
54377 3690
54403 2142
54608 877
54893 1192
54943 2374
54954 22315
55019 31714
55198 3690
55327 1186
55363 3684
55368 507
55383 361
55498 29808
55550 28019
55568 31714
56023 3684
56045 2374
56096 3684
56130 3336
56304 8607
56374 3594
56482 3119
56494 11651
56527 1186
56616 8783
56804 7867
56844 11151
56876 32949
56893 31401
56897 31426
56930 1186
57058 72261
57418 16403
57445 10361
57723 7788
57785 33518
58214 7788
58284 30647
58308 33863
58312 7788
58341 877
58455 7788
58772 3020
58888 1192
59000 18625
59006 20299
59062 2295
59128 507
59170 7788
59193 1186
59447 2718
59472 8783
59509 2232
59770 30522
59776 30522
59840 4103
59916 7788
60108 35136
60129 35249
60179 708
60342 6965
60449 16399
60465 20299
60480 35264
60590 1192
60651 22155
60777 993
60789 9031
60837 877
61163 4408
61212 1186
61246 33638
61293 35884
61520 3684
61616 36089
61633 2703
62029 877
62051 34681
62129 6037
62144 1186
62165 36529
62208 22315
62500 3684
62576 36675
62598 3684
62660 708
62812 69223
62884 34662
62976 37160
63131 1192
63138 37082
63255 7611
63506 36809
63553 8783
63641 1186
63661 2639
63676 1186
63681 2703
63825 5555
64013 16403
64084 1186
64256 4782
64270 7788
64727 2103
64876 41787
65142 3659
65257 10832
65262 708
65351 290
65609 3353
65922 38371
66014 1186
66118 38111
66249 9031
66387 3684
66471 39476
66553 37954
66616 38371
66741 6965
66840 7788
67852 34007
67875 40889
67985 2241
68077 3684
68089 1186
68150 34007
68264 171
68266 2639
68639 39550
68700 2703
68771 30044
68991 37765
69043 14504
69081 4103
69354 1186
69361 26626
69467 25146
69655 3684
69656 877
69953 39278
71393 33354
71596 43823
71608 507
71852 877
71961 877
72083 41723
72134 44216
72330 1192
72358 993
72493 36809
72641 6393
72750 877
72770 80290
72816 40918
72858 10832
72864 25146
72974 10832
73226 6687
73635 44838
73680 1186
73711 1186
73826 1186
73850 708
73921 1186
74283 3684
74306 7788
74343 1186
74457 61
74461 2241
74517 1111
74627 34007
74679 20225
74752 2047
74773 3684
74879 31936
75091 877
75142 1111
75214 46422
75335 1186
75408 36809
75439 71506
75451 877
75550 34007
75821 708
75876 7119
75894 46964
75990 1186
76021 1186
76038 10832
76091 877
76130 38841
76207 33638
76273 7788
76302 10832
76375 37971
76628 1192
76788 47540
76802 10832
76834 1192
77247 2131
77298 35136
77376 8783
77402 9434
77489 2241
77560 34857
77639 1192
77664 1186
77894 42379
77935 61
78061 2374
78196 10832
78242 7788
78265 993
78323 708
78341 27540
78564 25146
78569 86223
79980 3684
80140 2047
80264 507
80374 50446
80514 1186
80618 36809
80695 877
80710 46242
80817 106
80951 30859
81011 51033
81035 1822
81065 3690
81094 7788
81245 10181
81277 30859
81310 51444
81311 20225
81369 51174
81388 20225
81460 1822
81552 37765
81595 1186
81607 1186
81631 708
82000 27936
82094 10832
82161 4425
82304 10181
82414 4826
82573 1945
82604 44838
82824 10181
82921 1192
83125 877
83164 7788
83421 1192
83984 53202
84090 1945
84204 3020
84297 9003
84333 30859
84434 26626
84607 34361
84801 7788
84833 11537
86263 993
86274 1822
86312 53400
86313 43889
86383 1192
86415 4103
86432 2131
86526 1186
86596 1192
86636 877
86724 1997
86779 3684
86802 877
86855 993
87122 39278
87145 1192
87300 35181
87317 1186
87330 45616
87355 1396
87435 1192
87467 200
87692 34361
88794 2241
88942 80560
89031 3690
89670 52238
89676 34
89760 48511
89815 1186
90033 1186
90137 4473
90258 7119
90354 1186
90482 34007
90858 932
91223 26626
91247 7788
91338 31936
91388 26930
91509 1186
92117 35705
93510 5555
93588 82180
93823 30545
94545 993
94552 877
94717 3684
94887 7119
95425 1876
95595 820
95600 58689
95646 61088
95740 51499
96000 61935
96039 61957
96245 45616
96331 45616
96346 25146
96556 3684
96743 7788
96917 71080
97171 49056
97470 1876
97738 3690
97773 993
97781 39384
97898 1186
98529 877
98553 63406
98575 1186
98745 39384
98949 29289
98954 7921
99317 8783
99326 33638
99334 1186
100643 44434
100665 1396
100749 63584
100899 9003
100965 3684
101211 8783
101917 8783
102066 33232
102208 8783
102292 3020
102370 106610
102463 3684
102492 1186
102605 70730
102620 66299
102677 993
102745 60131
102903 10832
103273 44434
103402 3684
103625 877
103688 39384
103815 46482
104172 7788
104192 1192
104378 68592
104421 68798
104460 8783
104565 68536
104573 26626
104596 993
104898 993
104987 3684
105023 20225
105195 63644
105386 69223
105431 27711
105443 20225
105461 11635
105525 39384
105537 993
105965 68536
105999 4103
106001 24084
106014 64280
106037 993
106126 3684
106264 3684
106539 34007
106632 30859
106762 34084
106795 993
106898 14734
107078 8783
107096 555
107238 4103
107475 3684
107549 6441
107556 47355
107597 86028
107669 39384
107744 69223
107820 1186
107947 8783
108129 71419
108210 3684
108266 8783
108287 8783
108290 1396
108710 62506
108952 72091
108975 1822
109078 993
109210 877
109377 8783
109392 8783
110460 72070
110774 2131
110781 877
110880 7788
110911 1192
110916 993
110949 993
111013 1192
111095 30859
111187 3684
111223 6965
111258 12971
111334 993
111335 8783
111347 8783
111419 26626
111462 15369
111477 7788
111487 8278
111897 39384
112090 1186
112094 993
112167 37015
112179 40835
112408 1186
112424 30859
112576 3106
112810 69621
112876 1192
112992 1186
113122 63467
114260 30859
114332 30859
114337 54928
114360 30859
114376 1192
114403 11635
114503 426
114555 1192
114580 69390
114665 21276
114774 34857
114850 69223
114856 3684
114902 3690
115136 42379
115175 30859
115201 44801
115270 1192
115338 41868
115339 75598
115391 34857
115461 61
115621 1192
115765 11635
115913 37825
115943 42379
116054 3684
116142 993
116240 28954
116280 69210
116330 5555
116347 33638
116361 77451
116365 63644
116368 1192
116494 26626
116521 10832
116552 38962
116615 70109
116731 72048
116747 10832
116965 1192
117036 28019
117146 11635
117193 10832
117306 3690
117391 8783
117469 2103
117484 10832
117567 1186
117734 8783
117740 3684
118057 30859
118158 1186
118178 3684
118331 11635
118452 94881
118458 69621
118492 11635
118649 10832
118729 30859
118737 2131
118823 10832
118880 1186
119621 4659
119865 10832
120060 2103
120064 10414
120488 5555
120635 45616
120756 30859
120945 2639
121034 10832
121160 38841
121208 72992
121236 85946
121370 1186
121804 7119
121877 56050
121982 1186
122262 507
122582 64235
122623 19079
122666 708
122707 8783
122756 28620
122823 1186
122926 26426
123327 1186
123664 20225
123863 1186
123969 8783
123978 12971
124082 30199
124204 5469
124785 10832
124847 1186
124896 10832
124947 25146
124949 10832
125069 1186
125171 20225
125190 70109
125198 30859
125251 39278
125272 43755
125279 10832
125300 26626
125308 1192
125399 33638
125422 23721
125494 28019
125504 507
125617 33638
125771 20225
125850 37765
125885 30859
125886 1342
125915 708
125985 3710
126003 1822
126030 30859
126095 708
126127 30859
126154 3020
126235 1192
126246 20225
126446 30859
126495 993
126604 34007
126632 2103
126846 72048
126852 39278
126871 72048
126969 708
126996 72048
127083 44838
127158 3690
127221 993
127303 1192
127316 44838
127405 30859
127537 39611
127613 1186
127617 46773
127639 14476
127737 20225
128314 30859
128348 1186
128424 42379
128433 44838
128474 42379
128535 57105
128914 426
129090 30859
129358 6965
129504 1822
129522 993
129659 30859
129694 26654
129747 1186
129751 87103
129785 37655
129827 36809
129854 14734
130018 72048
130028 1192
130141 72048
130321 38841
130392 66829
130399 20225
130441 1336
130606 28019
130659 68931
131204 1192
131310 3684
131350 72048
131400 110455
131634 87062
131759 30859
131801 14476
132029 34007
132155 88620
132170 1192
132293 1186
132437 1192
132673 72091
132689 1192
132851 61
132951 5555
132966 30859
133208 10832
133384 6965
133546 36809
133556 1192
133651 90750
133712 10832
134016 91036
134027 993
134129 10832
134296 20225
134525 46185
134555 10832
134685 22336
134704 93035
134741 993
134828 1192
134898 38841
135032 630
135142 877
135150 8783
135365 41723
135420 61957
135455 8783
135478 38841
135645 911
135717 30859
135720 3684
135745 92443
135814 3690
135887 33170
136225 98279
136235 55596
136239 1186
136268 30859
136674 30859
136733 86623
136894 114900
137045 1186
137097 11537
137200 3690
137391 1192
137472 42379
137704 3690
137791 993
137911 44434
138029 1186
138080 6965
138114 8783
138311 39384
138315 94431
138357 30859
138522 42350
138720 708
138724 8783
138800 57257
139021 30859
139106 30859
139131 8846
139213 79823
139290 24327
139358 46185
139382 2103
139480 6965
139702 3690
139746 1186
139758 92056
139776 10832
139912 1192
139969 81761
139986 1192
140247 1192
140363 20225
140369 10832
140493 108470
140558 1186
140568 92376
140576 1186
140604 30859
140632 10832
140756 8783
140790 1192
140896 10832
140909 3690
140943 8783
141092 94938
141129 1822
141175 2142
141239 97877
141464 93384
141527 3020
141594 39384
141789 993
141804 708
142080 70109
142139 993
142282 14476
142305 36809
142330 993
142331 29289
142552 67405
142714 34007
142825 34007
142960 67405
143008 26654
143132 2103
143157 99156
143342 6819
143601 72048
143861 98602
143941 72992
144096 69275
144100 32281
144214 72048
144591 93838
145163 426
145204 61
145665 101627
145982 42379
146011 507
146543 71869
146610 39384
146750 86732
146993 60085
147039 30859
147112 20225
147775 88650
147976 30859
148386 98571
148395 104137
148443 104102
148523 1192
148641 11537
148665 42379
148784 993
148788 6965
148858 3684
148876 3684
149459 20225
149630 6219
149796 28019
149811 1192
150158 10832
150207 14476
151169 1822
151183 133905
151199 3684
151431 3684
151453 3020
151522 5555
151550 39384
151691 1192
151813 877
152301 39384
152488 63644
152501 1186
152659 426
153274 5555
153295 1192
153392 993
153420 993
153458 993
153519 109166
153586 1822
153738 101326
153747 1192
154032 50765
154061 1822
154227 426
154251 2131
154262 28019
154471 426
154574 36809
154766 104717
154841 130084
155219 42379
155332 3684
155580 60085
155650 1192
155684 3690
155952 38968
155998 111064
156028 4008
156068 97841
156164 1192
156359 111414
156545 1186
156553 6219
156827 3684
157045 993
157334 44434
157501 993
157515 993
157696 1192
157790 3690
157893 426
157912 14734
158092 30859
158201 1192
158205 6965
158291 1192
158602 993
158617 2639
158693 2103
158957 2639
158988 2639
159069 2639
159115 111811
159227 993
159229 95592
159413 993
159462 87836
159710 3684
160216 877
160281 2639
160290 1186
160343 112361
160354 993
160530 44434
160794 109234
160872 1186
160924 113038
161220 26409
161586 74024
161752 72992
161824 10832
161849 111811
162042 3020
162227 111811
162232 10832
162452 10832
162514 3690
162906 1186
163154 1186
163448 5555
163528 426
163557 104717
163875 95007
164043 426
164046 110455
164166 10832
164260 426
164329 1186
164382 32281
164463 1514
164526 1192
164711 112361
164922 3690
165230 118250
165439 30859
165798 1822
165912 38968
165966 104717
166024 116653
166117 2639
166205 60898
166374 2639
166493 90906
166747 993
166792 11334
166843 1396
166877 28463
167031 877
167036 104717
167037 2639
167086 1192
167096 2639
167201 2639
167486 63644
167489 104717
167709 116462
167727 43889
168022 104717
168116 32281
168134 993
168276 32281
168303 110455
168402 112361
168590 36809
168726 104717
168815 1396
168833 110455
169123 10832
169372 10832
169458 118907
170579 6965
170803 2103
170849 32281
171030 44838
171194 2103
171337 104717
171365 44434
171425 32281
171510 426
171654 1192
171855 26103
172275 426
172289 117459
172521 2232
172903 708
173190 124448
173309 1192
173335 157
173367 98571
173435 30859
173831 3684
173868 1876
173895 426
174044 104717
174069 63644
174219 30859
174249 104717
174353 32281
174694 48093
174739 104717
175073 931
175674 104717
175682 1192
176023 15356
176246 993
176666 144307
176935 63644
177009 32281
177022 1186
177032 3690
177083 36809
177114 83113
177162 3684
177369 426
177463 7788
177518 116653
177622 112361
177652 131180
177803 30859
178056 3020
179500 87836
179623 39384
180006 73344
180136 10832
180197 112361
180461 1192
181593 15356
181594 110455
181598 30859
181732 98571
182189 7119
182227 6621
182233 1822
182275 104717
182331 40938
182410 1192
182420 131855
182580 84227
182728 10832
182731 7279
182860 116365
183046 41723
183087 104717
183891 1822
183984 39083
184149 2512
184288 60085
184525 132645
184617 10832
185044 7788
185123 125573
185376 2103
185662 105012
186257 7119
186339 32281
186597 135138
186631 98967
186638 426
186778 48093
187090 32281
187207 32281
187342 1192
187369 4103
187568 157
187688 10832
187807 32281
188016 126936
188044 136264
188203 45616
188231 63011
188335 36809
188667 10650
188793 2103
189484 30859
189607 3690
189676 30859
189928 121114
190073 112253
190090 122555
190782 426
191146 44838
191393 30859
191440 23721
191552 2103
191595 630
191803 143235
191825 32281
192208 34007
192364 38968
192524 46773
192901 30859
193138 124448
193154 993
193287 2639
193362 1192
193394 1050
193777 110455
193783 993
193875 3684
194131 6257
194222 2639
194315 141525
194684 3684
194975 1396
195085 1186
195338 38367
195763 108119
195775 39278
195923 1192
195937 1186
196030 2232
196158 30859
196219 48093
196220 6219
196330 192571
196570 124448
196600 45616
196931 25209
196938 110455
197142 3690
197360 39384
197363 140461
197789 143235
197870 1192
197937 41723
198170 1396
198408 1822
198473 993
198513 99943
198611 1192
198789 1396
199144 10832
199202 10832
199226 10832
199487 110455
199842 10832
199853 116183
199961 1192
200161 116653
200269 41723
200279 10832
200352 993
201598 30859
201719 39278
202000 148784
202086 1192
202211 1192
202254 3684
202419 44838
202707 1192
203130 57105
203402 1186
203499 10832
203612 1186
203877 32281
203981 155153
204011 3690
204087 39384
204096 426
204302 1186
204339 60085
204532 32281
204545 1186
204565 32281
204597 99943
204757 39278
204920 32281
205012 1822
205026 51898
205065 10832
205073 10832
205190 45616
205341 30859
205342 39278
205587 993
205684 3684
205727 10832
205790 44945
206055 993
206170 44642
206241 60085
206426 37198
206481 6965
206678 30859
206815 32281
206832 6965
206934 39278
206975 8783
207262 44434
207371 44434
207456 6965
207496 2639
207671 151996
207706 10832
207984 2639
208170 361
208178 3690
208372 44945
208487 111607
208520 3684
208731 3690
209084 1192
209384 426
209546 112253
209583 32281
209695 32281
209989 993
210066 36809
210249 32281
210865 15787
211352 154141
211700 426
212003 10832
212435 41723
212533 147776
212707 1876
212742 993
212770 30859
212781 99943
212797 95107
213010 42379
213199 426
213317 15356
213608 63896
213791 1186
213922 7895
214757 104717
214863 149341
215043 62605
215078 1192
215172 41723
215212 10361
215382 15356
215491 2103
215534 133992
215699 60085
215868 9616
216417 8783
216816 32281
216919 45616
216999 1186
217019 30859
217419 161096
217424 30859
217653 116653
217788 1822
218315 6965
218479 30859
218871 993
218962 61
219936 39384
220266 157
220270 41723
220363 109246
220560 1186
221191 1186
221290 104717
221349 38158
221531 163489
222987 87836
223392 1876
223496 2103
223906 32281
224871 993
224913 10414
225240 993
225274 137232
226356 1192
226610 1192
226792 144393
226838 60085
226946 3690
227267 144393
227288 87836
228561 124448
228597 126936
228695 1186
228789 1192
228868 3690
229012 1186
229064 24505
229070 32281
229103 30859
229559 1192
229784 144393
230074 6141
230303 41723
230328 149630
230491 124448
230722 1192
230993 30859
231228 147776
231460 1192
231474 87836
231628 61
231647 34857
231682 6141
231862 42379
232048 10832
232120 36809
232943 32281
233382 32281
233610 1192
233642 145197
233674 426
233716 104717
233783 32281
233851 6141
233861 6141
233884 144393
234086 44434
234144 104102
234221 21924
234303 144393
234368 993
235085 177540
235153 134691
235197 126936
235227 3690
235412 170408
235465 144393
235469 42379
236675 126936
236768 3690
237128 10832
237312 30859
237418 44434
237475 2103
237494 112791
237509 6141
237671 41723
237684 87965
237935 1192
238263 30859
238350 2453
238714 175189
238783 3690
238873 68127
239314 145266
239400 993
239646 28019
239788 32281
240469 175189
240503 41851
240540 41723
240742 993
241302 6141
241607 32281
241656 9003
242187 32281
242649 150107
242813 36809
242908 10832
243115 125573
243484 9003
244000 8783
244345 3684
244756 144393
245148 135062
245178 144393
245699 126936
245781 187692
245983 1186
246015 41723
246372 8783
246448 104717
246495 2103
246649 6141
246734 1192
246804 30859
246832 39083
246888 1192
247090 32281
247411 110455
248503 112822
248587 63284
248610 60085
249465 144393
249520 184704
249593 110455
249617 34857
249715 30859
249838 32281
250166 144393
250395 36809
250490 72529
250573 10746
251034 95107
251805 126936
251988 6965
252191 186524
252661 144393
253166 42379
253873 195610
253924 126936
254252 176905
