2 4 24 26 261 1108
5 9 10 13 25 73
14 17 404 4676
20 23 28 34 2227 2853 3664
21 27 121 687
29 37 44 142 391 805 1387 6422 128086
33 35 553 605
36 39 133
43 206 219 5771 57347
46 50 61
47 55 60 116 179
48 54 57 259
56 58 70 492 7937 41912
59 69 72 74 75 138 333
62 67 68
63 65 115
64 87 284
81 109 343 2404
82 112 113 163 164 165 212 247 3714 5998
86 92 170
93 103 244
94 97 101 105
111 114 141 145
123 374 559 638 12392
126 160 173 621 1994 24837
127 139 140 1155 17570 23258
135 137 198
144 147 17376 55139 141788
152 154 192 210
153 155 156 158 159 161 306 7349 9251
194 455 508 640 1185
197 203 499
201 205 230 308
232 242 260
239 240 241 256
252 258 294
255 257 628 98366
262 268 272
264 265 266 96990
270 271 276 315 356
283 285 392 393 2121 7894
287 292 293
299 347 948 957 966
309 311 314
310 345 363
320 328 348 350 1551
321 323 1906
322 344 17212
337 341 680 7548
338 340 560 3503
351 352 2209
358 360 377 34756 56181
364 376 460
381 382 383
385 419 1029
390 403 458
394 399 406
401 423 498 5297 6178 7024 7035
405 408 557 10186
409 410 414
411 416 420 679
431 432 752
434 436 463
435 437 439 491 507 751 3894 69777
440 441 443 451 604
442 479 484
445 446 457 462 472 489
461 465 466 595
467 471 487
468 469 470 5876
482 483 490 960 965
486 497 514 1090 14101
505 509 510 16336
511 513 517 45164
530 533 558 564
545 546 552
550 551 603
561 562 572 4780
567 568 574
573 780 3651 3673
581 582 585
586 589 596
598 599 617
606 609 613 626
612 614 615
629 632 633 1159 1163 6968 6969 12389
647 666 853
651 652 664 80498
653 654 655 658
659 662 663 110785
667 670 671
668 672 1434
682 684 685
688 690 699
692 694 695
696 697 702 5835 8400 8476 8478 123146
710 713 721 722
712 717 731
728 729 744
736 737 738 741 746 754 4714 6177
742 743 745
756 758 759 2912
760 761 762
763 765 768 770
771 772 777
788 791 843
790 793 813
808 809 810
817 819 823
818 821 828 852
845 846 848
854 857 899
858 863 869 880 883
861 862 867
872 873 2808
888 890 897
907 908 963
916 925 936 57609 138345
917 922 927
940 941 944
955 958 974 50887
956 964 7745
973 980 999 1124
983 984 990 3241
1014 1017 1022
1018 1019 1020 1369
1021 1023 1024 5597
1031 1032 1036
1038 1039 1041 1042 1053 1203
1040 1047 1048 1055
1043 1045 1051 1058 1690
1044 1114 1140
1083 1085 1093
1099 1101 1105 29832 39075
1121 1122 1123 1129
1126 1127 1128 1132
1141 1142 1143 1147
1144 1145 1149
1166 1167 1175 37260 77764 93785
1170 1171 1172 1180
1183 1186 1188 1197 23558
1201 1204 1205
1206 1207 1254
1215 1216 1219
1229 1235 1250
1230 1234 1241
1245 1248 1255
1261 1265 4103 44745
1281 1287 119633
1282 1291 1307
1283 1284 1289 1727 21211 46619
1285 1288 1294 1304 27034 29528 34419 76612
1298 1299 1300
1301 1303 1308
1305 1309 1325
1326 1328 1332 1418
1346 1347 1399
1359 1362 1363 12074
1371 1384 12602
1410 1412 1429
1423 1424 1435 1663 11424 118154
1426 1432 1433
1437 1444 1445
1457 1458 1459 1461 1488
1467 1468 1469
1485 1486 1499
1493 1495 1498
1497 1502 1540
1523 1524 1525
1527 1533 1550
1547 1549 1553
1554 1556 1560
1570 1571 1573 1574 1579 33353
1577 1578 1580
1584 1585 1586 1593 5918
1592 1597 1598
1632 1633 1674 1675
1635 1638 31095
1637 1639 1640 1641
1654 1655 1680
1656 1658 1659
1677 1678 1679 1691
1692 1696 1704
1694 1698 1702 1725 1729
1699 1701 1801
1705 1710 1827
1714 1715 1717
1726 1752 1754 1759
1728 1736 69556
1732 1738 1744
1742 2030 2962 95456
1750 1751 1753 1757 1804
1755 1756 1758 1760
1765 1766 1810
1767 1769 1773 1778 1782 1803
1775 1779 1780 1784 1788
1792 1793 1794 1829 2860
1805 1807 1833
1811 1812 1831
1814 1815 1819
1847 1849 1863
1866 1872 1873 1874
1876 1877 1878 1879
1883 1884 15884
1910 1911 1916 1922
1927 1928 1941
1942 1943 1944 131282
1998 1999 2000
2009 2010 2011
2041 2044 2055 116536
2050 2051 2052 2056 10547
2063 2064 2065
2072 2073 2075 2079 2083
2084 2088 2130
2109 2110 2114
2124 2128 2129
2137 2138 2144 2146
2174 2175 2176 2179 2186
2195 2196 2199 10856
2296 2302 2307
2342 2362 2373
2357 2360 2365 2374 2380 2381
2361 2363 2364
2387 2389 2391 2392 44406 47659
2471 2472 2475 2477 2479 2480 2485 2523 3108 3198 34781 50402
2511 2512 2513 5850
2515 2517 2518
2524 2528 2571
2531 2534 2536
2545 2546 2547
2562 2564 2575
2569 2615 2680
2572 2576 2578
2574 2577 2596
2599 2600 2601
2624 2628 2645
2626 2627 2632 2644
2631 2633 2635
2634 2637 17378
2650 2658 2659
2662 2664 2698
2677 2686 2691 2694 2709
2678 2682 2683
2684 2692 2693 2702
2687 2695 2699 2705 128820
2701 2704 2715
2710 2712 2722 2732
2716 2717 2718
2736 2738 2741
2743 2744 4868
2758 2759 2762
2763 2764 2765
2770 2773 2776 54577
2784 2785 2793
2790 2791 2792
2796 2798 80114
2804 2805 15946 15947
2824 2832 7190
2868 2876 2878
2895 2896 2902 2904
2905 2906 2907 2911 2913 2914 2924 2939 38943 39015 53471 60440 60459 63967
2918 2920 2948 2955 2961 3009
2967 2968 2987
2973 2974 194124
2978 2980 2981 2982 2983 47006
3005 3007 3008 52143 186457
3042 3043 3046
3056 3057 3064
3093 3095 50066
3102 3105 3118
3110 3111 3127
3115 3122 3123
3134 3136 3137
3139 3141 3151 3152
3140 3145 3146 3147 15378
3148 3149 3172 191115
3153 3157 3196
3160 3161 3164
3204 3205 3228
3221 3222 15616
3223 3224 3422
3225 3226 3227
3229 3230 3232
3251 3267 3316
3255 3260 3270
3276 3277 6190
3281 3282 3284 78228
3289 3290 3318 3319
3323 3324 3328 4422
3343 3344 3377
3345 3347 3348
3375 3376 6182
3394 3447 3607 141037
3467 3470 3471 3543
3480 3481 3483
3509 3510 3518
3512 3513 3516
3519 3521 3541
3540 3549 3656
3552 3571 5106 82183
3605 3606 3609 3619
3628 3629 3631 3633
3647 3650 3661
3653 3660 3679
3674 3677 3697
3682 3684 3686 13808
3688 3690 3691
3694 3695 3702 3713
3696 3698 3699 3700 3703 3705 3709
3710 3711 3712
3737 3739 3741 3747
3751 3753 3762 3858
3754 3759 16180
3760 3763 3767
3768 3769 3770 3772 19221
3794 3796 3797
3816 3819 3830
3828 3829 3833 3834
3831 3835 3846 3860 5573 36142
3849 3850 3851 3853
3856 3857 3859
3889 4963 104442 104449
3913 3919 3927 3930
3914 3915 3937 3961
3972 3973 3974 3976 3979 3997
3980 3981 3985
3999 4001 4004
4000 4005 4012
4018 4022 4023
4021 4035 77727
4040 4041 4042
4043 4046 4048 4956 44154
4106 4198 4199
4114 4117 4122 4127
4115 4139 4201
4118 4120 4133
4124 4148 4541
4129 4130 4131
4137 4140 4144 4150
4141 4142 4143
4152 4155 4158
4154 4156 4157
4162 4166 4167
4163 7677 7685
4177 4181 4975
4210 4213 4217
4214 4556 23907
4215 4216 4225
4218 4221 4223
4252 4253 4273
4255 4258 4259
4274 4275 4276 4277
4283 4284 4287 4299 95812 193173
4286 4300 4323 124102 152566 184339 203229
4291 4292 4293
4340 4341 31811
4347 4348 4349
4363 4395 5001
4373 4374 4375 4376 4377
4441 4442 4443 4446 4451 4459
4475 4476 4478 4482
4479 4480 4481 4490
4494 4500 4501 4502
4506 4507 4510 4536
4511 4514 50960
4521 4522 21648
4540 4543 4544 4545
4557 4562 4567 4591 4596
4576 4587 4589
4603 4606 4608
4610 4613 4617
4622 4625 4626 4689 15784
4630 4631 4632 4635
4654 4658 4659 4663
4679 4690 49767
4693 4695 4701
4696 4697 4698 4699
4706 4707 4716 4723
4717 4724 4726
4721 4722 7681
4750 4752 4753 4758
4760 4764 4775
4777 4781 4790
4782 4784 4786
4794 4796 4800 4804
4810 4816 4819
4814 4817 4818 4826 4831
4839 4841 4842 4854
4859 4864 4997
4884 4886 4887 4888 4895
4906 4907 4908 4909 64804
4936 4937 4939
4965 4966 4977
4968 4969 4970 4979 20073 23052
4984 4985 4988
5014 5015 5016 5019 89193 169212
5022 5024 5126
5038 5039 5040
5061 5063 5067
5071 5141 5144
5107 5108 5117 5118
5131 5137 5150
5146 5147 5151
5160 5161 5164
5166 5170 5171
5211 5214 5215
5222 5223 5224 5227 6049 35312 84742 134302
5233 5234 5235 5248 5249 60156
5236 5237 30988
5278 5279 5280 208919
5302 5314 5412
5332 5335 5339 6270
5333 5337 5342
5346 5347 5348 5349 5358 5371
5365 5366 5370 5399
5385 5386 5387 5388 5389 5392
5390 5391 5433
5417 5418 5419 5429
5422 5423 5451
5432 5439 5442
5455 5456 5464 5506
5460 5461 5463
5468 5472 5518
5487 5489 5491 60136 138769
5525 5532 5545
5588 5589 5591 5598 5604 5616
5602 5605 5606
5634 5635 5643
5666 5667 5670 18124 100934 147632
5744 5745 6185
5761 5790 5800 5810
5774 5775 5779
5780 5782 5804
5815 5829 9077
5834 5837 5844
5859 5861 5870
5887 5888 5889 5890
5903 5904 5905
5926 5968 55777
5989 5990 5991 5992
5995 5997 5999
6031 6032 6041
6035 6036 6043
6051 6053 6061 6062 6064
6108 6109 6110 6113
6115 6116 6426 7484 7500 7541
6117 6118 6127 6144
6122 6126 6184
6145 6147 16055 116842 125402 156899
6150 6221 6753
6158 6163 6166
6191 6219 6233 6355
6197 6202 6216
6246 6260 6263 6264 6273
6252 6254 6282
6297 6298 6299 6421
6310 6313 6334 7683
6327 6328 6346
6368 6369 6380 6388 52518
6383 6384 6396 6397
6387 6389 7881
6395 6398 6399
6417 6418 6425
6468 6469 6516
6474 6475 6478
6504 6506 6533
6507 6509 6511
6512 6515 6517
6526 6528 6542
6539 6541 6545
6577 6578 6579
6607 6610 6646
6647 6651 6652
6673 6680 6699 6719
6691 6692 19143
6697 6702 6706
6698 6703 6704 6705
6713 6714 6715 6716 6717 6721 6722 6791 13717 15130
6731 6732 6733
6736 6738 6739
6792 6794 6819
6834 6835 6849 24669
6840 6841 6842
6859 6870 6873
6880 6884 6935
6883 6886 6888 6890
6900 6902 6941
6912 6915 6916
6961 6973 6978
6962 6965 6966 7097
6975 6982 6990
6996 6997 66383
7023 9992 15901
7031 7037 7041 7071
7036 7043 7054
7038 7040 7046 7048 7049
7044 7045 9209
7060 7062 7063
7077 7079 7082
7080 7081 7085
7087 7089 7090 7099 7138
7093 7094 7098 7115
7147 7150 7161 65123
7156 7157 7158
7186 7206 7231
7205 7467 20766
7233 7269 7272 7844
7239 7240 7241
7249 7250 18271
7301 7304 7306
7339 7340 7371
7350 7353 7356 7372
7359 7362 7366
7390 7392 7394
7429 7434 7436
7468 7469 7532
7504 7505 7510
7515 7518 7554 7555
7573 7576 7587
7600 7612 7623 7630
7603 7607 7627 40296
7622 7624 7628
7647 7649 144671
7652 7653 7731
7660 7661 7664 7670 7671 7676
7689 7692 7693
7741 7743 7744 29473 135879
7742 7896 7954 7971 7991
7753 7769 7776 7842 8066
7754 7755 7756
7773 7774 7778 7783
7785 8203 8223
7906 7908 7910 7934
7924 7925 7929 7930
7927 7932 7933
7956 7965 51789
7983 7984 7986 8014
7985 7989 8085
7994 7996 7997
8011 8026 8142
8028 8114 8131 89524
8033 9460 33925
8111 8149 30134
8116 8120 8122
8119 8121 8189 8352 55326
8128 8130 14326
8172 8188 8192
8182 8199 8200
8351 8356 8366
8374 8375 8377
8379 8394 30400
8456 8457 8458
8461 8591 8652
8492 8494 109434 115779
8496 8497 8498 8500
8504 8506 8508
8511 8512 8518 8523
8514 8515 8566
8533 8536 8552
8580 8583 8622
8599 8600 8607
8618 8619 8620 8626
8627 8628 8643
8680 8681 24946
8700 8704 44050
8708 8710 8711 8722 8725 8735 8737
8747 8748 8751 8769
8752 8753 10878
8771 8772 8773
8774 8775 8788
8790 8796 8868
8828 8836 8875
8869 8892 69621
8885 8886 8888
8917 8919 8920 8922 8925
8938 8942 8944
8978 8979 9217
8994 8996 9001
9011 9014 9025 9065
9015 9016 9023
9047 9056 9060
9109 9115 9146
9124 9125 9129
9143 9144 9157
9196 9203 9204
9197 9200 9431
9249 9253 17673 29079 63045
9265 9266 9269
9268 9292 14998
9293 9295 9296
9302 9303 9304
9306 9309 24468 30480 49800
9352 9354 9432
9356 9359 9360 9361 33569
9406 9407 9408
9441 9442 9446
9494 9497 9499
9518 9525 9537
9587 10015 20519
9638 9639 9651
9662 9663 9668 22019
9689 9691 9705
9746 9770 49410
9759 9760 9794 18110
9762 9764 9774 9796
9765 9773 10027
9798 9799 9800
9829 9830 9831 15048
9852 9856 9868 9881 24670
9953 9954 9955
9962 9965 9977
10005 10006 10009
10034 10035 10037 10038 10040 10042
10057 10058 10060
10113 10114 10134
10146 10147 10162
10167 10170 10180
10199 10202 10206 10221 10231
10208 10210 10243 78826
10215 10219 10220
10277 10280 10281 10283 10284 10287 10289 10294 10297 10300 10302 10303 10314 10319 10333 23413 23424 77549
10383 10387 10389
10396 10398 10420
10409 10416 10422
10474 10475 10476 10477 10488
10492 10495 10503
10496 10498 10549
10535 10538 10539 10541 10583
10587 10588 10589 10591
10655 10656 10661 10669 14936
10657 10660 10663 10891
10694 10695 10696 10706
10716 10717 10718 10764
10729 10730 10731 10754
10776 10796 10834
10818 10819 10820 132381
10852 10890 10897
10873 10874 10887
10901 10902 11030
10931 10967 10969
10950 10955 10957
10952 10958 18454
10975 10978 10979
10990 10992 11494
10991 10993 11003
11005 11007 11008
11031 11042 124376
11032 11033 28151
11043 11052 11054
11046 11055 17337
11101 11105 11188
11124 11125 12194
11233 11234 16837 29758
11292 11293 11294
11341 11346 133453
11396 11460 25345 154362
11405 11406 11408
11430 11434 11435
11444 11445 11449
11475 11476 11477 93648
11527 11528 11529 11987 35363
11531 11532 11949
11631 11632 11640
11638 11639 11751
11657 11659 11663
11664 11667 11668 11669
11670 11671 11673 11675
11697 11698 11699 11700
11701 11702 11703
11719 11729 11732
11758 11761 11764
11806 12175 37646
11893 11895 11916 163668
11906 11914 12013
11912 11915 11917
11925 11929 11930
11956 11958 11959
11962 11963 11964
12024 12026 12027
12061 12062 119770
12080 12088 13091
12082 12083 12085
12150 12151 12159
12185 12186 12188
12250 12254 12265
12258 12305 12312
12271 12275 12278
12337 12405 12461
12376 12380 12382
12388 12398 12423 13610
12437 12443 76464 133939 133943
12453 12454 12456
12474 12493 12495
12512 12513 12514
12564 12566 12568
12569 12570 31743 192218
12580 12582 12587 12625 15439
12581 12591 12604
12596 12603 62041
12611 12612 12613 56673
12619 12620 12670
12650 12653 12680
12655 12656 12658 12659
12698 12701 12714 12718
12715 12719 12744
12739 12745 12805
12769 12770 12771 12772 12773
12779 12780 12781 12782
12809 12813 12815 12973
12810 12811 12868 12956 12957
12913 12914 12915
12941 12943 12945 12946 12947 20536 50443
12977 12978 13036
12991 12993 23831
13075 13076 13077 13081
13083 13090 13119
13093 13101 13108
13112 13114 13115 13116 13117 13286 51169 61644
13118 13120 13121
13167 13168 13184
13190 13191 183156
13243 13247 13249
13349 13351 13360
13455 13456 13459
13468 13477 44412
13470 13472 13517
13518 13519 13520
13522 13775 129019
13523 13524 23709
13600 13601 13608
13650 13652 13653 13655
13668 13669 13670 13671
13698 13700 159923
13703 13705 13706 13711 41483 180382
13730 13737 13961 34345 107407
13742 13751 13829 106441
13744 14107 14140
13757 13758 13763 13764 13814
13840 13841 13843
13851 13853 13864 13868
13859 13862 13863
13882 13887 13888
13891 13892 13915
13911 13912 13914
13931 13938 14062 14250
14047 14049 14050 14051
14155 14159 14165
14172 14175 14211 15161
14246 14287 15934 125893
14327 16328 17582
14372 14375 14380
14388 14399 14400 14408 14885
14402 14412 14419
14418 14420 14421
14490 14492 14509
14511 14512 14513
14535 14537 14546
14544 14548 14558
14565 14581 14586
14570 14571 14574
14600 14601 14609
14661 14671 14672 129926
14730 14731 14734 14837 14860
14740 14741 188809
14757 14759 14763 14765
14774 14853 14854
14775 14776 14850
14789 14808 14812
14791 14792 14798
14864 14870 14871 14873
14875 14876 174858
14989 14994 14995
14996 14999 15022
15063 15064 15065
15108 15111 15159
15186 15187 15192 15196
15199 15202 15211
15231 15233 15239
15241 15248 15252
15250 15251 15254
15276 15279 73354
15312 15313 15314
15326 15327 15328 25839
15335 15365 133946
15342 15343 15344
15350 15368 90484
15371 15375 15406
15388 15390 15391 15392 15442
15403 15405 15416
15463 15465 15466
15506 15508 15554
15530 15534 107119
15531 15532 15533 15542
15572 15574 15575 15578
15583 15584 15585
15595 15601 15629
15632 15633 15634
15682 15688 15691
15720 15722 84653
15729 15731 15733
15730 15739 55313
15846 15848 15872
15859 15861 15866
15860 15865 15867
15878 15880 15881
15906 15907 15971 15990
15994 15997 15998
16002 16010 16841
16127 16128 61474
16201 16394 16415
16208 16210 16217 30038 111681
16211 16242 16765
16372 16373 16376
16397 16403 16410 16441
16433 16434 19063
16436 16443 16445
16461 16466 36948
16484 16487 16488
16493 16494 50543
16554 16555 16559 16678 83005
16587 16593 16600
16612 16613 16836
16616 16618 16621 16623 16629 16630 16634 16638 16644 16707
16725 16728 16734
16763 16766 16768 16769
16809 16815 16822
16846 16853 16881
16875 16911 42932 127813
16884 16886 17637
16895 16897 16906
16956 16957 16958
16969 16972 16973 16981
16993 16996 17478
16999 17017 17019
17030 17032 17036
17057 17146 118001
17069 17070 17071
17092 17094 17098 17118
17103 17105 17108 17115 17205
17197 17199 17268 45381
17217 17219 17282
17265 17308 17424
17267 17269 27096
17277 17278 17298
17302 17562 17697
17339 17340 17343
17367 17369 28646 53172 86536 123847 157671
17398 17399 17400
17431 17434 18134 18335 103814
17439 17441 17447 17451
17529 17532 17557
17533 17534 72807
17615 17617 17620
17653 17658 17659
17691 17699 248930
17711 17714 17715
17761 17763 17764
17790 17791 17792 17798
17808 17810 55893
17853 17854 17855 17895 24115
17893 17894 31262
17904 17903 17915
17921 17922 18087
17926 17927 17992
18024 18027 18028
18042 18047 18049
18059 18062 54334 188123
18208 18210 46082 49150
18215 18216 18218 75198
18239 18242 18245
18300 22295 22500
18315 18441 24102
18339 36308 46094
18372 18373 18375
18399 18401 18406 18412
18433 18438 18544
18463 18464 18467
18495 18537 18553
18593 18594 18598
18610 18611 18616
18637 18730 18738 18746
18664 18694 18695 44472
18669 18673 18674 18676 18683 18684
18700 18702 18703 18704 18734
18864 18896 18972
18877 18878 18893
18887 18889 18892
18934 18935 18941
18943 18944 18945
19077 19079 19080
19111 19112 19113
19130 19132 19249
19135 19137 19139
19159 19161 19162 19163
19164 19170 19181
19165 19168 19302 65162
19240 19256 19263
19242 19257 19286
19291 19301 19374 172684
19344 19346 19349 19353 19359
19360 19365 19366
19456 19458 100683
19491 19497 19522
19525 19526 60861
19544 19545 19563
19564 19565 19566 19567
19632 19641 24279
19670 19673 19676
19719 19720 19722 44562
19749 19750 19775 189348
19870 19871 84730 116498
19894 19898 19957
19912 19925 19931 20051 20094
19924 19941 36342 63375
19959 19961 19963
20068 20069 101813
20070 20071 20072
20099 20234 20280 20318
20117 20118 20334
20145 20146 211439
20217 21619 24904 140477
20275 21829 21842
20283 20290 20294
20335 20336 20337 20338 20340 20344 20346 20348 20354 20357 20367 20368 20373 20379 54467
20355 20358 98005
20410 20412 20415
20416 20417 20418
20419 20492 20494
20455 20456 20457 20459
20499 20500 20501 20502
20566 20568 20578 99290 132936
20583 20584 20585
20619 20621 20632 20633
20706 20707 21599
20714 29534 122318 132867
20734 20735 20741 203639
20759 20761 20763 28596 31022 31518
20832 20845 20851
20867 20869 20889 37533
20959 20960 20961
20973 20975 97423
20974 20981 21496
21014 21027 21029 21507
21031 21032 21033
21044 21066 21131
21065 21069 21139 21140 35264
21075 21090 21351
21087 21095 29694 68944
21152 21153 21154 31416 36664
21181 21188 28495
21186 21187 21417
21189 21192 21193 21194
21220 21265 102812
21226 21228 21231
21302 21303 243782
21319 21320 21321 21324
21342 21345 21508
21414 21415 72285
21426 21442 176612
21434 21437 21438 121087 121091
21443 21444 21581
21480 21484 21493
21483 21486 21489
21542 21557 21560 21561
21567 21573 21584
21587 21592 21596 119859
21650 21651 21652
21724 21726 21743
21749 21751 21801
21779 21783 207878
21837 21859 103459 128128
21895 21900 21921 64718
21897 21901 21907
21913 21934 21989
21925 21927 22024
21962 21963 21964
21965 21966 21982
22002 22003 22011
22026 22033 22034
22067 22078 22083
22148 22154 22156 22157
22189 22190 22198
22250 22252 22275
22362 22368 22420 22428 211578
22385 22386 22395 22396
22459 22468 22473
22460 22477 22484
22512 22513 22571
22638 22639 22640
22697 22698 22699
22726 22732 22792
22771 22776 22777 22780
22779 22784 22786
22799 22800 22801
22803 22805 22810
22809 22812 22830
22833 22834 22848
22909 22915 22948
22962 22965 22968
22979 23002 23007
22989 22993 22994
23036 23037 23046
23041 23043 23044
23053 23054 23055
23058 23061 23063
23068 23074 23118
23124 23125 23175 23500
23129 23130 23131 23132
23135 23136 23139
23147 23153 23209
23163 23166 23167
23192 23193 23198
23203 23204 23205
23259 23263 197412
23265 23268 23269 49533 62638 127529 190852
23280 23282 23284 23288 23294
23305 23306 29204
23335 23337 25752
23355 23356 23357
23371 23373 23374
23399 23421 109271
23456 23460 62599
23465 23466 23470 23510
23467 23471 23598 23605
23475 23522 23531
23509 23511 23716
23532 23546 23550
23547 23548 23549
23566 23573 23597 57281 57317 77014
23637 23641 23702
23704 23706 23707 135852
23718 23719 23725
23747 23748 23760 129350
23772 23774 23811
23782 23791 23792
23786 23790 23812 23816
23794 23804 23875
23879 23884 23893 23933 99292
23908 23909 23910
23983 23989 24043 98233
24014 24022 156230
24091 24094 24131
24165 24171 24176
24280 24286 24389
24326 24343 24835
24386 24392 24396
24410 24419 24501
24496 24497 134183
24507 24508 24513
24518 24850 169379
24531 24541 62997
24583 24584 24585
24617 24618 24655 24668
24711 24713 24726
24714 24719 24720
24748 24755 24763
24758 24759 24760
24774 24775 79974
24832 24841 24848
24883 24884 24889 144814
24894 24895 24899
24937 24939 24940
24991 24993 24995
25047 25060 25115
25103 25104 25131 59364
25124 25125 25504
25161 25186 25247
25177 25189 25598
25226 25241 25396 47411
25291 25294 25316
25304 25308 25375
25305 25306 25307
25382 25386 25393
25425 25426 25427 25428 25462
25448 25453 27048
25461 27050 27126
25472 25480 29823
25513 25520 27065
25531 25532 168999
25627 25631 25633 25711
25642 25644 28799
25667 25668 77472
25683 25687 25689
25730 25732 25740
25809 25813 25818
27045 27047 27187
27100 27105 27107 27132
27153 27156 27159 27172
27255 27257 54164
27265 27269 27270
27310 27331 27393
27328 27341 27427 60920 91354
27383 27389 27390 27391
27450 27451 27452 27629
27467 27470 27491
27477 27479 27505
27558 27565 27572
27637 27859 28918
27659 27660 27669 27680
27725 27726 27791 28300 110789
27732 27733 27745 72139 150670
27759 27769 27779
27879 27880 93699
27893 33616 33622
27949 27951 27952
27950 27953 27960
28055 42936 43057
28187 28189 29379 64417 83138 229407
28213 28215 28217 51255
28326 28327 28328
28360 28361 28399 28470
28370 28372 98709 98840
28406 28407 28408
28431 28432 28436
28459 28461 132848
28512 28513 28527
28544 28550 28940
28584 28586 28587
28730 28733 28734 28764
28751 28760 30376
28801 28805 78532
28926 28927 137806
29055 29057 29058
29064 29065 29069
29116 29118 29122 29125
29194 29210 29275
29284 29296 29299
29289 29295 29331
29309 29313 29314
29328 29329 29330
29352 29356 29357
29363 29368 29374
29403 29404 29458
29415 29417 29418
29468 29472 30006
29489 29492 29564
29522 29526 29600 51522
29532 29538 29547
29543 29545 29549 29556 142377
29544 29553 29555
29596 29598 29604
29613 29614 160390
29636 29638 31589
29668 29669 29670
29712 29713 29719
29723 29725 29726 29728
29767 29773 165867
29775 29858 29861
29801 29802 29803
29829 29830 48296 72800 179587
29903 29904 29938
29913 29929 29942
29961 29964 68349
29963 29974 29983
29985 29987 29991
30019 30048 30052
30061 30063 108959
30091 30093 30097
30119 30122 30123 30125
30210 30214 30215
30317 30320 30324
30374 30377 30412
30383 30384 30598
30477 30679 30919
30551 30607 30641
30609 30636 65913 135902
30621 30627 30791
30626 30639 58449
30637 30640 45260
30692 30693 30694
30696 30698 30699 30700
30734 30737 30740
30787 30793 31096
30788 30790 30801
30824 30837 30840
30862 30874 30947
30932 30934 30955
31018 31019 31024
31045 31047 31052
31087 31092 31098
31104 31105 31109 226051
31348 31359 72801
31366 31369 31372
31368 31371 31373
31378 31379 31386
31383 31384 196133
31460 31461 31464
31511 31512 31513
31514 31517 31524
31561 31565 31580
31593 31595 31601
31701 31716 35190
31720 31721 31722
31752 31766 31791 36868
31773 31778 31779
31805 31806 31807 31810 31850 31851 31856 33060 135692
31823 31824 91221
32906 32907 32908
32919 32921 32941
32975 32984 32988
33021 33022 33023
33074 33076 33078
33085 33089 33090
33196 33198 33220
33285 33291 33292
33297 33303 33305
33319 33322 33339
33333 33336 33341
33357 33358 33366
33448 33451 33452
33553 33558 33584
33561 33562 33591
33564 33565 33567 33568
33596 33597 33604
33624 33627 33707
33669 33694 34696
33698 33727 33731
33700 33702 177586
33703 33704 33705 78858 89957
33737 33739 33740 33743 33744 33747
33760 33767 33791
33894 33900 34002
33937 33958 33963 108784
33943 33959 33960 74578 187898
34047 34052 217503
34079 34082 59091
34132 34134 80680
34136 34142 34218
34151 34154 34155
34173 34178 34192
34313 34317 34327
34356 34357 34361 34409
34358 34359 34372 34404
34381 34383 34384
34484 34485 34486
34525 34537 34645
34603 34840 34861
34633 34634 34635
34730 34731 34733
34754 34755 34761
34765 34771 34786
34766 34774 61743
34947 34948 34950 34953 176486
34955 34958 34960
34976 34978 146953
34979 34986 34987
35015 35016 35028
35081 35083 35104 81004
35177 35178 35180
35182 35185 35187
35219 35242 35319 35359
35225 35227 188318
35271 35272 35273
35277 35281 35286 35295
35292 35313 189205
35316 35317 84144 147264
35325 35326 35337
35327 35328 35331 35336
35380 35389 35398
35424 35466 41101
35459 35460 35464 35470
35480 35482 35486
35497 35510 35518
35500 35503 35504 37604 37607
35529 35531 35615
35565 35571 35624
35579 35580 35586
35596 35597 35598 35636
35616 35626 97380
35755 35795 35797
35812 35813 35823
35821 35826 122340
35847 35849 35854
35893 35895 35904
35910 35912 35914
35932 35933 35934
36056 36059 36060
36073 36079 36080
36081 36089 36116 88806
36163 36174 61685
36244 36247 36253 36307
36345 36347 130435
36432 36501 43741
36522 36525 36538 36578 68112 78629 209688
36539 36542 36614
36603 36606 36624 36725 36773 36807
36612 36613 89893
36815 36816 36817
36828 36829 118105
36870 36872 36874
36875 36877 36878 36882 74579
36917 36918 36922
36943 36947 36952 36957 36960
36979 37068 156684 218969
37014 37017 37021
37034 37095 138270 185285 226481
37038 37040 37049
37058 37059 37062
37149 37152 37183
37162 37175 37432
37252 37254 37257 37267
37280 37285 37300
37354 37356 37357
37363 37365 137283
37379 37380 37382
37427 37431 37455
37491 36996 37493
37557 37558 37569
37600 37601 37661
37609 37610 37615 37616 37657
37627 37628 37630
38708 38712 38715
38722 38725 38726
38758 38764 38766
38793 38799 38804 38810
38803 38805 38822
38808 38811 39108
38992 38995 38997
39058 39065 39080
39081 39513 68777
39128 39139 39145
39239 39243 39320 208069
39344 39346 39347 190338
39421 39423 39439 64418 114628
39572 39573 98288
39589 39599 40288
39596 39597 39607
39611 39624 39632
39652 39696 39710 39998
39689 39691 39698 39699 159886
39703 39705 39708
39815 39819 39821
39833 39836 39837 39838 39839 39842 39858 39860 40234 40261 42652 42653
39844 39848 39849
39936 39937 39951 39953
39968 39969 39972
40045 40051 40054 57114 127668
40141 40147 40194
40221 40223 40224
40272 40275 40278
40280 40281 40283
40373 40374 40375
40441 40614 63935
40481 40482 150546 162271
40488 40491 40517
40492 40494 40495
40516 40577 68079
40567 40574 40598 40607 40693
40580 40585 40858
40656 40672 146234 219988
40673 40674 40678
40703 40704 40706
40738 40753 40763 195601
40830 40831 41867
40833 40836 40837
40980 40986 65807
40987 40991 50029
41067 41068 41082
41215 41220 41222 41227
41223 41225 41259
41239 41247 41286
41343 41345 41346
41413 41536 41562
41476 41478 41522
41574 41611 41682
41577 41584 41654
41608 41609 41635
41709 41715 41719 41762
41754 41758 41776 42650
41765 41767 41769
41854 41856 41860
41938 41956 41977
41961 41976 41997
42180 42187 42189
42214 42220 42221
42290 43128 43142
42532 42542 42551
42539 42543 42548
42553 42554 42555 42567 42568
42561 42566 42576
42721 42724 42737
42837 42838 42850 58746
42889 42890 42898
42998 43018 43020
43099 43101 43103
43254 43256 43261
43352 43353 43356 43364
43452 43455 43486
43457 43460 43463 43464
43490 43491 43492
43580 43581 43582
43632 43635 43636
43772 43773 43774 43806 44002 44117
43802 43804 43808
43812 43817 93551
43823 43824 43831 43833
43854 43867 44152
43910 43911 43918
43937 43947 151093
44084 44085 44098 152011
44188 44190 44273
44498 44519 44532
44507 44510 44591
44533 44537 44538
44585 44590 44605
44657 44663 145245
44764 44766 112353
44784 44788 44789 44791 44822
44785 44786 44800
44796 44797 44798
44908 44912 44913
44956 44958 44962
44992 44993 44994
45087 45106 113099
45095 45096 45097
45137 45152 66068 138148
45179 45180 45189 45218
45296 45298 45299 45300
45302 45307 45319
45461 45462 45468
45579 45581 45582
45589 45590 45591
45655 45656 45669
45665 45667 53239
45708 45709 45710
45712 45713 45715
45846 45849 45850 45853
45870 45945 46306
45876 45879 81140 121438
45926 45927 45928
45934 45955 55037
46009 46010 46012
46011 46013 46040
46074 46099 46110
46102 46107 46119
46125 46139 78027 210599
46127 46147 46148 46155
46273 46277 46284
46289 46292 46302
46373 46376 46378
46408 46409 46457
46410 46413 46415 46477
46486 46516 46555
46577 46590 46612
46672 46678 46679
46870 46872 185888
46942 46944 46946
46957 46959 46961 46993
46980 46981 46982
47025 47026 47036 57358 151151
47046 47048 74498
47051 47052 47079
47058 47061 47066 196773
47098 47106 47107
47127 47133 47151
47186 47187 47188 47192
47237 47238 47242
47266 47270 47271 47273
47267 47284 47324 47333
47295 47339 47365
47304 49227 78745 86077
47345 47352 47362
47356 47358 47366
47357 47364 47382 47494 47725
47402 47415 47437
47431 47434 47435 81935
47444 47446 47455
47545 47546 47577
47842 47846 72894 80205
47861 47862 47863
48011 48012 48015
48055 48068 48069
48072 48085 48104
48108 48112 48117
48166 48189 73760
48365 48367 48572
48390 48416 123551
48405 48412 48414
48408 48417 48431 91809 133356
48458 48469 48472
48462 48487 48489
48525 48527 48532
48537 48540 48548 107730 108790 157503
48580 48584 48639
48630 48632 48633
48643 48647 48648 48657
48705 48706 48780
48731 48734 48736
48760 48765 195530
48872 48875 48936
48898 48901 59508
48899 48950 52346
48923 48929 48938
48991 48996 217635
49140 49141 49147
49385 49386 49453
49398 49401 49404
49744 49775 49781
49757 49765 49770
49803 49875 49876
49947 49949 49970
49984 49985 50010
50016 50032 50044
50076 50079 50081
50127 50130 50131
50231 50239 50242
50355 50367 155819
50391 50445 50448
50652 50653 50657 50668
50664 50673 51014
50708 50709 50710 184640
50727 50728 50765
50741 50744 50745
50797 50798 105605
50826 50829 131306
50837 50839 50854
50867 50868 50869
50906 61989 108563
50951 50952 50954
51155 51156 51157
51215 51217 51218
51219 51221 51222
51340 51341 51419
51349 81489 139186
51440 51443 171619 212272
51524 51534 51607
51945 51946 51948
51970 51973 51975
52005 52011 52161
52129 52297 52326
52244 52247 52252 52255
52314 52316 52386
52317 52328 52539
52358 52362 52370
52492 52497 52499
52517 52531 71201
52632 52650 53095 53705 166629
52641 52642 54979
52698 52700 52701
52766 52906 118681
52826 52889 52904
52828 52831 52833
52845 52859 52883
52929 52930 77098
52968 52985 52991
53085 53087 53089
53105 53107 124931
53151 53152 53155
53201 53395 58207
53462 53463 53487 53668
53726 53733 54002 55254
53815 53816 53817 53827 53941
53995 53996 54003
54059 54060 54063
54149 54154 64620
54261 54262 54264
54283 54289 57121 117094
54318 54326 142879
54377 54381 55595
54403 54404 54405
54608 54624 83230
54893 54905 54907
54943 54944 55039
54954 54956 54957 54966 54991
55019 55044 89302 133243
55198 55202 55203
55327 55328 55330
55363 55364 55401
55368 55374 55378
55383 55385 55408
55498 55499 55501
55550 55551 55563
55568 55569 55575 55579 55602
56023 56034 56035
56045 56067 56082
56096 56098 56104 107834
56130 56143 56159 56199
56304 101904 193213
56374 56443 56727
56482 56492 56796
56494 56497 56506 137128
56527 56547 56556
56616 56625 121113 174255
56804 56806 56828
56844 56846 56912
56876 56877 56878
56893 56962 56963
56897 56901 190979
56930 56931 56948
57058 57059 109230
57418 57422 171575
57445 57446 57453
57723 57724 114310
57785 57788 57809
58214 58246 168752
58284 58292 58293
58308 58310 58311
58312 58332 78670 94242 170921
58341 58363 58375
58455 58456 58466
58772 58910 63259
58888 58889 58890
59000 59016 59712
59006 59021 158003 215563
59062 59064 59065
59128 59132 59136
59170 59176 59231
59193 59196 59814
59447 59464 59484
59472 59479 59489
59509 59515 59542
59770 59773 59793
59776 59787 59792 59808
59840 59842 59885
59916 59947 59973
60108 60121 60127
60129 60130 60142 60300 139189 188538
60179 60180 60181
60342 60348 60357 60378
60449 60450 62737
60465 60541 116128
60480 60481 60483
60590 60592 60594
60651 60655 60661
60777 60795 60796 60875
60789 60792 60800
60837 60866 60867
61163 61164 61230
61212 61225 61229
61246 61249 61254
61293 61295 224470
61520 61551 61552
61616 62005 71165
61633 61637 61640
62029 62035 149844
62051 62052 84077
62129 62131 62476 129743
62144 62159 62162
62165 62166 62300 191736
62208 62210 62219 62220 62225
62500 62502 62725
62576 62596 62759
62598 62601 62616
62660 62663 62728 131437
62812 105933 144876
62884 62903 81699
62976 63295 159525 185030
63131 63154 63160
63138 63141 64097 64099
63255 63260 84039 103326
63506 63514 63535
63553 63554 63587 64010
63641 63643 122125
63661 83782 159899 165813
63676 63677 63679
63681 63685 172734 213127
63825 63828 63841 63853
64013 64015 64016
64084 64086 112434
64256 64257 64343
64270 64271 64336
64727 64735 64739 64872
64876 69214 84263
65142 65143 65151 65184
65257 65259 65260
65262 65264 65265
65351 65354 108756
65609 65614 66670 67832
65922 65924 65927
66014 66018 66022
66118 66128 66136
66249 66251 66261
66387 66394 66402
66471 66506 84104
66553 66561 66562 66565 66629
66616 66617 66651
66741 66753 66755 66761
66840 67833 159499
67852 67853 84740
67875 67878 68114
67985 67987 67988 67992 108760
68077 68085 68087
68089 68092 132709
68150 68151 68193
68264 68265 68281
68266 68267 74313 165923
68639 68642 68655 68658
68700 68701 68703 68732
68771 68832 149561
68991 68995 135661
69043 69047 69049
69081 69083 69090
69354 69359 69378
69361 69364 69389 69397 69403 69544
69467 69468 69470
69655 69658 146086 200240
69656 69664 87587
69953 71405 71408
71393 71407 71440 155686
71596 71614 71785
71608 71612 71633 71634 71701 71703 71728
71852 71854 71860
71961 71984 72526
72083 72084 72101
72134 95924 191033
72330 72338 197530
72358 72380 72381
72493 72494 72556
72641 72642 72656
72750 72763 72766
72770 72775 72919 120693 226944
72816 72819 72837 126049
72858 72866 72873
72864 72865 72871
72974 72975 73297
73226 73228 73236
73635 73637 73698
73680 73682 73689
73711 73717 73721
73826 73835 73919
73850 73862 166808
73921 73923 73924
74283 74285 74296 74298
74306 74307 74347
74343 74344 74348
74457 74467 74539
74461 74464 74466
74517 74576 194850
74627 74634 74635 100681
74679 74682 74685
74752 74763 74766
74773 74775 74811
74879 74887 74892
75091 75150 75241
75142 75147 136258
75214 75221 114599 161963 171580 209337
75335 75336 75337
75408 75419 75438
75439 75493 108259
75451 75453 75461
75550 75557 75558
75821 75823 75829 76080
75876 75886 75905
75894 75898 75939
75990 75993 75997
76021 76022 76049
76038 76039 76072
76091 76436 76451
76130 76132 76545
76207 76213 76214
76273 76274 151144
76302 76304 76309
76375 76379 126104
76628 76761 124046
76788 76789 152383
76802 76910 123468
76834 76838 76897
77247 77414 125737 127517 136815
77298 77302 77856
77376 77377 77387
77402 77407 77420
77489 77490 77492 77585
77560 77570 77587
77639 77642 77653 77682
77664 77669 77671
77894 77895 77908
77935 77939 77940 77944
78061 78077 78089
78196 78203 78348
78242 78247 78252
78265 78275 78303
78323 78332 135701
78341 78345 78622
78564 78574 167064
78569 133123 150071
79980 80605 80722
80140 108070 108245
80264 80266 80272
80374 80377 80383
80514 80515 80516
80618 80628 80634 80642
80695 80697 80699 80704
80710 80711 80713
80817 80826 143433
80951 81130 81155
81011 81038 81161 137967
81035 81036 81053
81065 81067 81079 81124
81094 81180 81264
81245 81246 81253 82059
81277 81288 81290 90936
81310 81713 81718
81311 81312 81329 168625
81369 81371 81373
81388 81389 81390 81391
81460 81461 81513
81552 81553 81555
81595 81596 81597 81599 81601 81611
81607 81618 81638
81631 81632 81658
82000 82002 82015
82094 82097 122032
82161 82163 157663
82304 82305 82306
82414 82675 172784
82573 82575 82590 82645
82604 82637 82677
82824 82825 82830
82921 82932 119177
83125 83187 83385 143041
83164 83233 126176
83421 83841 83928 84106
83984 84002 122317 175399 192478
84090 84094 84101
84204 84208 84209
84297 84302 84304 84422 84423
84333 84341 84352
84434 84435 84436
84607 84609 84619
84801 84858 114858
84833 84843 84847
86263 86265 86278
86274 86275 86378
86312 86314 86348
86313 86319 86324 86365
86383 86384 86530
86415 86416 86418 86421 86765 86781 86992
86432 86434 86440
86526 86527 86532
86596 86597 86598
86636 86649 86653 130102
86724 86726 86727 173933
86779 86795 87178
86802 86807 121881
86855 86857 86862
87122 87125 87128
87145 87184 87219
87300 87335 87340
87317 87319 87322
87330 87332 87433
87355 87362 87365 87441
87435 87437 87439
87467 87475 87476 87477 87498
87692 87693 87698
88794 88803 88807
88942 88945 142492
89031 89032 89040 89041 151853
89670 89675 89872
89676 89677 89722
89760 89813 89830
89815 89817 89819
90033 90034 159995
90137 90153 90182
90258 90319 239286
90354 90359 90504
90482 90495 106090 147827 160311
90858 90862 90871
91223 91224 91227 91235
91247 91254 91539
91338 91351 91371
91388 91390 91393 91396 91416 91444
91509 91510 91599 91636
92117 93662 93874
93510 93514 93522
93588 101177 123168
93823 93844 93858
94545 94602 94741
94552 94554 147373
94717 122945 123006
94887 94972 131714
95425 95522 95787
95595 95596 95597
95600 95613 95616
95646 95648 95691
95740 95836 112834
96000 96010 96062
96039 96041 204623
96245 96247 96249 96252
96331 96332 96335
96346 96365 141399
96556 96563 153949
96743 96848 97032
96917 96920 107689
97171 97175 97185
97470 97476 97477
97738 97750 97751
97773 97786 97810
97781 97784 97788
97898 97913 97915
98529 98530 98558
98553 98560 98564
98575 98588 99049
98745 98750 98751
98949 98951 98965
98954 98969 99080
99317 99343 99344
99326 99332 99336
99334 99340 99342
100643 100646 100754
100665 100669 100674
100749 100752 100782
100899 100905 100907
100965 100976 101010
101211 101214 101217
101917 101924 101936
102066 102100 136747
102208 102209 134123
102292 102295 103194
102370 102373 102377 150575
102463 102480 102498
102492 102494 102501
102605 107164 150441
102620 102624 158300
102677 102701 102702 102705 102743
102745 102747 102750
102903 102909 102977
103273 103285 103286
103402 103424 103661
103625 103626 187244
103688 103693 103696
103815 103816 103827 103829
104172 104176 104195
104192 104193 104194
104378 104395 104708
104421 104422 104423
104460 104462 104464 104484
104565 104566 104567 104571
104573 104577 104586
104596 104600 104609
104898 104900 104901 104902
104987 104992 105092
105023 105029 132883
105195 105224 105380
105386 105387 105451
105431 105432 105452
105443 105444 105445
105461 105465 105466
105525 105527 105528 108863
105537 105546 105727
105965 105966 106174
105999 106002 106003
106001 106007 106045 106125
106014 106193 138144
106037 106051 106055
106126 106180 106218
106264 106267 106268
106539 106543 106549 106573 112109
106632 106640 106669
106762 106767 106770 106772 108902
106795 106809 106811 106914
106898 106901 106905
107078 107084 107085
107096 107111 107195
107238 107243 107244 148568
107475 107476 107481
107549 107590 107646
107556 107559 146412
107597 127871 128385
107669 111212 168618
107744 107751 107779
107820 107821 111167 127784
107947 107952 107953
108129 108130 108926
108210 108212 108336 108350
108266 108269 108273
108287 112947 112956 112962 112986
108290 108330 108349
108710 108895 155093 243139
108952 108960 109153
108975 108977 156607
109078 109086 109142
109210 109226 109237
109377 109385 140758
109392 109395 109396
110460 110463 110470
110774 110777 110861
110781 110783 110802
110880 110882 110909
110911 110935 110944
110916 110922 110925
110949 110952 110953
111013 111032 111033
111095 111102 111104
111187 111200 134427
111223 111274 111293
111258 133334 155687 156351
111334 111337 111349
111335 111336 111338 111344
111347 111352 111353
111419 111425 111427
111462 111471 111639
111477 111478 111481
111487 111494 111497
111897 111899 111911
112090 112029 116258
112094 112103 112105
112167 112169 112170 112194 232299
112179 112301 216386
112408 112420 112497
112424 112868 112873
112576 112632 112733
112810 112812 112897
112876 112884 112899
112992 112999 113000 113011
113122 113160 114281
114260 114264 114266
114332 114385 210157
114337 114361 114940
114360 114369 114371
114376 114382 114384
114403 114424 114481 114702 114941 115069 159592
114503 114505 114506 114507
114555 114558 114559
114580 114586 114738
114665 114669 114670 114676
114774 114825 114868 114917
114850 114855 114878
114856 114913 114926
114902 114905 114906
115136 115855 115881
115175 115184 115330
115201 115202 115204
115270 115277 115319
115338 115839 128183
115339 115341 115345
115391 115399 115407
115461 115469 115619
115621 115638 115651
115765 115776 115792
115913 115925 115929
115943 115945 115947
116054 116091 167524
116142 116144 116159
116240 116241 116251
116280 116318 134598
116330 116331 116583
116347 116348 116349 116351
116361 117073 149487
116365 116383 116392
116368 116370 116556
116494 117320 117331
116521 116523 116524
116552 116725 116876
116615 116633 116635 116645 116650
116731 116734 116742
116747 116751 116757
116965 116967 117051
117036 117037 117044
117146 117152 117153 117162 117207
117193 117200 117201
117306 117468 117899 185362
117391 117395 117397 117450
117469 117524 117598 117620
117484 117487 117490
117567 117572 117573
117734 117737 117743
117740 117744 117801
118057 118062 118083
118158 118160 118162 118163 118198
118178 118183 118214
118331 118337 118338
118452 120211 141433
118458 118460 118463
118492 118496 118497
118649 118650 118651
118729 118731 118839
118737 118741 118848 122424
118823 118824 118828
118880 118884 118886
119621 119656 124733
119865 119869 119876
120060 120074 120090 120092
120064 120068 120075
120488 120491 120496 120497 120645
120635 120636 120637
120756 120775 127340
120945 120946 234752
121034 121035 121061 121062 181998
121160 121170 130608 150893
121208 121235 122196
121236 127805 155122
121370 121377 121378
121804 121814 121876
121877 121880 121883
121982 121985 121986
122262 122296 122374
122582 122584 122586 122587 122588
122623 122624 223124
122666 122672 122674
122707 122709 122711
122756 122762 122766
122823 122830 153198
122926 122929 230987
123327 123334 123364
123664 123667 123668
123863 123864 201582
123969 123973 123982
123978 124007 124053
124082 124083 124124
124204 124205 124206
124785 124786 124788
124847 124857 124863
124896 124897 124898
124947 124948 124950
124949 124952 124972
125069 125072 125075
125171 125173 125174 125181 125212
125190 125192 125441
125198 125201 125211
125251 125259 125267
125272 125277 125280
125279 125284 125285
125300 125304 125305
125308 125316 125344
125399 125400 125403
125422 125423 125426
125494 125548 125556
125504 125512 125513
125617 125618 125619
125771 125780 125798
125850 125851 125980
125885 125909 125913
125886 125887 125902 173884
125915 125920 125942
125985 126624 126656
126003 126047 201564
126030 126040 126043
126095 126196 175130
126127 126136 126144
126154 126200 164449
126235 126239 126314
126246 126255 126310
126446 126447 126455
126495 126496 126516
126604 126611 126669
126632 126652 126678
126846 126849 126850 127320
126852 126855 126856
126871 126875 127283
126969 126972 126973
126996 126998 126999
127083 127087 127089
127158 127159 159288
127221 127225 127227
127303 127310 127311
127316 127317 127335
127405 127406 127411
127537 127542 135413 181867
127613 127614 127616
127617 127618 127621
127639 127642 127644 127675 127810
127737 127747 127748
128314 128316 128317
128348 128353 128361
128424 128460 128480
128433 128434 128446 128469
128474 128475 128477
128535 128538 128541 128558 128923
128914 129088 129431
129090 129102 129137 129152
129358 129370 129377
129504 129512 129515
129522 129591 129657
129659 129683 129721
129694 129709 155649
129747 129752 129759
129751 129755 129780
129785 129786 129787
129827 129881 135024
129854 129857 129858
130018 130022 130232
130028 130031 130032
130141 130162 130163 130176
130321 130355 130703
130392 130408 131278
130399 130406 130407
130441 130444 130461 130477
130606 130639 130642
130659 130661 130669
131204 131213 131214
131310 131323 131924
131350 131353 131371
131400 165663 166322
131634 132117 144559
131759 131766 131769
131801 131804 131806
132029 132035 202564
132155 132158 132159
132170 132171 132200
132293 132298 132436
132437 132445 132461 132612
132673 132674 132678 132679
132689 132695 132764 132773
132851 132868 133047
132951 132954 132957
132966 133037 133044
133208 133210 133211
133384 133385 133389
133546 133566 133601 133620 133636
133556 133614 135116 135138
133651 133652 153556
133712 133714 133715 133724
134016 134017 134064
134027 134041 134042
134129 134130 134133
134296 134299 134304
134525 134529 134530 134536
134555 134560 134562 134565 134577
134685 153172 162386
134704 136388 136480
134741 134748 134749
134828 134846 134873
134898 134961 135228
135032 135033 135034
135142 135146 182337
135150 135154 135171
135365 135388 135433
135420 135422 135425
135455 135456 135463
135478 135492 187008
135645 135646 135647 135654 135658 135722 136052
135717 135725 135731
135720 135723 156850
135745 135832 177383
135814 135818 135819
135887 135891 135892
136225 136249 141744
136235 136571 136701 136772
136239 136240 136241
136268 136289 136307
136674 137869 137954
136733 136735 136740
136894 136895 160920
137045 137048 137095
137097 137102 137109
137200 137203 137204 137386
137391 137396 137602
137472 137478 137480 137492
137704 137706 137708
137791 137800 137825 152196
137911 137914 137918
138029 138031 202479
138080 138081 138092 138290 138296 138309
138114 138118 138119
138311 138314 138316
138315 138317 138318
138357 138583 138588
138522 138538 138543
138720 139049 139101
138724 138725 138743 138765
138800 138801 138813 138943 139044
139021 139046 140273
139106 139127 139132
139131 140259 193824
139213 139216 139218
139290 139294 139302 139304
139358 139359 139378
139382 139389 139515 139744 141183 142435
139480 139517 139531
139702 139706 139719
139746 139748 139753
139758 139768 140243
139776 139778 139779
139912 139914 139916
139969 139971 139976
139986 139989 139993
140247 140250 140276
140363 140364 140372
140369 140370 140371
140493 140497 152741
140558 140559 140564
140568 140569 140582
140576 140577 140594
140604 140610 140667 140674
140632 140634 140636 140659 140660
140756 140757 140766
140790 140793 140794
140896 140897 140920
140909 140914 140917 140919
140943 140946 140981
141092 141108 141191 183670
141129 141132 141137 141993
141175 141180 141315
141239 141243 158491
141464 141465 141495
141527 141536 141547
141594 141598 141600
141789 141795 141821
141804 142049 142074
142080 142372 145191 196796
142139 142140 142141
142282 142283 142520
142305 142306 142307 142317
142330 142338 142340 142342
142331 142403 142523
142552 142556 142572
142714 142718 142720
142825 142841 142866
142960 142970 143097
143008 143009 143014 143038
143132 143140 143169
143157 143178 143295
143342 143350 143409
143601 143602 143604
143861 143864 143866
143941 143946 144056
144096 144098 144233
144100 144115 144342
144214 144216 144237
144591 144595 144596
145163 145174 145188
145204 145205 145206
145665 145673 145674 145678
145982 145988 145991
146011 146012 146023
146543 146545 146552
146610 146611 146612 146682
146750 146751 146753
146993 146994 146997 147001
147039 147496 147603
147112 147113 147114 147119
147775 147786 148153
147976 147978 148005
148386 148391 148403
148395 148396 148397 192309
148443 148446 149132
148523 159621 169384
148641 148746 149014
148665 148671 148672
148784 148785 148787
148788 148813 148814
148858 148861 148867
148876 148877 148970
149459 149460 149463
149630 149632 149637
149796 149798 149799
149811 149888 149896 149933 150087
150158 150161 150162 150319
150207 150210 150214 150217
151169 151220 151279 214632
151183 151828 185006 189752
151199 151214 151217
151431 151432 151438
151453 151459 151466
151522 151524 151526
151550 151552 151636
151691 151693 151694 151702
151813 151815 152033 152055
152301 152649 152733
152488 152714 154153
152501 152503 152506
152659 152660 152661
153274 153277 153280
153295 153549 153618
153392 153395 153397
153420 153423 153424
153458 153461 153561
153519 153523 153550
153586 153587 153588
153738 153741 153743
153747 153756 154282
154032 154042 154044
154061 154068 154075
154227 154248 154366
154251 154253 154261 154263 154265 154294 154297 154348 154356 154357 154549 154667 154668 154762
154262 154266 154267
154471 154478 154484
154574 154645 154655
154766 155154 155389
154841 154843 180434
155219 155220 155221
155332 155356 155365
155580 155585 155586
155650 155655 155665 155670
155684 155699 155768 156222
155952 155971 156009
155998 155999 156000 156002 156011 156034
156028 156032 156178
156068 156083 156196
156164 165616 194285
156359 156368 156369
156545 156547 156596
156553 156573 157012
156827 156828 156851
157045 157046 157151
157334 157335 157337
157501 157514 158549
157515 157516 157517
157696 157711 157793
157790 157800 157812
157893 157894 157965
157912 157917 157934 157936
158092 158335 158405
158201 168777 172865
158205 158227 158606
158291 158301 158578
158602 158649 158657
158617 158627 158631
158693 158703 158704
158957 158958 158963 159043 160211
158988 158991 169347
159069 159070 159080
159115 159117 159129
159227 159236 159243 159255
159229 159246 159251
159413 159416 159442 159494 159520 168052
159462 159485 159500
159710 159717 220643
160216 160223 160224
160281 160285 160308
160290 160293 160296
160343 160344 160346
160354 160356 160358 160361
160530 160537 160542
160794 160881 190834
160872 160874 160878
160924 160930 160931
161220 161222 161284
161586 161587 161590
161752 161827 161830
161824 161825 161833
161849 161859 161860
162042 162050 162052
162227 162235 162238
162232 162237 162241
162452 162456 162458
162514 162527 162548
162906 162909 162934
163154 163155 163182 163194 163231
163448 163450 163482
163528 163529 163531 163532
163557 163689 163783
163875 163877 163879
164043 164045 164056 164068
164046 164047 164049
164166 164169 164181
164260 164262 164277
164329 164333 164340
164382 164390 164431
164463 164467 164505
164526 164548 165555
164711 164718 164794
164922 164934 164936
165230 165233 165252
165439 165446 165552
165798 165801 165820
165912 165913 165926
165966 166050 214036
166024 166028 166037
166117 166123 166154 167315
166205 166206 166209
166374 166389 166390 166395 166397 166426 166459 166625
166493 166498 168686
166747 166753 166758
166792 166794 183265 243046
166843 166848 166869
166877 166943 167459
167031 167033 186989
167036 167085 167095
167037 167038 167048
167086 167088 167090 167113
167096 167164 167167
167201 167202 167217
167486 167498 168098
167489 167493 167500 167507
167709 167710 167711
167727 167733 167734
168022 168031 168032 168309
168116 168118 168126
168134 168234 168236
168276 168277 168308 168342
168303 168305 222134
168402 168803 168901
168590 168592 168602
168726 168751 168771
168815 168817 168858
168833 168834 168836
169123 169135 204912
169372 169373 169376
169458 169478 199688 233027
170579 170581 170603
170803 170809 170819
170849 170850 170880
171030 171032 171033 171035 171041 171069
171194 171201 171272 183047
171337 171339 171340 171345
171365 171370 171468
171425 171428 171431
171510 171513 171515
171654 171655 171767
171855 171864 171964
172275 172277 172280
172289 172356 172571
172521 172528 172559
172903 172904 188182
173190 173203 173251
173309 173310 173464
173335 173338 173339 173379 173388
173367 173368 173428
173435 173467 173606
173831 173835 173879
173868 173872 173891
173895 173902 173903
174044 174045 174047
174069 174074 174077 174092 174119 174155 174158
174219 174222 174226
174249 174265 174302
174353 174354 174362
174694 174695 174696 174697
174739 174750 183690
175073 175075 175173
175674 175675 175677 175679
175682 175943 175953 176417
176023 176024 176025
176246 176247 176250
176666 176674 197386
176935 176938 177040
177009 177010 177013
177022 177027 177038
177032 177033 177035
177083 177088 177993
177114 177117 177121
177162 177163 177174
177369 177386 177408
177463 177465 177468
177518 177530 177551
177622 177635 178268
177652 181908 196039
177803 177805 177806
178056 178057 178058
179500 179508 179515
179623 179626 179645
180006 180009 180033
180136 180148 180150
180197 180203 180207
180461 180477 181747
181593 181595 181604
181594 181596 181597
181598 181601 181622
181732 181742 181751
182189 182193 182254
182227 182243 193317
182233 182246 184326
182275 182279 182290
182331 182338 182343
182410 182419 182427 182446
182420 182426 182487 182489
182580 188370 214727
182728 182739 182743
182731 182734 182770
182860 182862 182863
183046 183048 183073
183087 183116 183142
183891 183892 183902
183984 183986 183988
184149 184152 184153 184167
184288 184292 184325
184525 184527 184531
184617 184620 184622 184623 184775 184880 185282
185044 185051 185060
185123 185141 185145
185376 185624 185688 187499
185662 185665 185698
186257 186262 186350
186339 186342 186363
186597 186602 187130
186631 186639 186641
186638 186640 186642
186778 186780 186782
187090 187095 187098
187207 187209 187213 187317
187342 187370 188875
187369 187374 187381
187568 187569 187573
187688 187689 187690
187807 187808 187810
188016 188018 188034
188044 188045 188062 188081
188203 188204 188206
188231 188232 188236
188335 188339 188376
188667 188668 188674 188681 188728 188801
188793 188795 188823
189484 189504 189592
189607 189623 189625
189676 189683 189687 189694
189928 189938 231323
190073 190074 190080
190090 190175 191278
190782 190783 190784
191146 191149 191257
191393 191748 198715 199651
191440 191444 191458 191459
191552 191566 191608
191595 191597 191619
191803 191804 202333
191825 191829 191833 230338
192208 192239 192401
192364 192390 192393
192524 192530 210416
192901 192941 192942
193138 193142 193143 193145
193154 193155 193162 193166
193287 193290 193320
193362 193382 193694
193394 193395 193401
193777 193778 193779
193783 193786 193787 193799
193875 193878 193908
194131 194133 194139
194222 194228 194229
194315 194316 194413
194684 194686 194811
194975 194976 194983
195085 195087 195090 195130
195338 195341 222720
195763 195766 195767
195775 195776 195787
195923 195940 195958 196003
195937 195944 195952
196030 196040 196043
196158 196160 196161
196219 196233 196246
196220 196222 196236
196330 196455 250507
196570 196575 196595 196652
196600 196608 196609 196616 196667
196931 196935 205823
196938 196949 196954
197142 197145 197172
197360 197367 197392
197363 197365 197566
197789 197790 197797
197870 197962 197968
197937 197939 197940
198170 198171 198173
198408 198630 198632
198473 198479 198480
198513 198514 198537 198539
198611 198634 198642
198789 198811 198817
199144 199148 199212
199202 199251 219587
199226 199227 199231
199487 199500 199538
199842 199844 199896
199853 199865 199933
199961 199995 200469
200161 200162 200164
200269 200304 200306
200279 200291 200293
200352 200381 200386
201598 201600 201615
201719 201720 201723
202000 208689 230428
202086 202128 202178
202211 202214 202217 202219
202254 202255 202540
202419 202421 202422 202426
202707 202728 202780
203130 203134 203135 203199
203402 203404 203419
203499 203503 203517
203612 203616 203647
203877 203880 203881
203981 204140 212026
204011 204014 204015
204087 204303 205223
204096 204099 204211
204302 204311 204315
204339 204341 204356
204532 204539 204541
204545 204546 204548 204553
204565 204566 204582 204596 208785
204597 204598 204612
204757 204759 204761
204920 204921 204979
205012 205016 205024
205026 205031 205032
205065 205066 205143
205073 205080 205087
205190 205193 205197
205341 205635 205658
205342 205343 205344
205587 205591 205697
205684 206683 207303
205727 205739 205741
205790 205791 205842
206055 206058 206064
206170 206171 206172 206181
206241 206242 206243 206247
206426 206427 206428
206481 206482 206486 206488 206493
206678 206689 206697
206815 206817 206824
206832 206874 206878 206883
206934 206945 206954
206975 207004 207083
207262 207264 207265
207371 207380 207384
207456 207482 207585
207496 207500 207502
207671 207682 209039
207706 207759 207772
207984 207992 234047
208170 208171 208172
208178 208183 208228
208372 208373 208439
208487 208494 208496
208520 208521 208711
208731 208739 208803
209084 209107 209117 209170
209384 209389 209406
209546 209548 209557 209559
209583 209584 209586 209603
209695 209697 209701
209989 209998 210003
210066 210075 210081
210249 210250 210255
210865 210866 210868
211352 211353 211361 211442 211773
211700 211702 211748
212003 212007 212021
212435 212442 212444 212467
212533 212536 212544
212707 212708 212719
212742 212750 212780
212770 212790 212795
212781 212783 213190
212797 212799 212800
213010 213048 213200
213199 213201 213233
213317 213337 213381
213608 214517 233249
213791 213792 213799
213922 213925 213938
214757 214758 214840
214863 214877 243625
215043 215055 215066
215078 215099 215128
215172 215173 215175
215212 215215 215218
215382 215392 215395
215491 215493 215494 215660
215534 215600 226541
215699 215701 215702
215868 215986 218823
216417 216423 216424
216816 216819 216821
216919 216920 216930
216999 217001 217002
217019 217020 217028
217419 217501 218066
217424 217429 217439 217454 217461
217653 217656 217657
217788 217790 217791
218315 218319 218321
218479 218695 219114
218871 218875 218876
218962 219527 219530
219936 219940 219941
220266 220269 220271
220270 220272 220325 220339 220348
220363 220514 240334
220560 220561 220562
221191 221192 221201 221202
221290 221291 221493 221513
221349 221350 241881
221531 221532 221534
222987 223022 223031 224207
223392 223395 223398 223400
223496 223500 223517
223906 223909 223910
224871 224872 224883
224913 224917 224920
225240 225241 225242
225274 225284 225300
226356 226385 226401
226610 226616 226864
226792 226797 226807 226820
226838 226840 226841 226842 226870
226946 226949 226961 226975
227267 227274 227276
227288 227290 227293
228561 228565 228566
228597 228604 228607
228695 228697 228982
228789 228792 228854 228966 229282
228868 228871 228872 228873
229012 229019 229020
229064 229071 229073
229070 229075 229076
229103 229145 229163
229559 229577 229600 231226
229784 229786 229788
230074 230079 230088
230303 230304 230305
230328 230329 230332
230491 230503 230504
230722 230729 230826
230993 230995 231002
231228 231238 231243 231272 231372
231460 231580 231632
231474 231487 231498
231628 231633 231634
231647 231652 231660
231682 231692 231714
231862 231863 231865
232048 232050 232051
232120 232123 232131
232943 232950 232951
233382 233383 233436
233610 233611 233623 233628
233642 233645 233650
233674 233675 233677
233716 233839 233897
233783 233788 233790
233851 233856 233859
233861 233862 233864
233884 233888 233889
234086 234089 234090 234093 234099
234144 234146 234147
234221 234222 234223
234303 234305 234308 234309
234368 234372 234393
235085 235086 235087
235153 235157 235178
235197 235199 235230
235227 235229 235233 235277
235412 235420 235422
235465 235467 235475 235500
235469 235470 235476
236675 236680 236681
236768 236796 236797
237128 237132 237133
237312 237318 237329
237418 237420 237442
237475 237477 237481
237494 237495 237496
237509 237510 237514
237671 237687 237730 237838
237684 237698 237725 237756 237921
237935 237937 237954
238263 238268 238282
238350 238352 238359
238714 238717 238718
238783 238787 238876
238873 238875 238877
239314 239316 239319 239402
239400 239401 239406
239646 239647 239650
239788 239795 239810 239840
240469 240485 240548 240597
240503 240523 240543
240540 240989 243701
240742 240747 240758
241302 241307 241318
241607 241608 241610
241656 241657 241658
242187 242210 242215
242649 242650 242651
242813 242817 242818
242908 242909 242926
243115 243124 243128 243141
243484 243485 243487
244000 244001 244046
244345 244348 244352
244756 244758 244759 244780
245148 245152 249438
245178 245198 245201
245699 245700 245702
245781 245793 245804
245983 245985 245986
246015 246020 246025
246372 246373 246375 246376 246377
246448 246455 246488
246495 246532 246538
246649 246659 246661
246734 246748 246814
246804 246805 246806
246832 246871 246936
246888 246957 246963
247090 247091 247149
247411 247413 247415
248503 248504 248506
248587 248588 248589
248610 248615 248619
249465 249469 249474
249520 249521 249527
249593 249613 249629
249617 249636 249676
249715 249720 249725
249838 249842 249846
250166 250170 250182
250395 250398 250399
250490 250506 250552
250573 250574 250576
251034 251036 251037 251043
251805 251809 251818
251988 251989 251997
252191 252192 252242
252661 252667 252761
253166 253170 253171
253873 253876 253886 253917 253946
253924 253926 253931
254252 254253 254266
