2 7
5 24
14 41
20 43
21 41
29 45
33 22
36 22
43 41
46 80
47 19
48 13
56 99
59 41
62 41
63 39
64 101
81 109
82 109
86 43
93 121
94 121
111 121
123 97
126 130
127 139
135 24
144 136
152 120
153 153
194 102
197 163
201 16
232 39
239 39
252 121
255 48
262 174
264 48
270 67
283 154
287 136
299 154
309 81
310 180
320 88
321 180
322 106
337 67
338 136
351 171
358 171
364 171
381 83
385 180
390 136
394 174
401 81
405 44
409 44
411 19
431 44
434 44
435 44
440 191
442 136
445 45
461 105
467 176
468 81
482 157
486 243
505 69
511 307
530 283
545 180
550 371
561 377
567 115
573 394
581 371
586 87
598 274
606 67
612 435
629 26
647 492
651 511
653 120
659 136
667 527
668 528
682 115
688 542
692 547
696 154
710 563
712 530
728 576
736 18
742 583
756 83
760 594
763 594
771 594
788 308
790 136
808 594
817 594
818 588
845 648
854 655
858 659
861 592
872 661
888 679
907 508
916 136
917 693
940 660
955 594
956 456
973 648
983 738
1014 515
1018 22
1021 693
1031 594
1038 157
1040 440
1043 729
1044 508
1083 393
1099 71
1121 44
1126 841
1141 76
1144 594
1166 871
1170 874
1183 886
1201 895
1206 906
1215 650
1229 105
1230 171
1245 76
1261 180
1281 106
1282 892
1283 106
1285 106
1298 393
1301 136
1305 136
1326 892
1346 966
1359 630
1371 983
1410 1008
1423 1004
1426 146
1437 1004
1457 50
1467 1048
1485 650
1493 1056
1497 180
1523 44
1527 973
1547 1095
1554 1032
1570 67
1577 1108
1584 136
1592 1120
1632 650
1635 136
1637 101
1654 650
1656 1012
1677 106
1692 1170
1694 1172
1699 1170
1705 180
1714 63
1726 120
1728 1196
1732 1198
1742 554
1750 1210
1755 1170
1765 63
1767 1217
1775 1219
1792 43
1805 1201
1811 1256
1814 1259
1847 76
1866 660
1876 1108
1883 106
1910 1303
1927 1256
1942 81
1998 1348
2009 574
2041 972
2050 272
2063 81
2072 1336
2084 1392
2109 158
2124 1321
2137 1012
2174 1012
2195 1485
2296 650
2342 1562
2357 973
2361 1543
2387 1210
2471 1396
2511 1669
2515 2554
2524 123
2531 972
2545 1579
2562 1705
2569 650
2572 1634
2574 136
2599 1726
2624 1634
2626 1634
2631 1682
2634 1682
2650 1752
2662 1756
2677 81
2678 371
2684 1561
2687 1758
2701 154
2710 1669
2716 1469
2736 136
2743 1807
2758 106
2763 63
2770 1803
2784 1682
2790 1832
2796 106
2804 106
2824 1854
2868 1721
2895 1856
2905 1611
2918 1923
2967 1935
2973 106
2978 1941
3005 106
3042 76
3056 1469
3093 972
3102 1996
3110 1321
3115 972
3134 2015
3139 1896
3140 1238
3148 106
3153 2023
3160 87
3204 2024
3221 2074
3223 2043
3225 1803
3229 2063
3251 154
3255 2109
3276 106
3281 106
3289 1926
3323 2136
3343 2150
3345 2035
3375 50
3394 2179
3467 1219
3480 521
3509 44
3512 2224
3519 2227
3540 2249
3552 2257
3605 2291
3628 97859
3647 2319
3653 24
3674 2335
3682 2344
3688 2349
3694 2351
3696 2352
3710 2355
3737 1507
3751 2381
3754 136
3760 290
3768 2386
3794 6343
3816 81
3828 1817
3831 2416
3849 592
3856 1108
3889 115
3913 1438
3914 2465
3972 2058
3980 1285
3999 1285
4000 2493
4018 1396
4021 1954
4040 2528
4043 2532
4106 2538
4114 2498
4115 2498
4118 2549
4124 2498
4129 1188
4137 2566
4141 136
4152 2574
4154 2038
4162 2274
4163 2584
4177 2190
4210 2613
4214 2613
4215 1805
4218 2618
4252 2498
4255 2638
4274 2626
4283 2660
4286 2662
4291 44
4340 44
4347 1285
4363 2691
4373 2693
4441 2718
4475 1285
4479 1669
4494 786
4506 2638
4511 2626
4521 2766
4540 285
4557 1910
4576 2796
4603 44
4610 2241
4622 2626
4630 171
4654 1580
4679 2835
4693 2334
4696 693
4706 2869
4717 2058
4721 1197
4750 2928
4760 2038
4777 2662
4782 2334
4794 2946
4810 660
4814 2626
4839 2038
4859 2974
4884 2038
4906 67
4936 2965
4965 2038
4968 2626
4984 2058
5014 2493
5022 2038
5038 2334
5061 3068
5071 3076
5107 3087
5131 3098
5146 3110
5160 2058
5166 136
5211 3143
5222 2241
5233 81
5236 3153
5278 1426
5302 3173
5332 2467
5333 81
5346 2945
5365 1817
5385 2241
5390 3233
5417 2260
5422 3258
5432 2538
5455 1896
5460 3286
5468 136
5487 2992
5525 42
5588 3351
5602 2660
5634 1043
5666 630
5744 3279
5761 521
5774 3351
5780 3142
5815 106
5834 2397
5859 3432
5887 2660
5903 2695
5926 3142
5989 3351
5995 3434
6031 2835
6035 3142
6051 3055
6108 1396
6115 3400
6117 3607
6122 2024
6145 2241
6150 2506
6158 3592
6191 50
6197 1426
6246 3121
6252 2136
6297 2493
6310 2407
6327 2319
6368 48
6383 1726
6387 3351
6395 2135
6417 3694
6468 1896
6474 746
6504 3583
6507 48
6512 3734
6526 3731
6539 180
6577 3755
6607 3142
6647 3834
6673 3808
6691 2038
6697 3848
6698 3216
6713 2241
6731 3844
6736 3841
6792 2695
6834 2620
6840 3908
6859 3916
6880 1238
6883 3400
6900 2660
6912 3935
6961 3967
6962 3968
6975 81
6996 90862
7023 3473
7031 3998
7036 4000
7038 2038
7044 4007
7060 4021
7077 1580
7080 4031
7087 2498
7093 2498
7147 1580
7156 4093
7186 2038
7205 3859
7233 2374
7239 4104
7249 1136
7301 2695
7339 2695
7350 4149
7359 4151
7390 1172
7429 4179
7468 521
7504 4213
7515 47
7573 3394
7600 2844
7603 4279
7622 4099
7647 4312
7652 4315
7660 4328
7689 1726
7741 2334
7742 4384
7753 4395
7754 7099
7773 2695
7785 4403
7906 2602
7924 950
7927 4469
7956 4480
7983 4492
7985 4494
7994 408
8011 4512
8028 2695
8033 4425
8111 1923
8116 4567
8119 180
8128 4571
8172 1767
8182 4601
8351 4684
8374 2744
8379 4179
8456 2135
8461 3789
8492 2248
8496 3802
8504 2626
8511 2334
8514 4752
8533 2397
8580 4786
8599 4831
8618 4805
8627 4817
8680 4846
8700 1514
8708 2704
8747 3914
8752 2695
8771 2538
8774 2291
8790 4909
8828 4438
8869 4238
8885 4956
8917 2038
8938 4953
8978 4846
8994 5006
9011 5019
9015 2038
9047 5035
9109 2447
9124 4779
9143 792
9196 4552
9197 4838
9249 5133
9265 5142
9268 5184
9293 5160
9302 5157
9306 231
9352 5175
9356 3914
9406 5201
9441 136
9494 5236
9518 5248
9587 4659
9638 5303
9662 4843
9689 1348
9746 3510
9759 2930
9762 5351
9765 5266
9798 5360
9829 3690
9852 464
9953 14501
9962 4843
10005 5424
10034 930
10057 5463
10113 2241
10146 5506
10167 2728
10199 5527
10208 5531
10215 5540
10277 5303
10383 5189
10396 3351
10409 5099
10474 5728
10492 5732
10496 5915
10535 4817
10587 1108
10655 5315
10657 3098
10694 5030
10716 1750
10729 5854
10776 5883
10818 6782
10852 2319
10873 5090
10901 23623
10931 5864
10950 2028
10952 3847
10975 5946
10990 5871
10991 5871
11005 1108
11031 5880
11032 4946
11043 3510
11046 3098
11101 5992
11124 6039
11233 15857
11292 5398
11341 5992
11396 6045
11405 2660
11430 250
11444 5992
11475 3769
11527 81
11531 3769
11631 6167
11638 1636
11657 6173
11664 16668
11670 6261
11697 33733
11701 6271
11719 5286
11758 4012
11806 6235
11893 6280
11906 9105
11912 5693
11925 4119
11956 6311
11962 6304
12024 6742
12061 5121
12080 6365
12082 4740
12150 6391
12185 37192
12250 6417
12258 5687
12271 4843
12337 6173
12376 6370
12388 6481
12437 6512
12453 31158
12474 5736
12512 5201
12564 4179
12569 6578
12580 6236
12581 3935
12596 6567
12611 6568
12619 515
12650 3351
12655 2038
12698 6236
12715 6627
12739 2319
12769 6688
12779 6059
12809 5691
12810 6236
12913 1945
12941 2151
12977 6667
12991 6675
13075 1701
13083 6417
13093 6417
13112 6173
13118 6321
13167 5301
13190 2883
13243 3460
13349 6791
13455 6830
13468 4947
13470 6839
13518 5234
13522 6793
13523 6864
13600 6872
13650 113359
13668 5201
13698 2038
13703 6887
13730 6911
13742 6919
13744 6599
13757 6928
13840 6952
13851 6958
13859 6960
13882 1339
13891 7099
13911 6626
13931 6998
14047 7059
14155 3787
14172 1701
14246 3423
14327 2135
14372 81
14388 5089
14402 7200
14418 7118
14490 3473
14511 154
14535 6622
14544 7178
14565 7214
14570 5743
14600 3460
14661 1561
14730 6819
14740 7178
14757 2190
14774 7336
14775 7338
14789 7346
14791 7346
14864 7370
14875 671
14989 7385
14996 2193
15063 3974
15108 1397
15186 4203
15199 7511
15231 7531
15241 7536
15250 5880
15276 7551
15312 7385
15326 7251
15335 3787
15342 7542
15350 1782
15371 4203
15388 7287
15403 3787
15463 7251
15506 693
15530 2187
15531 3787
15572 7287
15583 1756
15595 3196
15632 7689
15682 7710
15720 7742
15729 7737
15730 1514
15846 2038
15859 6173
15860 5525
15878 6141
15906 6667
15994 515
16002 7820
16127 3303
16201 6361
16208 3787
16211 4533
16372 1580
16397 8070
16433 3153
16436 7988
16461 1353
16484 7902
16493 1754
16554 8166
16587 2755
16612 6219
16616 6173
16725 7118
16763 8303
16809 4843
16846 7970
16875 8379
16884 5555
16895 8360
16956 2620
16969 4735
16993 8408
16999 8411
17030 8422
17057 8426
17069 1756
17092 8447
17103 2222
17197 7970
17217 8488
17265 8502
17267 4203
17277 2832
17302 4839
17339 8194
17367 7169
17398 8558
17431 8226
17439 8575
17529 4846
17533 2502
17615 8654
17653 7016
17691 2639
17711 6934
17761 3968
17790 8727
17808 2425
17853 993
17893 8789
17904 6562
17921 3351
17926 8792
18024 4154
18042 6562
18059 8226
18208 1193
18215 7627
18239 8244
18300 993
18315 8945
18339 1342
18372 2038
18399 9000
18433 6667
18463 5736
18495 8824
18593 4490
18610 1285
18637 2028
18664 3935
18669 7154
18700 8279
18864 3279
18877 9036
18887 9234
18934 9280
18943 9036
19077 3734
19111 9317
19130 3734
19135 950
19159 9339
19164 4846
19165 371
19240 2613
19242 2190
19291 3279
19344 3690
19360 9036
19456 795
19491 9470
19525 9533
19544 9525
19564 6562
19632 6675
19670 9555
19719 9581
19749 9587
19870 10095
19894 9647
19912 9652
19924 9655
19959 3216
20068 9797
20070 9718
20099 8771
20117 4249
20145 9008
20217 972
20275 6503
20283 2681
20335 9922
20355 1754
20410 2321
20416 3928
20419 3928
20455 6321
20499 9963
20566 972
20583 5736
20619 6028
20706 171
20714 10059
20734 2334
20759 10072
20832 9277
20867 3071
20959 10167
20973 9525
20974 10166
21014 10190
21031 9237
21044 10166
21065 6219
21075 10220
21087 4316
21152 4843
21181 2136
21186 10290
21189 7385
21220 4843
21226 9933
21302 10181
21319 10339
21342 807
21414 3160
21426 6810
21434 10386
21443 10387
21480 10408
21483 9761
21542 6173
21567 7511
21587 7104
21650 9933
21724 9933
21749 3279
21779 1764
21837 10596
21895 10568
21897 10602
21913 9853
21925 10612
21962 4
21965 2676
22002 133905
22026 10656
22067 10624
22148 10267
22189 10723
22250 14578
22362 10790
22385 7385
22459 8302
22460 10854
22512 1396
22638 10768
22697 10930
22726 10319
22771 3303
22779 10973
22799 10984
22803 10681
22809 11015
22833 215
22909 10790
22962 8487
22979 11064
22989 10656
23036 11079
23041 9428
23053 9611
23058 3863
23068 3787
23124 11060
23129 10937
23135 10937
23147 10303
23163 2038
23192 11145
23203 11155
23259 11178
23265 972
23280 2038
23305 11212
23335 11360
23355 11272
23371 10832
23399 3351
23456 1817
23465 5201
23467 3330
23475 11240
23509 5201
23532 11292
23547 11246
23566 10681
23637 1396
23704 2397
23718 11006
23747 3968
23772 5606
23782 1669
23786 10681
23794 11391
23879 10890
23908 11454
23983 11178
24014 8701
24091 5517
24165 6819
24280 2453
24326 11625
24386 10803
24410 11313
24496 4490
24507 3460
24518 6219
24531 972
24583 11251
24617 9406
24711 6384
24714 10832
24748 12838
24758 12913
24774 3833
24832 12879
24883 3173
24894 12912
24937 2038
24991 3473
25047 3160
25103 6819
25124 5645
25161 11315
25177 4826
25226 653
25291 5983
25304 4571
25305 11315
25382 5248
25425 4490
25448 13169
25461 2663
25472 13180
25513 13023
25531 13247
25627 2131
25642 9643
25667 13283
25683 650
25730 13338
25809 9159
27045 8380
27100 14504
27153 14576
27255 1413
27265 6173
27310 5654
27328 2953
27383 8343
27450 14689
27467 5678
27477 14706
27558 13073
27637 14769
27659 14776
27725 10356
27732 14809
27759 14821
27879 14500
27893 14887
27949 8607
27950 3035
28055 14974
28187 6173
28213 5654
28326 65940
28360 15386
28370 15169
28406 3787
28431 3279
28459 13053
28512 8211
28544 13184
28584 14795
28730 9853
28751 15391
28801 5645
28926 3400
29055 5286
29064 15545
29116 3024
29194 5068
29284 4779
29289 5089
29309 15256
29328 3024
29352 15655
29363 15668
29403 5606
29415 11178
29468 10832
29489 15725
29522 15750
29532 650
29543 5654
29544 2573
29596 14500
29613 15781
29636 3787
29668 15305
29712 15837
29723 1074
29767 14456
29775 15804
29801 15871
29829 4008
29903 14533
29913 2257
29961 3296
29963 15351
29985 15966
30019 14456
30061 16008
30091 3473
30119 2275
30210 6819
30317 16075
30374 15940
30383 16181
30477 3698
30551 16275
30609 16299
30621 9525
30626 14849
30637 16372
30692 6173
30696 16341
30734 16336
30787 14857
30788 16382
30824 10505
30862 3690
30932 3071
31018 16496
31045 16495
31087 16548
31104 10681
31348 16673
31366 1342
31368 16673
31378 16715
31383 16731
31460 3160
31511 16784
31514 13113
31561 6855
31593 11178
31701 10721
31720 5937
31752 13362
31773 16956
31805 4490
31823 13362
32906 6173
32919 6294
32975 12714
33021 2695
33074 7157
33085 18140
33196 16719
33285 18263
33297 18270
33319 18198
33333 7031
33357 10756
33448 5606
33553 10790
33561 16855
33564 6462
33596 16664
33624 10790
33669 18506
33698 1607
33700 18524
33703 4903
33737 8799
33760 3690
33894 18198
33937 653
33943 18682
34047 2103
34079 1607
34132 18523
34136 18810
34151 16415
34173 18681
34313 1074
34356 1607
34358 4149
34381 3650
34484 19012
34525 18607
34603 3928
34633 10681
34730 3035
34754 5555
34765 4687
34766 5968
34947 6173
34955 20293
34976 1754
34979 15908
35015 18779
35081 14786
35177 7551
35182 20442
35219 10681
35225 11178
35271 20643
35277 5751
35292 1896
35316 12932
35325 20510
35327 20512
35380 20552
35424 20578
35459 20597
35480 6173
35497 18583
35500 6096
35529 11178
35565 18198
35579 20648
35596 20664
35616 20401
35755 20716
35812 20781
35821 20783
35847 2479
35893 20840
35910 5544
35932 5201
36056 20927
36073 20931
36081 15084
36163 20983
36244 21029
36345 15525
36432 2631
36522 10832
36539 21199
36603 10832
36612 21261
36815 21574
36828 21243
36870 20597
36875 21401
36917 3434
36943 14809
36979 13113
37014 16418
37034 7194
37038 20442
37058 7586
37149 1561
37162 21527
37252 21580
37280 60750
37354 21629
37363 20225
37379 8968
37427 1319
37491 21452
37557 21763
37600 20605
37609 10832
37627 8841
38708 21590
38722 5664
38758 7517
38793 11165
38803 21877
38808 2131
38992 1782
39058 5745
39081 8791
39128 22084
39239 6819
39344 3787
39421 18763
39572 12720
39589 10790
39596 12720
39611 22346
39652 267
39689 6294
39703 2695
39815 3153
39833 22465
39844 22473
39936 22523
39968 22553
40045 22585
40141 20841
40221 23687
40272 22747
40280 22721
40373 124763
40441 18236
40481 22799
40488 11580
40492 5903
40516 22828
40567 6239
40580 15410
40656 10356
40673 11178
40703 6173
40738 15077
40830 2459
40833 15535
40980 23049
40987 23013
41067 23098
41215 21372
41223 23222
41239 2232
41343 3473
41413 23349
41476 13305
41574 16909
41577 21731
41608 7385
41709 10561
41754 23539
41765 6173
41854 6173
41938 23634
41961 15804
42180 11313
42214 21816
42290 23824
42532 20256
42539 23959
42553 6268
42561 2561
42721 20554
42837 24094
42889 22453
42998 1669
43099 10469
43254 24289
43352 7385
43452 5645
43457 3020
43490 22765
43580 24466
43632 7975
43772 9008
43802 23720
43812 24579
43823 3802
43854 18763
43910 23273
43937 2583
44084 24529
44188 24784
44498 24946
44507 10681
44533 24967
44585 14753
44657 13231
44764 25083
44784 1842
44785 22628
44796 25098
44908 24477
44956 25190
44992 21959
45087 11517
45095 24330
45137 2291
45179 8951
45296 18592
45302 6984
45461 16415
45579 25569
45589 25592
45655 5436
45665 25615
45708 25633
45712 2695
45846 20605
45870 1111
45876 21862
45926 4466
45934 23076
46009 18901
46011 24713
46074 25834
46102 25098
46125 16254
46127 25860
46273 25925
46289 18794
46373 11178
46408 23112
46410 22585
46486 10769
46577 4659
46672 26156
46870 26266
46942 2755
46957 21959
46980 16776
47025 26387
47046 26400
47051 20589
47058 26406
47098 26426
47127 26443
47186 16776
47237 1074
47266 18984
47267 2561
47295 6819
47304 25098
47345 15145
47356 1561
47357 9486
47402 26360
47431 26630
47444 26638
47545 18281
47842 4238
47861 25790
48011 27005
48055 215
48072 22587
48108 24481
48166 21433
48365 157
48390 18592
48405 7867
48408 5201
48458 12860
48462 27330
48525 4659
48537 27218
48580 21862
48630 26627
48643 8970
48705 27475
48731 27486
48760 1896
48872 9662
48898 27599
48899 11495
48923 4764
48991 27668
49140 16010
49385 136
49398 18030
49744 23072
49757 10850
49803 28200
49947 28318
49984 28335
50016 3787
50076 28372
50127 9486
50231 23369
50355 527
50391 20325
50652 22272
50664 930
50708 10832
50727 28785
50741 28836
50797 25668
50826 28372
50837 4490
50867 28938
50906 26427
50951 26925
51155 16778
51215 2291
51219 25098
51340 3802
51349 6626
51440 3690
51524 18414
51945 29517
51970 24865
52005 29692
52129 7257
52244 29844
52314 22724
52317 29478
52358 96
52492 29782
52517 14971
52632 29980
52641 29940
52698 25098
52766 29459
52826 28367
52828 18556
52845 30023
52929 23263
52968 4839
53085 7346
53105 27386
53151 20519
53201 30431
53462 24400
53726 8783
53815 807
53995 31001
54059 10850
54149 10356
54261 16080
54283 31189
54318 23294
54377 60
54403 31252
54608 8824
54893 5090
54943 28279
54954 31211
55019 4843
55198 31880
55327 31527
55363 4946
55368 4796
55383 10414
55498 32044
55550 31822
55568 21011
56023 14615
56045 30732
56096 1111
56130 32394
56304 32297
56374 32584
56482 32654
56494 12780
56527 9234
56616 32768
56804 32895
56844 24131
56876 2645
56893 22300
56897 32902
56930 8783
57058 1111
57418 28186
57445 32209
57723 52074
57785 2046
58214 33797
58284 33848
58308 33863
58312 33850
58341 33834
58455 36927
58772 34197
58888 34257
59000 16836
59006 34332
59062 9353
59128 18556
59170 34490
59193 2291
59447 34659
59472 22266
59509 16836
59770 20599
59776 34893
59840 3618
59916 28335
60108 35170
60129 5776
60179 86308
60342 1396
60449 33885
60465 35360
60480 1923
60590 35433
60651 32448
60777 35551
60789 21771
60837 21119
61163 35807
61212 35848
61246 35862
61293 24476
61520 36021
61616 36089
61633 35636
62029 20554
62051 36372
62129 29750
62144 33630
62165 36601
62208 18482
62500 36641
62576 36686
62598 14615
62660 36748
62812 36865
62884 36910
62976 29065
63131 37078
63138 9192
63255 29637
63506 36985
63553 24453
63641 18901
63661 35265
63676 37398
63681 30053
63825 37507
64013 31211
64084 7326
64256 38544
64270 13023
64727 37419
64876 38192
65142 38408
65257 37872
65262 38497
65351 38582
65609 157
65922 5992
66014 39098
66118 26443
66249 39264
66387 39378
66471 38742
66553 39509
66616 36017
66741 18127
66840 39716
67852 35265
67875 39135
67985 35768
68077 40883
68089 28689
68150 30209
68264 972
68266 972
68639 37926
68700 39297
68771 39594
68991 15147
69043 39457
69081 41677
69354 15011
69361 3173
69467 41974
69655 24875
69656 42131
69953 29581
71393 43661
71596 43823
71608 3761
71852 43996
71961 19094
72083 44173
72134 44216
72330 9415
72358 44216
72493 2781
72641 1319
72750 42199
72770 5461
72816 44715
72858 6586
72864 6229
72974 36972
73226 45037
73635 2238
73680 41172
73711 41214
73826 45483
73850 6171
73921 45529
74283 3899
74306 45802
74343 30763
74457 35506
74461 75911
74517 16345
74627 36980
74679 6819
74752 46121
74773 44216
74879 39298
75091 46345
75142 46380
75214 46422
75335 9494
75408 6311
75439 5861
75451 46635
75550 46709
75821 35661
75876 34332
75894 46964
75990 47045
76021 47059
76038 47067
76091 25410
76130 33793
76207 25146
76273 46469
76302 25319
76375 2291
76628 20225
76788 47541
76802 44715
76834 5089
77247 42190
77298 135
77376 33398
77402 1342
77489 25399
77560 48091
77639 48178
77664 48171
77894 44265
77935 40938
78061 48443
78196 8018
78242 33041
78265 33041
78323 6171
78341 27540
78564 48816
78569 48817
79980 50132
80140 50274
80264 48520
80374 10438
80514 47933
80618 36096
80695 50683
80710 48614
80817 106
80951 47535
81011 47594
81035 16050
81065 29912
81094 50967
81245 48130
81277 11537
81310 37899
81311 47920
81369 51174
81388 1210
81460 13269
81552 51308
81595 1782
81607 22336
81631 41906
82000 10832
82094 9294
82161 19046
82304 49056
82414 51990
82573 50917
82604 39480
82824 52175
82921 10181
83125 52538
83164 34332
83421 31004
83984 52947
84090 44838
84204 2695
84297 21862
84333 22336
84434 42351
84607 2781
84801 48890
84833 24681
86263 48361
86274 29832
86312 47920
86313 55112
86383 1192
86415 1192
86432 45924
86526 41572
86596 18561
86636 9405
86724 55439
86779 52114
86802 53742
86855 37971
87122 55695
87145 5089
87300 55727
87317 5996
87330 31452
87355 46222
87435 6171
87467 55957
87692 30799
88794 1817
88942 56322
89031 56448
89670 53815
89676 36335
89760 51215
89815 44801
90033 1186
90137 8830
90258 40984
90354 57466
90482 932
90858 932
91223 58074
91247 56646
91338 58144
91388 26930
91509 6383
92117 58728
93510 55303
93588 41563
93823 60253
94545 57425
94552 29735
94717 60949
94887 61056
95425 18033
95595 20826
95600 24875
95646 61679
95740 61737
96000 61935
96039 39432
96245 57849
96331 37971
96346 20589
96556 44189
96743 33636
96917 62648
97171 49056
97470 9405
97738 3850
97773 18198
97781 63329
97898 37971
98529 28065
98553 63835
98575 60094
98745 35977
98949 37398
98954 39336
99317 64506
99326 63611
99334 6719
100643 11303
100665 65774
100749 65834
100899 8783
100965 55483
101211 66232
101917 61517
102066 66933
102208 55465
102292 27936
102370 56871
102463 57348
102492 27871
102605 48620
102620 66299
102677 31426
102745 67368
102903 44285
103273 6383
103402 43710
103625 66183
103688 4659
103815 67886
104172 36927
104192 42489
104378 27899
104421 68796
104460 39636
104565 56050
104573 68880
104596 23369
104898 7611
104987 61030
105023 69228
105195 69346
105386 8227
105431 27711
105443 69540
105461 68335
105525 69615
105537 69626
105965 69954
105999 64458
106001 69944
106014 64280
106037 55461
106126 25388
106264 3684
106539 69492
106632 70381
106762 16052
106795 70456
106898 70577
107078 70674
107096 26002
107238 56050
107475 57371
107549 40835
107556 69051
107597 42272
107669 50780
107744 70983
107820 71168
107947 71277
108129 71419
108210 71476
108266 22336
108287 56561
108290 1396
108710 62506
108952 7689
108975 33521
109078 6651
109210 72247
109377 39065
109392 72359
110460 57760
110774 39065
110781 72250
110880 22724
110911 72740
110916 67028
110949 72755
111013 65666
111095 34986
111187 22724
111223 72915
111258 12971
111334 72986
111335 31995
111347 72732
111419 63913
111462 31496
111477 73066
111487 73067
111897 67674
112090 73510
112094 62618
112167 73581
112179 40835
112408 60131
112424 73745
112576 63520
112810 74041
112876 2758
112992 67511
113122 74259
114260 75374
114332 12971
114337 54928
114360 4349
114376 22336
114403 1192
114503 20225
114555 45329
114580 75634
114665 75707
114774 10498
114850 73541
114856 75849
114902 75834
115136 6383
115175 6229
115201 37171
115270 70268
115338 41868
115339 75598
115391 76235
115461 45462
115621 73608
115765 22336
115913 73488
115943 3850
116054 1894
116142 58426
116240 73098
116280 76918
116330 75651
116347 22336
116361 45212
116365 77002
116368 11635
116494 77098
116521 77121
116552 52150
116615 62128
116731 73986
116747 77287
116965 74096
117036 72662
117146 50780
117193 3850
117306 11635
117391 77793
117469 30859
117484 27842
117567 22336
117734 78045
117740 32393
118057 20391
118158 10832
118178 78358
118331 75374
118452 22336
118458 71672
118492 10832
118649 1107
118729 71657
118737 22336
118823 68552
118880 73488
119621 16108
119865 6096
120060 18497
120064 11635
120488 47866
120635 59825
120756 72091
120945 2639
121034 76304
121160 37821
121208 37971
121236 56888
121370 43588
121804 34652
121877 75651
121982 56050
122262 73172
122582 60094
122623 19079
122666 80942
122707 5654
122756 65798
122823 15758
122926 21686
123327 81591
123664 41518
123863 82789
123969 1336
123978 12971
124082 73866
124204 83841
124785 60094
124847 37765
124896 60094
124947 9481
124949 28839
125069 83736
125171 83828
125190 41928
125198 73866
125251 74268
125272 83894
125279 70007
125300 83907
125308 4490
125399 60415
125422 70268
125494 46951
125504 22336
125617 84108
125771 10267
125850 66634
125885 3012
125886 7820
125915 21924
125985 84413
126003 47472
126030 73866
126095 84515
126127 49056
126154 55592
126235 53420
126246 84341
126446 7099
126495 84874
126604 83662
126632 66300
126846 77334
126852 21763
126871 56050
126969 12971
126996 85314
127083 66836
127158 85420
127221 41696
127303 85087
127316 85521
127405 53420
127537 39611
127613 83893
127617 85787
127639 20225
127737 84541
128314 56050
128348 63798
128424 1342
128433 47215
128474 86527
128535 57105
128914 41928
129090 29271
129358 3860
129504 78231
129522 6898
129659 12971
129694 87488
129747 83962
129751 78821
129785 69758
129827 87605
129854 83977
130018 38968
130028 16328
130141 37765
130321 88063
130392 23688
130399 80748
130441 88130
130606 8215
130659 88324
131204 27007
131310 88844
131350 82568
131400 51375
131634 72529
131759 46076
131801 89264
132029 88366
132155 89555
132170 89395
132293 11635
132437 32281
132673 47327
132689 22336
132851 80701
132951 32681
132966 90168
133208 60785
133384 90537
133546 72417
133556 36748
133651 90750
133712 79720
134016 39151
134027 6268
134129 91116
134296 47215
134525 91172
134555 90906
134685 22336
134704 36403
134741 2142
134828 9415
134898 90899
135032 91871
135142 90875
135150 31217
135365 90378
135420 92018
135455 29717
135478 56834
135645 92364
135717 87614
135720 15318
135745 92443
135814 92535
135887 78813
136225 92808
136235 57105
136239 65778
136268 92361
136674 29332
136733 44624
136894 50684
137045 93495
137097 90707
137200 4149
137391 6087
137472 90391
137704 72091
137791 21924
137911 15256
138029 75651
138080 36809
138114 22336
138311 4259
138315 67019
138357 15758
138522 94541
138720 92566
138724 609
138800 4149
139021 67974
139106 6108
139131 55530
139213 2193
139290 63642
139358 62676
139382 94172
139480 80498
139702 95585
139746 87723
139758 92056
139776 95635
139912 2103
139969 67266
139986 22336
140247 11635
140363 86816
140369 65720
140493 4659
140558 80565
140568 92376
140576 97287
140604 47535
140632 97344
140756 68335
140790 38962
140896 97429
140909 67974
140943 10064
141092 32281
141129 97754
141175 69953
141239 97877
141464 98070
141527 807
141594 98166
141789 55482
141804 81801
142080 70109
142139 7157
142282 47535
142305 98748
142330 1490
142331 87329
142552 76104
142714 97376
142825 89938
142960 86531
143008 84557
143132 47327
143157 99156
143342 95896
143601 12931
143861 80879
143941 77334
144096 81801
144100 100306
144214 100389
144591 100714
145163 101208
145204 22336
145665 101627
145982 47904
146011 1561
146543 103345
146610 73644
146750 103497
146993 29717
147039 77905
147112 986
147775 88650
147976 100442
148386 41928
148395 104137
148443 69240
148523 99331
148641 104939
148665 21924
148784 70268
148788 105058
148858 102905
148876 100525
149459 83636
149630 105750
149796 2000
149811 3690
150158 105596
150207 89318
151169 101002
151183 61690
151199 107111
151431 107336
151453 97377
151522 100442
151550 5555
151691 107577
151813 26607
152301 22644
152488 8227
152501 36614
152659 36614
153274 24418
153295 100878
153392 2179
153420 10381
153458 109086
153519 109246
153586 108666
153738 108119
153747 49056
154032 5398
154061 109562
154227 109686
154251 56050
154262 109052
154471 70007
154574 82083
154766 109166
154841 47215
155219 110519
155332 5461
155580 85460
155650 6236
155684 28463
155952 90804
155998 108247
156028 111154
156068 97841
156164 47327
156359 27871
156545 111575
156553 111303
156827 2639
157045 93450
157334 112219
157501 112341
157515 93384
157696 100878
157790 112580
157893 6171
157912 112140
158092 3802
158201 104717
158205 109153
158291 112960
158602 36614
158617 113236
158693 113298
158957 97975
158988 2639
159069 111824
159115 108341
159227 107826
159229 63605
159413 112361
159462 113893
159710 2639
160216 114434
160281 114044
160290 114491
160343 103652
160354 112361
160530 88423
160794 38327
160872 25572
160924 110455
161220 62482
161586 89938
161752 112518
161824 113576
161849 62639
162042 88607
162227 42
162232 115894
162452 106181
162514 115120
162906 116426
163154 82422
163448 85087
163528 66771
163557 47904
163875 30663
164043 107144
164046 106092
164166 46541
164260 45215
164329 4117
164382 76595
164463 69499
164526 29842
164711 117820
164922 22336
165230 15336
165439 116768
165798 111858
165912 104648
165966 82422
166024 116895
166117 11070
166205 3850
166374 119122
166493 90906
166747 84648
166792 89051
166843 119448
166877 109669
167031 78725
167036 119559
167037 92616
167086 69499
167096 2639
167201 6782
167486 100880
167489 63358
167709 80766
167727 18763
168022 115723
168116 120417
168134 108702
168276 32281
168303 8065
168402 35071
168590 94217
168726 101334
168815 21554
168833 106092
169123 37801
169372 94932
169458 121414
170579 117459
170803 18779
170849 117459
171030 39083
171194 97259
171337 30542
171365 22336
171425 76294
171510 118303
171654 104717
171855 26103
172275 92058
172289 123782
172521 10356
172903 43765
173190 124534
173309 104717
173335 115167
173367 106092
173435 110455
173831 115193
173868 67308
173895 18592
174044 125197
174069 125206
174219 56050
174249 39083
174353 2639
174694 66634
174739 43889
175073 98571
175674 99201
175682 104717
176023 126589
176246 20420
176666 22336
176935 127240
177009 106092
177022 76104
177032 39083
177083 47904
177114 41584
177162 15834
177369 124037
177463 19079
177518 92058
177622 124814
177652 108666
177803 47517
178056 128061
179500 129364
179623 129462
180006 118985
180136 84541
180197 107865
180461 130099
181593 108464
181594 108666
181598 77905
181732 131312
182189 131635
182227 6621
182233 131671
182275 122874
182331 30763
182410 131728
182420 131794
182580 65676
182728 6503
182731 63375
182860 33583
183046 132322
183087 5555
183891 132952
183984 117838
184149 39336
184288 62203
184525 81733
184617 6311
185044 63242
185123 60094
185376 95744
185662 106851
186257 134687
186339 134950
186597 135138
186631 135103
186638 112822
186778 133144
187090 2639
187207 296
187342 32281
187369 135718
187568 6229
187688 135937
187807 60415
188016 3850
188044 107602
188203 3850
188231 105698
188335 136511
188667 136768
188793 136891
189484 39384
189607 137486
189676 138937
189928 52550
190073 137915
190090 7099
190782 131530
191146 8830
191393 138974
191440 139014
191552 139103
191595 2467
191803 143235
191825 7157
192208 6340
192364 139895
192524 108666
192901 2639
193138 6311
193154 114915
193287 114228
193362 116838
193394 126551
193777 124243
193783 2639
193875 104401
194131 3860
194222 141463
194315 141525
194684 2639
194975 126933
195085 10650
195338 38367
195763 141969
195775 141969
195923 110455
195937 41868
196030 127548
196158 93250
196219 21924
196220 126803
196330 24843
196570 33885
196600 3752
196931 25209
196938 143056
197142 135617
197360 80748
197363 45040
197789 143235
197870 116838
197937 142170
198170 87279
198408 145182
198473 7522
198513 145273
198611 68127
198789 65641
199144 21924
199202 145930
199226 144584
199487 134722
199842 136961
199853 146452
199961 99868
200161 146688
200269 9003
200279 146773
200352 112394
201598 426
201719 61720
202000 108666
202086 88731
202211 27077
202254 5705
202419 37801
202707 142635
203130 22958
203402 148366
203499 145286
203612 125987
203877 56050
203981 19079
204011 6500
204087 128086
204096 37801
204302 149376
204339 149339
204532 149594
204545 106915
204565 32281
204597 76586
204757 149801
204920 10832
205012 124721
205026 150011
205065 94397
205073 140866
205190 150011
205341 114601
205342 136557
205587 150484
205684 5705
205727 67433
205790 7820
206055 34007
206170 23348
206241 134963
206426 150682
206481 6965
206678 31995
206815 62128
206832 111936
206934 80084
206975 92056
207262 71033
207371 151446
207456 69045
207496 151892
207671 151996
207706 152024
207984 152208
208170 148689
208178 141335
208372 150303
208487 157
208520 71701
208731 149630
209084 5273
209384 153248
209546 140866
209583 71157
209695 150011
209989 136525
210066 37801
210249 97259
210865 154305
211352 361
211700 145286
212003 76104
212435 5273
212533 156536
212707 156675
212742 154927
212770 152962
212781 100880
212797 155154
213010 153063
213199 6171
213317 1396
213608 63896
213791 157535
213922 157294
214757 158347
214863 107865
215043 158592
215078 44838
215172 18779
215212 138733
215382 8666
215491 14747
215534 158996
215699 88154
215868 159291
216417 157227
216816 140866
216919 45616
216999 134691
217019 160232
217419 145286
217424 140866
217653 8900
217788 108666
218315 108219
218479 6171
218871 131988
218962 44945
219936 162483
220266 157227
220270 160118
220363 109246
220560 114601
221191 163808
221290 157
221349 22336
221531 164106
222987 110455
223392 109308
223496 154632
223906 166008
224871 167021
224913 55323
225240 75911
225274 584
226356 101163
226610 45140
226792 169788
226838 140866
226946 125505
227267 93322
227288 88731
228561 171420
228597 85461
228695 151704
228789 104717
228868 46742
229012 66547
229064 171881
229070 158365
229103 136353
229559 118434
229784 133383
230074 132653
230303 157
230328 160329
230491 60381
230722 104717
230993 99876
231228 133879
231460 66771
231474 153450
231628 174187
231647 25337
231682 21924
231862 136766
232048 150011
232120 157227
232943 136766
233382 56050
233610 31164
233642 173050
233674 73408
233716 94217
233783 31716
233851 42459
233861 175819
233884 159400
234086 157227
234144 22336
234221 176711
234303 136766
234368 176847
235085 1782
235153 134691
235197 91394
235227 153063
235412 84541
235465 171862
235469 56152
236675 2259
236768 5806
237128 179530
237312 175083
237418 179815
237475 6965
237494 150011
237509 39083
237671 39083
237684 104717
237935 2639
238263 36952
238350 175875
238714 165755
238783 95304
238873 168686
239314 171862
239400 181921
239646 171862
239788 182358
240469 133879
240503 181485
240540 104717
240742 52706
241302 84541
241607 184302
241656 56050
242187 18779
242649 185267
242813 185426
242908 174033
243115 176253
243484 44852
244000 177559
244345 80826
244756 175083
245148 37362
245178 187541
245699 108519
245781 187692
245983 99940
246015 56050
246372 145286
246448 140866
246495 188746
246649 68405
246734 18190
246804 134116
246832 189063
246888 21554
247090 21554
247411 15356
248503 144149
248587 63284
248610 158864
249465 155122
249520 186338
249593 191697
249617 108609
249715 28014
249838 190711
250166 135709
250395 192478
250490 145286
250573 114915
251034 193020
251805 70066
251988 171862
252191 44945
252661 161935
253166 193262
253873 150011
253924 4149
254252 68127
