1 4
2 7
3 10
4 11
5 13
6 14
7 16
8 18
9 19
10 22
11 24
12 25
13 26
14 29
15 30
16 31
17 34
18 39
19 41
20 42
21 43
22 44
23 45
24 46
25 47
26 48
27 50
28 51
29 53
30 60
31 61
32 63
33 64
34 67
35 68
36 69
37 71
38 76
39 77
40 78
41 79
42 80
43 81
44 82
45 83
46 86
47 87
48 88
49 92
50 96
51 97
52 99
53 101
54 102
55 105
56 106
57 107
58 109
59 110
60 112
61 115
62 116
63 119
64 120
65 121
66 123
67 125
68 130
69 135
70 136
71 139
72 146
73 151
74 153
75 154
76 157
77 158
78 162
79 163
80 165
81 171
82 172
83 174
84 176
85 177
86 180
87 182
88 186
89 190
90 191
91 192
92 193
93 200
94 203
95 208
96 215
97 231
98 243
99 244
100 247
101 250
102 253
103 260
104 261
105 267
106 271
107 272
108 274
109 278
110 283
111 285
112 287
113 290
114 296
115 307
116 308
117 321
118 322
119 331
120 351
121 361
122 371
123 374
124 377
125 379
126 386
127 392
128 393
129 394
130 408
131 410
132 415
133 418
134 426
135 435
136 440
137 456
138 462
139 464
140 492
141 507
142 508
143 511
144 515
145 521
146 527
147 528
148 530
149 533
150 542
151 546
152 547
153 552
154 554
155 555
156 557
157 558
158 563
159 569
160 574
161 576
162 583
163 584
164 588
165 592
166 594
167 599
168 609
169 610
170 630
171 648
172 650
173 653
174 655
175 659
176 660
177 661
178 664
179 671
180 674
181 679
182 680
183 686
184 691
185 693
186 695
187 708
188 710
189 729
190 736
191 738
192 746
193 761
194 783
195 786
196 792
197 795
198 805
199 807
200 809
201 820
202 826
203 832
204 841
205 847
206 860
207 863
208 871
209 874
210 876
211 877
212 886
213 892
214 895
215 906
216 911
217 930
218 931
219 932
220 940
221 941
222 950
223 953
224 966
225 970
226 972
227 973
228 976
229 983
230 986
231 993
232 1004
233 1008
234 1012
235 1030
236 1032
237 1043
238 1047
239 1048
240 1050
241 1056
242 1064
243 1074
244 1089
245 1095
246 1096
247 1097
248 1107
249 1108
250 1111
251 1120
252 1136
253 1160
254 1167
255 1170
256 1172
257 1174
258 1186
259 1188
260 1192
261 1193
262 1196
263 1197
264 1198
265 1201
266 1210
267 1217
268 1219
269 1238
270 1256
271 1258
272 1259
273 1262
274 1268
275 1285
276 1290
277 1295
278 1303
279 1319
280 1321
281 1336
282 1339
283 1342
284 1348
285 1353
286 1357
287 1369
288 1376
289 1379
290 1392
291 1396
292 1397
293 1406
294 1413
295 1419
296 1423
297 1426
298 1428
299 1438
300 1439
301 1469
302 1470
303 1485
304 1490
305 1504
306 1507
307 1514
308 1533
309 1542
310 1543
311 1561
312 1562
313 1564
314 1573
315 1579
316 1580
317 1584
318 1603
319 1607
320 1611
321 1625
322 1634
323 1636
324 1663
325 1669
326 1682
327 1698
328 1701
329 1705
330 1710
331 1721
332 1726
333 1750
334 1752
335 1754
336 1756
337 1758
338 1759
339 1764
340 1767
341 1777
342 1782
343 1803
344 1805
345 1807
346 1817
347 1822
348 1828
349 1830
350 1832
351 1842
352 1854
353 1856
354 1857
355 1860
356 1863
357 1875
358 1876
359 1894
360 1896
361 1908
362 1910
363 1923
364 1926
365 1935
366 1941
367 1945
368 1954
369 1967
370 1978
371 1990
372 1996
373 1997
374 2000
375 2004
376 2015
377 2023
378 2024
379 2028
380 2035
381 2038
382 2043
383 2046
384 2047
385 2050
386 2058
387 2063
388 2069
389 2074
390 2092
391 2103
392 2109
393 2129
394 2131
395 2135
396 2136
397 2142
398 2145
399 2150
400 2151
401 2179
402 2187
403 2190
404 2193
405 2201
406 2222
407 2224
408 2227
409 2232
410 2238
411 2241
412 2248
413 2249
414 2251
415 2257
416 2259
417 2260
418 2264
419 2274
420 2275
421 2291
422 2293
423 2294
424 2295
425 2319
426 2321
427 2326
428 2334
429 2335
430 2344
431 2346
432 2349
433 2351
434 2352
435 2355
436 2357
437 2374
438 2381
439 2382
440 2386
441 2397
442 2399
443 2407
444 2415
445 2416
446 2417
447 2420
448 2423
449 2425
450 2430
451 2431
452 2445
453 2447
454 2452
455 2453
456 2455
457 2459
458 2465
459 2467
460 2479
461 2492
462 2493
463 2498
464 2502
465 2506
466 2512
467 2528
468 2532
469 2538
470 2542
471 2549
472 2554
473 2561
474 2566
475 2573
476 2574
477 2583
478 2584
479 2598
480 2602
481 2613
482 2618
483 2620
484 2621
485 2626
486 2631
487 2638
488 2639
489 2645
490 2660
491 2662
492 2663
493 2676
494 2681
495 2682
496 2689
497 2691
498 2693
499 2695
500 2703
501 2704
502 2718
503 2728
504 2744
505 2755
506 2756
507 2758
508 2766
509 2767
510 2781
511 2796
512 2808
513 2814
514 2832
515 2833
516 2835
517 2837
518 2844
519 2869
520 2880
521 2883
522 2897
523 2928
524 2930
525 2945
526 2946
527 2953
528 2965
529 2974
530 2992
531 3012
532 3020
533 3024
534 3035
535 3046
536 3055
537 3064
538 3068
539 3071
540 3076
541 3086
542 3087
543 3098
544 3106
545 3110
546 3119
547 3121
548 3142
549 3143
550 3153
551 3160
552 3168
553 3173
554 3174
555 3186
556 3196
557 3211
558 3216
559 3233
560 3234
561 3236
562 3243
563 3258
564 3267
565 3279
566 3286
567 3296
568 3303
569 3322
570 3330
571 3336
572 3347
573 3351
574 3353
575 3354
576 3394
577 3396
578 3400
579 3403
580 3409
581 3417
582 3423
583 3432
584 3434
585 3455
586 3459
587 3460
588 3461
589 3466
590 3473
591 3475
592 3480
593 3481
594 3510
595 3511
596 3528
597 3548
598 3551
599 3568
600 3583
601 3585
602 3592
603 3594
604 3607
605 3609
606 3618
607 3635
608 3640
609 3650
610 3651
611 3654
612 3659
613 3684
614 3687
615 3690
616 3694
617 3698
618 3710
619 3731
620 3734
621 3735
622 3748
623 3752
624 3755
625 3761
626 3769
627 3787
628 3789
629 3798
630 3802
631 3808
632 3815
633 3833
634 3834
635 3841
636 3844
637 3847
638 3848
639 3850
640 3858
641 3859
642 3860
643 3863
644 3879
645 3899
646 3908
647 3912
648 3914
649 3916
650 3928
651 3931
652 3935
653 3941
654 3967
655 3968
656 3974
657 3993
658 3996
659 3998
660 4000
661 4007
662 4008
663 4012
664 4021
665 4031
666 4065
667 4084
668 4093
669 4097
670 4099
671 4102
672 4103
673 4104
674 4116
675 4117
676 4119
677 4134
678 4149
679 4151
680 4154
681 4179
682 4180
683 4195
684 4203
685 4213
686 4224
687 4229
688 4238
689 4249
690 4259
691 4279
692 4293
693 4312
694 4314
695 4315
696 4316
697 4325
698 4328
699 4331
700 4349
701 4364
702 4384
703 4386
704 4395
705 4396
706 4403
707 4408
708 4425
709 4438
710 4456
711 4466
712 4468
713 4469
714 4473
715 4480
716 4490
717 4492
718 4494
719 4512
720 4517
721 4533
722 4552
723 4567
724 4571
725 4601
726 4613
727 4648
728 4653
729 4659
730 4684
731 4687
732 4704
733 4735
734 4740
735 4752
736 4764
737 4779
738 4782
739 4786
740 4790
741 4792
742 4796
743 4805
744 4806
745 4817
746 4826
747 4831
748 4838
749 4839
750 4843
751 4844
752 4846
753 4864
754 4903
755 4909
756 4939
757 4946
758 4947
759 4953
760 4956
761 4957
762 4967
763 5006
764 5019
765 5030
766 5031
767 5035
768 5068
769 5072
770 5089
771 5090
772 5092
773 5099
774 5116
775 5121
776 5125
777 5133
778 5138
779 5142
780 5145
781 5157
782 5160
783 5175
784 5184
785 5185
786 5189
787 5199
788 5200
789 5201
790 5203
791 5208
792 5219
793 5234
794 5236
795 5246
796 5248
797 5266
798 5273
799 5286
800 5301
801 5303
802 5315
803 5351
804 5355
805 5360
806 5365
807 5371
808 5378
809 5398
810 5424
811 5435
812 5436
813 5461
814 5463
815 5469
816 5475
817 5486
818 5501
819 5506
820 5512
821 5517
822 5525
823 5527
824 5531
825 5540
826 5544
827 5555
828 5558
829 5562
830 5573
831 5606
832 5621
833 5622
834 5645
835 5654
836 5664
837 5678
838 5687
839 5691
840 5693
841 5705
842 5717
843 5726
844 5728
845 5732
846 5735
847 5736
848 5737
849 5740
850 5743
851 5745
852 5751
853 5754
854 5776
855 5778
856 5806
857 5845
858 5854
859 5861
860 5864
861 5868
862 5871
863 5880
864 5883
865 5903
866 5915
867 5937
868 5946
869 5951
870 5968
871 5983
872 5986
873 5992
874 5996
875 6028
876 6037
877 6039
878 6045
879 6059
880 6087
881 6096
882 6108
883 6141
884 6167
885 6171
886 6173
887 6206
888 6219
889 6229
890 6235
891 6236
892 6239
893 6257
894 6261
895 6268
896 6271
897 6280
898 6294
899 6304
900 6311
901 6318
902 6321
903 6334
904 6340
905 6341
906 6343
907 6355
908 6361
909 6365
910 6370
911 6381
912 6383
913 6384
914 6389
915 6391
916 6393
917 6417
918 6435
919 6441
920 6462
921 6481
922 6500
923 6503
924 6512
925 6515
926 6548
927 6562
928 6563
929 6564
930 6567
931 6568
932 6578
933 6586
934 6597
935 6599
936 6612
937 6621
938 6622
939 6626
940 6627
941 6651
942 6667
943 6671
944 6675
945 6687
946 6688
947 6719
948 6742
949 6776
950 6782
951 6783
952 6791
953 6793
954 6810
955 6816
956 6819
957 6823
958 6830
959 6839
960 6855
961 6864
962 6872
963 6887
964 6897
965 6898
966 6909
967 6911
968 6919
969 6928
970 6934
971 6952
972 6958
973 6960
974 6965
975 6974
976 6977
977 6978
978 6984
979 6998
980 7005
981 7016
982 7024
983 7031
984 7042
985 7059
986 7061
987 7074
988 7099
989 7104
990 7118
991 7119
992 7131
993 7154
994 7157
995 7169
996 7178
997 7183
998 7194
999 7200
1000 7203
1001 7214
1002 7251
1003 7257
1004 7269
1005 7274
1006 7279
1007 7287
1008 7326
1009 7336
1010 7338
1011 7342
1012 7343
1013 7346
1014 7370
1015 7385
1016 7482
1017 7490
1018 7511
1019 7517
1020 7522
1021 7531
1022 7536
1023 7541
1024 7542
1025 7551
1026 7568
1027 7586
1028 7611
1029 7627
1030 7680
1031 7689
1032 7710
1033 7737
1034 7742
1035 7788
1036 7820
1037 7823
1038 7832
1039 7846
1040 7863
1041 7867
1042 7882
1043 7895
1044 7902
1045 7921
1046 7970
1047 7975
1048 7988
1049 8015
1050 8018
1051 8019
1052 8044
1053 8065
1054 8070
1055 8115
1056 8146
1057 8166
1058 8194
1059 8211
1060 8213
1061 8215
1062 8221
1063 8224
1064 8226
1065 8227
1066 8244
1067 8270
1068 8278
1069 8279
1070 8283
1071 8302
1072 8303
1073 8304
1074 8332
1075 8335
1076 8337
1077 8343
1078 8360
1079 8379
1080 8380
1081 8397
1082 8408
1083 8411
1084 8418
1085 8422
1086 8426
1087 8447
1088 8449
1089 8484
1090 8487
1091 8488
1092 8502
1093 8514
1094 8519
1095 8527
1096 8545
1097 8546
1098 8558
1099 8575
1100 8578
1101 8607
1102 8641
1103 8654
1104 8666
1105 8701
1106 8727
1107 8771
1108 8783
1109 8789
1110 8791
1111 8792
1112 8799
1113 8823
1114 8824
1115 8830
1116 8834
1117 8841
1118 8846
1119 8852
1120 8900
1121 8945
1122 8951
1123 8968
1124 8970
1125 9000
1126 9003
1127 9008
1128 9031
1129 9036
1130 9088
1131 9105
1132 9119
1133 9159
1134 9164
1135 9192
1136 9210
1137 9234
1138 9237
1139 9261
1140 9277
1141 9280
1142 9294
1143 9317
1144 9332
1145 9339
1146 9353
1147 9356
1148 9365
1149 9377
1150 9405
1151 9406
1152 9415
1153 9428
1154 9434
1155 9470
1156 9481
1157 9486
1158 9494
1159 9525
1160 9533
1161 9540
1162 9555
1163 9558
1164 9581
1165 9587
1166 9598
1167 9611
1168 9616
1169 9617
1170 9622
1171 9643
1172 9647
1173 9652
1174 9655
1175 9662
1176 9712
1177 9718
1178 9761
1179 9797
1180 9803
1181 9823
1182 9824
1183 9825
1184 9842
1185 9843
1186 9846
1187 9853
1188 9865
1189 9866
1190 9908
1191 9914
1192 9922
1193 9932
1194 9933
1195 9950
1196 9963
1197 10059
1198 10064
1199 10072
1200 10079
1201 10082
1202 10090
1203 10095
1204 10106
1205 10144
1206 10166
1207 10167
1208 10181
1209 10190
1210 10197
1211 10220
1212 10251
1213 10267
1214 10271
1215 10290
1216 10298
1217 10303
1218 10312
1219 10319
1220 10330
1221 10339
1222 10356
1223 10361
1224 10381
1225 10386
1226 10387
1227 10408
1228 10414
1229 10438
1230 10442
1231 10469
1232 10498
1233 10505
1234 10522
1235 10561
1236 10562
1237 10568
1238 10596
1239 10602
1240 10612
1241 10624
1242 10650
1243 10656
1244 10677
1245 10681
1246 10721
1247 10723
1248 10746
1249 10756
1250 10768
1251 10769
1252 10776
1253 10790
1254 10803
1255 10829
1256 10832
1257 10850
1258 10854
1259 10890
1260 10927
1261 10930
1262 10937
1263 10973
1264 10984
1265 11006
1266 11015
1267 11060
1268 11064
1269 11070
1270 11079
1271 11122
1272 11145
1273 11151
1274 11155
1275 11165
1276 11178
1277 11212
1278 11238
1279 11240
1280 11246
1281 11251
1282 11255
1283 11272
1284 11292
1285 11303
1286 11313
1287 11315
1288 11334
1289 11360
1290 11383
1291 11386
1292 11391
1293 11397
1294 11440
1295 11454
1296 11495
1297 11517
1298 11525
1299 11526
1300 11530
1301 11537
1302 11580
1303 11587
1304 11588
1305 11625
1306 11635
1307 11639
1308 11651
1309 12671
1310 12707
1311 12714
1312 12720
1313 12780
1314 12792
1315 12800
1316 12818
1317 12838
1318 12860
1319 12878
1320 12879
1321 12885
1322 12912
1323 12913
1324 12916
1325 12926
1326 12931
1327 12932
1328 12938
1329 12971
1330 13023
1331 13032
1332 13053
1333 13073
1334 13096
1335 13097
1336 13101
1337 13113
1338 13119
1339 13131
1340 13162
1341 13169
1342 13180
1343 13184
1344 13185
1345 13212
1346 13231
1347 13241
1348 13247
1349 13268
1350 13269
1351 13283
1352 13292
1353 13305
1354 13338
1355 13362
1356 14456
1357 14476
1358 14500
1359 14501
1360 14504
1361 14506
1362 14533
1363 14576
1364 14578
1365 14615
1366 14689
1367 14706
1368 14734
1369 14747
1370 14753
1371 14769
1372 14774
1373 14776
1374 14786
1375 14795
1376 14809
1377 14821
1378 14835
1379 14849
1380 14857
1381 14867
1382 14887
1383 14907
1384 14971
1385 14974
1386 14988
1387 15011
1388 15077
1389 15084
1390 15143
1391 15145
1392 15147
1393 15163
1394 15169
1395 15256
1396 15287
1397 15305
1398 15318
1399 15321
1400 15336
1401 15351
1402 15356
1403 15375
1404 15386
1405 15391
1406 15410
1407 15427
1408 15518
1409 15525
1410 15533
1411 15535
1412 15545
1413 15583
1414 15587
1415 15642
1416 15645
1417 15655
1418 15668
1419 15698
1420 15715
1421 15718
1422 15725
1423 15750
1424 15754
1425 15758
1426 15778
1427 15781
1428 15787
1429 15804
1430 15819
1431 15833
1432 15834
1433 15837
1434 15857
1435 15864
1436 15871
1437 15876
1438 15880
1439 15908
1440 15940
1441 15966
1442 16008
1443 16010
1444 16020
1445 16029
1446 16050
1447 16052
1448 16057
1449 16074
1450 16075
1451 16080
1452 16108
1453 16115
1454 16181
1455 16189
1456 16254
1457 16275
1458 16299
1459 16328
1460 16336
1461 16341
1462 16345
1463 16372
1464 16382
1465 16386
1466 16399
1467 16403
1468 16415
1469 16418
1470 16469
1471 16495
1472 16496
1473 16497
1474 16548
1475 16642
1476 16664
1477 16668
1478 16673
1479 16715
1480 16719
1481 16721
1482 16731
1483 16732
1484 16768
1485 16776
1486 16778
1487 16784
1488 16798
1489 16836
1490 16855
1491 16892
1492 16909
1493 16938
1494 16950
1495 16956
1496 18030
1497 18033
1498 18059
1499 18127
1500 18140
1501 18155
1502 18190
1503 18198
1504 18236
1505 18263
1506 18266
1507 18270
1508 18281
1509 18400
1510 18414
1511 18429
1512 18482
1513 18497
1514 18506
1515 18523
1516 18524
1517 18556
1518 18561
1519 18583
1520 18592
1521 18607
1522 18625
1523 18681
1524 18682
1525 18695
1526 18697
1527 18763
1528 18767
1529 18779
1530 18794
1531 18810
1532 18851
1533 18861
1534 18901
1535 18927
1536 18936
1537 18943
1538 18944
1539 18984
1540 19012
1541 19046
1542 19079
1543 19094
1544 19117
1545 19152
1546 20179
1547 20225
1548 20256
1549 20293
1550 20299
1551 20325
1552 20333
1553 20364
1554 20391
1555 20401
1556 20420
1557 20442
1558 20510
1559 20512
1560 20519
1561 20535
1562 20552
1563 20554
1564 20565
1565 20578
1566 20589
1567 20597
1568 20599
1569 20605
1570 20643
1571 20648
1572 20664
1573 20682
1574 20716
1575 20781
1576 20783
1577 20826
1578 20840
1579 20841
1580 20877
1581 20927
1582 20931
1583 20983
1584 21011
1585 21029
1586 21083
1587 21086
1588 21119
1589 21137
1590 21199
1591 21243
1592 21261
1593 21272
1594 21276
1595 21338
1596 21358
1597 21372
1598 21390
1599 21401
1600 21433
1601 21435
1602 21452
1603 21527
1604 21554
1605 21574
1606 21575
1607 21580
1608 21590
1609 21629
1610 21684
1611 21686
1612 21728
1613 21731
1614 21763
1615 21771
1616 21777
1617 21809
1618 21816
1619 21862
1620 21877
1621 21919
1622 21924
1623 21959
1624 22049
1625 22084
1626 22155
1627 22162
1628 22206
1629 22230
1630 22266
1631 22272
1632 22300
1633 22315
1634 22336
1635 22346
1636 22403
1637 22411
1638 22453
1639 22465
1640 22473
1641 22523
1642 22530
1643 22553
1644 22585
1645 22587
1646 22628
1647 22633
1648 22644
1649 22673
1650 22676
1651 22680
1652 22681
1653 22701
1654 22707
1655 22721
1656 22724
1657 22747
1658 22765
1659 22778
1660 22799
1661 22823
1662 22828
1663 22958
1664 23013
1665 23049
1666 23051
1667 23072
1668 23076
1669 23098
1670 23112
1671 23159
1672 23221
1673 23222
1674 23263
1675 23273
1676 23294
1677 23348
1678 23349
1679 23369
1680 23539
1681 23623
1682 23634
1683 23687
1684 23688
1685 23720
1686 23721
1687 23824
1688 23886
1689 23959
1690 24084
1691 24094
1692 24122
1693 24131
1694 24157
1695 24164
1696 24246
1697 24289
1698 24327
1699 24330
1700 24393
1701 24400
1702 24404
1703 24418
1704 24453
1705 24466
1706 24476
1707 24477
1708 24481
1709 24505
1710 24529
1711 24553
1712 24579
1713 24681
1714 24700
1715 24713
1716 24764
1717 24784
1718 24843
1719 24862
1720 24865
1721 24875
1722 24946
1723 24967
1724 24969
1725 24985
1726 25083
1727 25098
1728 25138
1729 25146
1730 25190
1731 25209
1732 25319
1733 25337
1734 25388
1735 25399
1736 25410
1737 25441
1738 25478
1739 25569
1740 25572
1741 25592
1742 25608
1743 25615
1744 25633
1745 25668
1746 25674
1747 25790
1748 25834
1749 25837
1750 25860
1751 25871
1752 25925
1753 25995
1754 25998
1755 26002
1756 26006
1757 26103
1758 26131
1759 26156
1760 26266
1761 26360
1762 26387
1763 26400
1764 26406
1765 26409
1766 26426
1767 26427
1768 26443
1769 26481
1770 26533
1771 26604
1772 26607
1773 26618
1774 26626
1775 26627
1776 26630
1777 26638
1778 26654
1779 26764
1780 26790
1781 26833
1782 26863
1783 26925
1784 26930
1785 27005
1786 27007
1787 27041
1788 27049
1789 27058
1790 27070
1791 27077
1792 27120
1793 27215
1794 27218
1795 27330
1796 27386
1797 27475
1798 27486
1799 27509
1800 27540
1801 27599
1802 27668
1803 27711
1804 27816
1805 27842
1806 27871
1807 27899
1808 27924
1809 27936
1810 28009
1811 28014
1812 28019
1813 28065
1814 28164
1815 28186
1816 28198
1817 28200
1818 28279
1819 28318
1820 28330
1821 28335
1822 28367
1823 28372
1824 28463
1825 28611
1826 28620
1827 28646
1828 28689
1829 28785
1830 28836
1831 28839
1832 28854
1833 28938
1834 28954
1835 28984
1836 29065
1837 29098
1838 29178
1839 29183
1840 29271
1841 29289
1842 29294
1843 29332
1844 29401
1845 29453
1846 29459
1847 29478
1848 29517
1849 29581
1850 29637
1851 29692
1852 29717
1853 29735
1854 29750
1855 29782
1856 29808
1857 29832
1858 29842
1859 29844
1860 29912
1861 29940
1862 29980
1863 30006
1864 30023
1865 30035
1866 30044
1867 30053
1868 30199
1869 30209
1870 30255
1871 30273
1872 30371
1873 30417
1874 30431
1875 30522
1876 30542
1877 30545
1878 30647
1879 30663
1880 30732
1881 30763
1882 30790
1883 30799
1884 30859
1885 31001
1886 31004
1887 31066
1888 31158
1889 31164
1890 31189
1891 31211
1892 31215
1893 31217
1894 31252
1895 31358
1896 31401
1897 31426
1898 31452
1899 31496
1900 31527
1901 31714
1902 31716
1903 31822
1904 31844
1905 31880
1906 31936
1907 31950
1908 31995
1909 32044
1910 32209
1911 32281
1912 32297
1913 32393
1914 32394
1915 32448
1916 32584
1917 32654
1918 32681
1919 32768
1920 32791
1921 32815
1922 32870
1923 32895
1924 32902
1925 32915
1926 32929
1927 32943
1928 32949
1929 33041
1930 33090
1931 33099
1932 33155
1933 33170
1934 33203
1935 33226
1936 33232
1937 33354
1938 33398
1939 33413
1940 33466
1941 33518
1942 33521
1943 33568
1944 33583
1945 33630
1946 33636
1947 33638
1948 33733
1949 33793
1950 33797
1951 33834
1952 33848
1953 33850
1954 33863
1955 33885
1956 33970
1957 33992
1958 34007
1959 34069
1960 34084
1961 34118
1962 34177
1963 34197
1964 34257
1965 34332
1966 34361
1967 34451
1968 34490
1969 34637
1970 34652
1971 34659
1972 34662
1973 34681
1974 34746
1975 34857
1976 34893
1977 34986
1978 34999
1979 35071
1980 35136
1981 35170
1982 35181
1983 35249
1984 35264
1985 35265
1986 35341
1987 35360
1988 35433
1989 35444
1990 35450
1991 35468
1992 35479
1993 35503
1994 35506
1995 35551
1996 35636
1997 35641
1998 35657
1999 35661
2000 35705
2001 35768
2002 35807
2003 35848
2004 35862
2005 35884
2006 35977
2007 36017
2008 36021
2009 36066
2010 36089
2011 36096
2012 36333
2013 36335
2014 36366
2015 36372
2016 36403
2017 36438
2018 36448
2019 36483
2020 36498
2021 36529
2022 36601
2023 36614
2024 36641
2025 36675
2026 36686
2027 36748
2028 36809
2029 36812
2030 36865
2031 36910
2032 36927
2033 36952
2034 36972
2035 36980
2036 36983
2037 36985
2038 37007
2039 37015
2040 37078
2041 37082
2042 37160
2043 37171
2044 37187
2045 37192
2046 37198
2047 37203
2048 37243
2049 37362
2050 37398
2051 37419
2052 37492
2053 37507
2054 37655
2055 37765
2056 37801
2057 37821
2058 37825
2059 37872
2060 37889
2061 37899
2062 37926
2063 37954
2064 37971
2065 38111
2066 38125
2067 38151
2068 38158
2069 38192
2070 38309
2071 38327
2072 38367
2073 38371
2074 38400
2075 38408
2076 38456
2077 38497
2078 38544
2079 38582
2080 38619
2081 38742
2082 38772
2083 38839
2084 38841
2085 38857
2086 38962
2087 38968
2088 38996
2089 39065
2090 39083
2091 39098
2092 39135
2093 39138
2094 39151
2095 39264
2096 39278
2097 39297
2098 39298
2099 39336
2100 39345
2101 39378
2102 39384
2103 39432
2104 39457
2105 39476
2106 39480
2107 39509
2108 39550
2109 39594
2110 39611
2111 39636
2112 39716
2113 40835
2114 40838
2115 40883
2116 40889
2117 40918
2118 40924
2119 40938
2120 40984
2121 41022
2122 41172
2123 41214
2124 41302
2125 41415
2126 41518
2127 41558
2128 41563
2129 41572
2130 41581
2131 41584
2132 41677
2133 41696
2134 41723
2135 41787
2136 41851
2137 41868
2138 41906
2139 41928
2140 41974
2141 42017
2142 42104
2143 42131
2144 42190
2145 42199
2146 42272
2147 42350
2148 42351
2149 42379
2150 42414
2151 42459
2152 42489
2153 43504
2154 43529
2155 43588
2156 43661
2157 43710
2158 43719
2159 43755
2160 43765
2161 43823
2162 43889
2163 43996
2164 44173
2165 44189
2166 44216
2167 44265
2168 44271
2169 44285
2170 44324
2171 44336
2172 44434
2173 44522
2174 44624
2175 44642
2176 44705
2177 44715
2178 44760
2179 44779
2180 44801
2181 44838
2182 44852
2183 44945
2184 45014
2185 45037
2186 45040
2187 45139
2188 45140
2189 45212
2190 45215
2191 45329
2192 45437
2193 45462
2194 45483
2195 45509
2196 45529
2197 45616
2198 45788
2199 45802
2200 45849
2201 45924
2202 45954
2203 46021
2204 46027
2205 46076
2206 46121
2207 46185
2208 46222
2209 46242
2210 46290
2211 46305
2212 46345
2213 46380
2214 46422
2215 46469
2216 46482
2217 46541
2218 46598
2219 46635
2220 46685
2221 46709
2222 46742
2223 46773
2224 46951
2225 46964
2226 47045
2227 47059
2228 47067
2229 47075
2230 47215
2231 47327
2232 47355
2233 47366
2234 47448
2235 47472
2236 47517
2237 47535
2238 47540
2239 47541
2240 47594
2241 47620
2242 47722
2243 47784
2244 47866
2245 47904
2246 47920
2247 47933
2248 48091
2249 48093
2250 48095
2251 48130
2252 48171
2253 48178
2254 48235
2255 48285
2256 48361
2257 48375
2258 48443
2259 48511
2260 48520
2261 48551
2262 48614
2263 48620
2264 48699
2265 48785
2266 48816
2267 48817
2268 48890
2269 48896
2270 48915
2271 49019
2272 49056
2273 49126
2274 50132
2275 50252
2276 50274
2277 50446
2278 50676
2279 50683
2280 50684
2281 50697
2282 50765
2283 50780
2284 50917
2285 50967
2286 51033
2287 51174
2288 51215
2289 51275
2290 51308
2291 51375
2292 51428
2293 51444
2294 51499
2295 51618
2296 51816
2297 51898
2298 51990
2299 52054
2300 52074
2301 52107
2302 52114
2303 52150
2304 52175
2305 52238
2306 52344
2307 52538
2308 52543
2309 52550
2310 52567
2311 52587
2312 52618
2313 52706
2314 52947
2315 53021
2316 53202
2317 53241
2318 53266
2319 53319
2320 53385
2321 53400
2322 53420
2323 53595
2324 53657
2325 53681
2326 53729
2327 53731
2328 53736
2329 53742
2330 53747
2331 53815
2332 54928
2333 55112
2334 55293
2335 55303
2336 55323
2337 55439
2338 55461
2339 55465
2340 55482
2341 55483
2342 55491
2343 55530
2344 55554
2345 55592
2346 55596
2347 55695
2348 55719
2349 55727
2350 55957
2351 56050
2352 56052
2353 56152
2354 56173
2355 56307
2356 56322
2357 56431
2358 56448
2359 56561
2360 56613
2361 56646
2362 56834
2363 56871
2364 56888
2365 57105
2366 57177
2367 57247
2368 57257
2369 57348
2370 57371
2371 57425
2372 57444
2373 57466
2374 57559
2375 57632
2376 57760
2377 57849
2378 58071
2379 58074
2380 58081
2381 58144
2382 58426
2383 58678
2384 58689
2385 58728
2386 59825
2387 59981
2388 60085
2389 60094
2390 60131
2391 60146
2392 60187
2393 60253
2394 60318
2395 60381
2396 60415
2397 60581
2398 60750
2399 60785
2400 60898
2401 60949
2402 60959
2403 61030
2404 61056
2405 61088
2406 61514
2407 61517
2408 61679
2409 61690
2410 61720
2411 61737
2412 61796
2413 61935
2414 61957
2415 62128
2416 62203
2417 62482
2418 62506
2419 62605
2420 62618
2421 62639
2422 62648
2423 62676
2424 62869
2425 63011
2426 63242
2427 63284
2428 63289
2429 63329
2430 63343
2431 63358
2432 63375
2433 63406
2434 63436
2435 63467
2436 63520
2437 63584
2438 63605
2439 63611
2440 63613
2441 63642
2442 63644
2443 63684
2444 63738
2445 63780
2446 63798
2447 63835
2448 63896
2449 63913
2450 64142
2451 64235
2452 64280
2453 64311
2454 64458
2455 64493
2456 64506
2457 64523
2458 65641
2459 65666
2460 65676
2461 65720
2462 65774
2463 65778
2464 65784
2465 65798
2466 65834
2467 65939
2468 65940
2469 65964
2470 66183
2471 66196
2472 66232
2473 66299
2474 66300
2475 66520
2476 66547
2477 66634
2478 66695
2479 66771
2480 66829
2481 66836
2482 66933
2483 67019
2484 67028
2485 67266
2486 67308
2487 67368
2488 67405
2489 67433
2490 67511
2491 67515
2492 67674
2493 67685
2494 67733
2495 67820
2496 67886
2497 67946
2498 67974
2499 68051
2500 68127
2501 68325
2502 68335
2503 68346
2504 68405
2505 68536
2506 68552
2507 68592
2508 68599
2509 68606
2510 68765
2511 68796
2512 68798
2513 68880
2514 68931
2515 69045
2516 69051
2517 69133
2518 69210
2519 69223
2520 69228
2521 69240
2522 69275
2523 69307
2524 69328
2525 69346
2526 69390
2527 69492
2528 69499
2529 69540
2530 69615
2531 69621
2532 69626
2533 69758
2534 69828
2535 69835
2536 69944
2537 69953
2538 69954
2539 70007
2540 70066
2541 70109
2542 70268
2543 70381
2544 70456
2545 70577
2546 70674
2547 70693
2548 70730
2549 70983
2550 71033
2551 71080
2552 71119
2553 71157
2554 71168
2555 71277
2556 71419
2557 71476
2558 71506
2559 71655
2560 71657
2561 71672
2562 71701
2563 71751
2564 71869
2565 71896
2566 72014
2567 72048
2568 72070
2569 72091
2570 72247
2571 72250
2572 72261
2573 72290
2574 72359
2575 72398
2576 72417
2577 72529
2578 72629
2579 72633
2580 72662
2581 72732
2582 72736
2583 72740
2584 72755
2585 72776
2586 72915
2587 72965
2588 72986
2589 72992
2590 73066
2591 73067
2592 73098
2593 73172
2594 73196
2595 73344
2596 73408
2597 73488
2598 73510
2599 73541
2600 73581
2601 73608
2602 73644
2603 73745
2604 73805
2605 73833
2606 73866
2607 73986
2608 74024
2609 74041
2610 74057
2611 74096
2612 74105
2613 74176
2614 74202
2615 74250
2616 74259
2617 74268
2618 74288
2619 75374
2620 75405
2621 75427
2622 75565
2623 75598
2624 75634
2625 75647
2626 75651
2627 75707
2628 75736
2629 75834
2630 75849
2631 75911
2632 76104
2633 76235
2634 76294
2635 76304
2636 76537
2637 76586
2638 76595
2639 76645
2640 76763
2641 76787
2642 76811
2643 76918
2644 76939
2645 77002
2646 77017
2647 77098
2648 77103
2649 77121
2650 77196
2651 77287
2652 77334
2653 77365
2654 77451
2655 77539
2656 77561
2657 77582
2658 77793
2659 77844
2660 77905
2661 78045
2662 78208
2663 78230
2664 78231
2665 78358
2666 78725
2667 78813
2668 78821
2669 79433
2670 79544
2671 79632
2672 79720
2673 79735
2674 79823
2675 80084
2676 80290
2677 80498
2678 80530
2679 80560
2680 80565
2681 80701
2682 80748
2683 80766
2684 80826
2685 80879
2686 80942
2687 81130
2688 81161
2689 81208
2690 81333
2691 81550
2692 81559
2693 81574
2694 81591
2695 81624
2696 81733
2697 81761
2698 81801
2699 82083
2700 82180
2701 82278
2702 82422
2703 82568
2704 82789
2705 82939
2706 82947
2707 83631
2708 83636
2709 83662
2710 83736
2711 83792
2712 83828
2713 83841
2714 83893
2715 83894
2716 83907
2717 83962
2718 83977
2719 83982
2720 84013
2721 84108
2722 84225
2723 84227
2724 84341
2725 84413
2726 84515
2727 84541
2728 84557
2729 84574
2730 84648
2731 84804
2732 84874
2733 85087
2734 85314
2735 85420
2736 85460
2737 85461
2738 85521
2739 85642
2740 85691
2741 85706
2742 85787
2743 85921
2744 85946
2745 85955
2746 86028
2747 86223
2748 86287
2749 86308
2750 86450
2751 86527
2752 86531
2753 86614
2754 86623
2755 86732
2756 86816
2757 86983
2758 87062
2759 87103
2760 87279
2761 87329
2762 87463
2763 87488
2764 87535
2765 87591
2766 87605
2767 87614
2768 87723
2769 87836
2770 87965
2771 88063
2772 88130
2773 88154
2774 88191
2775 88324
2776 88357
2777 88366
2778 88423
2779 88607
2780 88620
2781 88650
2782 88731
2783 88844
2784 89051
2785 89077
2786 89188
2787 89264
2788 89318
2789 89395
2790 89400
2791 89503
2792 89555
2793 89938
2794 90146
2795 90168
2796 90378
2797 90391
2798 90504
2799 90537
2800 90707
2801 90710
2802 90721
2803 90750
2804 90804
2805 90846
2806 90862
2807 90875
2808 90899
2809 90906
2810 90973
2811 91036
2812 91116
2813 91147
2814 91172
2815 91176
2816 91365
2817 91394
2818 91499
2819 91525
2820 91542
2821 91686
2822 91871
2823 92018
2824 92033
2825 92056
2826 92058
2827 92192
2828 92361
2829 92364
2830 92376
2831 92378
2832 92382
2833 92406
2834 92443
2835 92499
2836 92535
2837 92554
2838 92566
2839 92585
2840 92616
2841 92808
2842 92819
2843 92852
2844 93035
2845 93250
2846 93257
2847 93315
2848 93322
2849 93384
2850 93450
2851 93495
2852 93658
2853 93838
2854 93925
2855 94025
2856 94051
2857 94172
2858 94217
2859 94296
2860 94397
2861 94401
2862 94541
2863 94881
2864 94932
2865 94938
2866 95007
2867 95107
2868 95190
2869 95304
2870 95585
2871 95592
2872 95635
2873 95744
2874 95896
2875 95991
2876 97259
2877 97287
2878 97344
2879 97376
2880 97377
2881 97429
2882 97754
2883 97765
2884 97774
2885 97829
2886 97841
2887 97859
2888 97877
2889 97975
2890 98070
2891 98166
2892 98279
2893 98571
2894 98602
2895 98748
2896 98967
2897 99156
2898 99201
2899 99331
2900 99415
2901 99775
2902 99868
2903 99876
2904 99940
2905 99943
2906 100306
2907 100315
2908 100389
2909 100442
2910 100525
2911 100714
2912 100801
2913 100878
2914 100880
2915 101002
2916 101095
2917 101163
2918 101208
2919 101243
2920 101248
2921 101326
2922 101334
2923 101627
2924 101705
2925 102781
2926 102905
2927 102955
2928 103070
2929 103237
2930 103345
2931 103497
2932 103630
2933 103652
2934 104102
2935 104137
2936 104304
2937 104401
2938 104648
2939 104717
2940 104754
2941 104939
2942 105012
2943 105058
2944 105596
2945 105698
2946 105702
2947 105750
2948 105863
2949 105913
2950 106092
2951 106181
2952 106482
2953 106610
2954 106851
2955 106901
2956 106915
2957 107033
2958 107045
2959 107075
2960 107078
2961 107111
2962 107144
2963 107336
2964 107577
2965 107602
2966 107700
2967 107826
2968 107865
2969 107913
2970 108002
2971 108119
2972 108219
2973 108247
2974 108321
2975 108341
2976 108464
2977 108470
2978 108519
2979 108609
2980 108666
2981 108702
2982 108816
2983 108844
2984 109052
2985 109086
2986 109144
2987 109153
2988 109166
2989 109169
2990 109234
2991 109246
2992 109308
2993 109473
2994 109562
2995 109576
2996 109669
2997 109686
2998 109809
2999 109813
3000 110427
3001 110455
3002 110519
3003 110855
3004 110893
3005 111064
3006 111154
3007 111303
3008 111307
3009 111311
3010 111414
3011 111575
3012 111607
3013 111811
3014 111824
3015 111825
3016 111858
3017 111872
3018 111890
3019 111936
3020 112140
3021 112219
3022 112253
3023 112254
3024 112341
3025 112344
3026 112361
3027 112394
3028 112475
3029 112485
3030 112518
3031 112580
3032 112699
3033 112791
3034 112822
3035 112960
3036 113038
3037 113129
3038 113236
3039 113298
3040 113359
3041 113569
3042 113576
3043 113767
3044 113893
3045 113903
3046 113919
3047 114044
3048 114104
3049 114228
3050 114248
3051 114434
3052 114491
3053 114601
3054 114900
3055 114915
3056 115120
3057 115167
3058 115193
3059 115676
3060 115723
3061 115894
3062 115924
3063 116183
3064 116219
3065 116365
3066 116426
3067 116462
3068 116653
3069 116768
3070 116838
3071 116895
3072 117038
3073 117161
3074 117388
3075 117459
3076 117820
3077 117838
3078 118250
3079 118303
3080 118434
3081 118692
3082 118736
3083 118844
3084 118907
3085 118985
3086 119122
3087 119302
3088 119425
3089 119448
3090 119559
3091 119630
3092 119929
3093 120417
3094 120814
3095 120822
3096 121096
3097 121101
3098 121114
3099 121211
3100 121223
3101 121414
3102 122555
3103 122773
3104 122874
3105 123241
3106 123247
3107 123690
3108 123782
3109 124037
3110 124084
3111 124243
3112 124448
3113 124534
3114 124624
3115 124645
3116 124660
3117 124721
3118 124763
3119 124814
3120 125197
3121 125206
3122 125411
3123 125494
3124 125505
3125 125573
3126 125593
3127 125653
3128 125987
3129 126118
3130 126551
3131 126589
3132 126803
3133 126933
3134 126936
3135 127141
3136 127240
3137 127548
3138 127725
3139 128061
3140 128086
3141 128145
3142 129364
3143 129462
3144 130034
3145 130084
3146 130099
3147 131180
3148 131312
3149 131405
3150 131487
3151 131530
3152 131635
3153 131671
3154 131728
3155 131794
3156 131855
3157 131988
3158 132220
3159 132322
3160 132501
3161 132644
3162 132645
3163 132653
3164 132952
3165 133144
3166 133160
3167 133188
3168 133383
3169 133879
3170 133905
3171 133992
3172 134116
3173 134138
3174 134687
3175 134691
3176 134722
3177 134950
3178 134963
3179 135062
3180 135103
3181 135138
3182 135448
3183 135617
3184 135618
3185 135709
3186 135718
3187 135937
3188 136264
3189 136284
3190 136353
3191 136372
3192 136496
3193 136511
3194 136525
3195 136557
3196 136766
3197 136768
3198 136891
3199 136961
3200 137232
3201 137486
3202 137660
3203 137915
3204 138498
3205 138509
3206 138733
3207 138864
3208 138937
3209 138974
3210 139014
3211 139103
3212 139178
3213 139243
3214 139739
3215 139895
3216 140461
3217 140614
3218 140644
3219 140866
3220 141122
3221 141335
3222 141401
3223 141463
3224 141525
3225 141925
3226 141969
3227 142170
3228 142635
3229 142768
3230 143056
3231 143058
3232 143145
3233 143235
3234 143642
3235 143761
3236 144149
3237 144307
3238 144393
3239 144584
3240 145182
3241 145197
3242 145266
3243 145273
3244 145286
3245 145297
3246 145930
3247 145949
3248 146283
3249 146320
3250 146452
3251 146688
3252 146773
3253 146778
3254 147667
3255 147737
3256 147776
3257 148366
3258 148689
3259 148784
3260 149339
3261 149341
3262 149376
3263 149594
3264 149630
3265 149801
3266 149935
3267 150011
3268 150107
3269 150303
3270 150484
3271 150642
3272 150682
3273 151260
3274 151446
3275 151544
3276 151704
3277 151892
3278 151996
3279 152024
3280 152144
3281 152208
3282 152218
3283 152712
3284 152889
3285 152962
3286 153063
3287 153222
3288 153248
3289 153386
3290 153447
3291 153450
3292 153791
3293 154112
3294 154141
3295 154216
3296 154305
3297 154632
3298 154927
3299 155122
3300 155153
3301 155154
3302 156492
3303 156536
3304 156675
3305 156749
3306 157227
3307 157294
3308 157535
3309 158002
3310 158236
3311 158347
3312 158365
3313 158592
3314 158864
3315 158996
3316 159017
3317 159291
3318 159400
3319 159727
3320 160118
3321 160166
3322 160232
3323 160329
3324 160746
3325 160808
3326 161096
3327 161523
3328 161935
3329 162476
3330 162483
3331 163052
3332 163489
3333 163808
3334 164106
3335 165460
3336 165755
3337 166008
3338 167021
3339 168686
3340 169074
3341 169548
3342 169788
3343 170408
3344 171420
3345 171862
3346 171881
3347 173050
3348 173605
3349 174033
3350 174187
3351 175083
3352 175189
3353 175455
3354 175819
3355 175875
3356 176253
3357 176527
3358 176711
3359 176847
3360 176905
3361 177211
3362 177540
3363 177559
3364 178981
3365 179264
3366 179530
3367 179815
3368 181485
3369 181828
3370 181921
3371 181922
3372 182358
3373 183265
3374 184302
3375 184428
3376 184704
3377 185080
3378 185267
3379 185426
3380 186086
3381 186338
3382 186524
3383 187541
3384 187692
3385 188746
3386 189063
3387 190711
3388 191697
3389 192478
3390 192571
3391 193020
3392 193262
3393 195610
3394 195637
