1 1
2 2
3 3
4 4
5 7
6 14
7 16
8 18
9 21
10 22
11 25
12 27
13 28
14 30
15 32
16 37
17 40
18 42
19 44
20 45
21 49
22 50
23 51
24 65
25 66
26 70
27 71
28 75
29 78
30 81
31 83
32 86
33 88
34 92
35 93
36 94
37 96
38 100
39 102
40 107
41 109
42 110
43 111
44 121
45 135
46 136
47 142
48 143
49 158
50 175
51 182
52 184
53 200
54 204
55 215
56 238
57 239
58 250
59 259
60 261
61 262
62 271
63 273
64 274
65 284
66 288
67 290
68 296
69 297
70 299
71 300
72 302
73 303
74 307
75 310
76 316
77 317
78 318
79 321
80 322
81 324
82 326
83 327
84 332
85 333
86 336
87 340
88 342
89 343
90 344
91 345
92 346
93 347
94 348
95 349
96 351
97 353
98 358
99 359
100 360
101 361
102 362
103 367
104 370
105 371
106 373
107 375
108 376
109 377
110 379
111 380
112 381
113 382
114 385
115 386
116 389
117 391
118 392
119 394
120 396
121 397
122 398
123 399
124 400
125 401
126 402
127 404
128 405
129 406
130 408
131 412
132 416
133 422
134 424
135 425
136 426
137 428
138 429
139 430
140 431
141 434
142 437
143 438
144 439
145 440
146 441
147 445
148 447
149 450
150 451
151 454
152 458
153 459
154 460
155 461
156 462
157 463
158 467
159 468
160 469
161 473
162 477
163 484
164 488
165 490
166 492
167 493
168 494
169 498
170 507
171 513
172 515
173 519
174 532
175 538
176 550
177 556
178 562
179 571
180 572
181 577
182 580
183 582
184 586
185 587
186 597
187 598
188 602
189 605
190 607
191 613
192 619
193 621
194 622
195 625
196 630
197 634
198 644
199 658
200 661
201 673
202 675
203 683
204 689
205 692
206 695
207 699
208 702
209 703
210 709
211 717
212 728
213 730
214 732
215 733
216 744
217 745
218 749
219 750
220 756
221 757
222 763
223 765
224 766
225 767
226 771
227 774
228 778
229 781
230 784
231 785
232 788
233 791
234 792
235 795
236 797
237 798
238 799
239 800
240 801
241 802
242 805
243 806
244 807
245 812
246 813
247 814
248 823
249 824
250 825
251 827
252 828
253 836
254 837
255 838
256 840
257 848
258 855
259 860
260 861
261 865
262 874
263 880
264 881
265 885
266 887
267 888
268 889
269 892
270 896
271 908
272 910
273 913
274 914
275 915
276 916
277 917
278 919
279 926
280 927
281 930
282 932
283 934
284 935
285 936
286 939
287 940
288 942
289 943
290 947
291 949
292 950
293 951
294 952
295 955
296 956
297 960
298 961
299 965
300 970
301 972
302 973
303 979
304 985
305 986
306 987
307 988
308 997
309 1000
310 1004
311 1013
312 1015
313 1017
314 1018
315 1021
316 1023
317 1027
318 1028
319 1034
320 1035
321 1037
322 1040
323 1042
324 1044
325 1046
326 1047
327 1048
328 1049
329 1050
330 1055
331 1056
332 1057
333 1058
334 1059
335 1060
336 1061
337 1071
338 1073
339 1074
340 1075
341 1079
342 1084
343 1086
344 1090
345 1094
346 1095
347 1096
348 1098
349 1100
350 1102
351 1104
352 1105
353 1106
354 1107
355 1109
356 1114
357 1116
358 1119
359 1120
360 1121
361 1123
362 1124
363 1125
364 1131
365 1132
366 1143
367 1148
368 1149
369 1150
370 1158
371 1161
372 1162
373 1168
374 1171
375 1172
376 1173
377 1176
378 1177
379 1178
380 1179
381 1182
382 1184
383 1186
384 1190
385 1193
386 1198
387 1199
388 1202
389 1220
390 1222
391 1223
392 1224
393 1227
394 1228
395 1229
396 1231
397 1233
398 1234
399 1238
400 1243
401 1245
402 1246
403 1253
404 1256
405 1261
406 1265
407 1266
408 1281
409 1291
410 1296
411 1301
412 1302
413 1304
414 1305
415 1306
416 1309
417 1310
418 1313
419 1319
420 1320
421 1321
422 1322
423 1326
424 1327
425 1328
426 1335
427 1345
428 1347
429 1353
430 1354
431 1355
432 1358
433 1363
434 1369
435 1374
436 1377
437 1378
438 1384
439 1386
440 1392
441 1400
442 1404
443 1407
444 1409
445 1411
446 1429
447 1437
448 1441
449 1443
450 1445
451 1446
452 1447
453 1450
454 1455
455 1459
456 1462
457 1463
458 1464
459 1465
460 1467
461 1474
462 1476
463 1478
464 1481
465 1483
466 1488
467 1492
468 1501
469 1508
470 1516
471 1524
472 1525
473 1528
474 1532
475 1536
476 1537
477 1538
478 1539
479 1540
480 1544
481 1546
482 1547
483 1551
484 1552
485 1556
486 1557
487 1559
488 1566
489 1568
490 1573
491 1574
492 1579
493 1583
494 1587
495 1590
496 1592
497 1593
498 1594
499 1606
500 1610
501 1612
502 1618
503 1619
504 1622
505 1623
506 1626
507 1631
508 1636
509 1643
510 1645
511 1646
512 1648
513 1649
514 1650
515 1651
516 1655
517 1657
518 1662
519 1664
520 1671
521 1672
522 1674
523 1676
524 1681
525 1682
526 1698
527 1702
528 1703
529 1708
530 1709
531 1710
532 1713
533 1715
534 1716
535 1724
536 1729
537 1734
538 1735
539 1737
540 1743
541 1747
542 1756
543 1762
544 1765
545 1770
546 1772
547 1778
548 1781
549 1784
550 1785
551 1792
552 1797
553 1799
554 1800
555 1805
556 1811
557 1816
558 1821
559 1822
560 1826
561 1828
562 1831
563 1832
564 1835
565 1837
566 1840
567 1841
568 1844
569 1847
570 1849
571 1851
572 1855
573 1857
574 1867
575 1874
576 1876
577 1877
578 1878
579 1886
580 1887
581 1888
582 1894
583 1898
584 1901
585 1916
586 1921
587 1924
588 1930
589 1937
590 1938
591 1939
592 1944
593 1946
594 1947
595 1956
596 1958
597 1963
598 1964
599 1966
600 1967
601 1972
602 1977
603 1979
604 1982
605 1985
606 1988
607 1992
608 1993
609 1997
610 2000
611 2003
612 2004
613 2008
614 2011
615 2014
616 2024
617 2029
618 2031
619 2033
620 2035
621 2036
622 2039
623 2040
624 2042
625 2043
626 2045
627 2046
628 2047
629 2051
630 2055
631 2056
632 2058
633 2060
634 2063
635 2081
636 2082
637 2083
638 2089
639 2095
640 2096
641 2097
642 2106
643 2109
644 2110
645 2112
646 2120
647 2121
648 2123
649 2126
650 2132
651 2138
652 2143
653 2146
654 2147
655 2149
656 2158
657 2164
658 2165
659 2176
660 2177
661 2181
662 2183
663 2185
664 2191
665 2192
666 2196
667 2203
668 2205
669 2206
670 2209
671 2215
672 2218
673 2224
674 2225
675 2229
676 2233
677 2234
678 2238
679 2260
680 2264
681 2265
682 2266
683 2267
684 2273
685 2275
686 2284
687 2290
688 2292
689 2294
690 2300
691 2305
692 2308
693 2310
694 2311
695 2312
696 2318
697 2326
698 2327
699 2330
700 2344
701 2347
702 2348
703 2349
704 2353
705 2356
706 2361
707 2362
708 2363
709 2368
710 2376
711 2377
712 2381
713 2383
714 2384
715 2386
716 2389
717 2391
718 2394
719 2396
720 2402
721 2415
722 2421
723 2436
724 2446
725 2451
726 2454
727 2464
728 2467
729 2468
730 2473
731 2480
732 2481
733 2482
734 2490
735 2497
736 2498
737 2502
738 2503
739 2508
740 2510
741 2513
742 2514
743 2515
744 2530
745 2532
746 2533
747 2536
748 2544
749 2554
750 2555
751 2559
752 2562
753 2565
754 2575
755 2576
756 2578
757 2579
758 2582
759 2586
760 2588
761 2589
762 2592
763 2594
764 2596
765 2597
766 2599
767 2602
768 2604
769 2610
770 2612
771 2614
772 2615
773 2616
774 2618
775 2619
776 2620
777 2621
778 2622
779 2623
780 2625
781 2627
782 2628
783 2631
784 2638
785 2641
786 2642
787 2644
788 2648
789 2649
790 2653
791 2663
792 2665
793 2666
794 2669
795 2672
796 2677
797 2678
798 2683
799 2689
800 2693
801 2698
802 2699
803 2701
804 2702
805 2711
806 2720
807 2733
808 2734
809 2738
810 2739
811 2741
812 2755
813 2757
814 2758
815 2770
816 2784
817 2785
818 2795
819 2797
820 2804
821 2805
822 2807
823 2811
824 2813
825 2814
826 2816
827 2819
828 2821
829 2823
830 2833
831 2836
832 2837
833 2841
834 2856
835 2857
836 2865
837 2868
838 2871
839 2874
840 2876
841 2878
842 2883
843 2884
844 2888
845 2891
846 2893
847 2900
848 2901
849 2902
850 2903
851 2906
852 2907
853 2910
854 2912
855 2915
856 2926
857 2929
858 2932
859 2933
860 2935
861 2937
862 2938
863 2944
864 2947
865 2954
866 2968
867 2973
868 2985
869 2989
870 3000
871 3005
872 3010
873 3011
874 3027
875 3028
876 3029
877 3032
878 3035
879 3040
880 3041
881 3045
882 3046
883 3049
884 3052
885 3056
886 3062
887 3065
888 3067
889 3075
890 3077
891 3092
892 3096
893 3102
894 3106
895 3108
896 3118
897 3121
898 3122
899 3124
900 3132
901 3139
902 3142
903 3143
904 3154
905 3156
906 3161
907 3168
908 3183
909 3186
910 3193
911 3197
912 3199
913 3205
914 3206
915 3214
916 3233
917 3238
918 3240
919 3247
920 3248
921 3261
922 3264
923 3272
924 3275
925 3282
926 3290
927 3291
928 3293
929 3304
930 3308
931 3314
932 3315
933 3319
934 3324
935 3327
936 3329
937 3332
938 3333
939 3338
940 3345
941 3350
942 3356
943 3357
944 3365
945 3366
946 3370
947 3375
948 3376
949 3377
950 3380
951 3384
952 3394
953 3396
954 3397
955 3400
956 3401
957 3402
958 3410
959 3421
960 3441
961 3448
962 3449
963 3453
964 3454
965 3457
966 3460
967 3461
968 3462
969 3465
970 3470
971 3473
972 3478
973 3479
974 3484
975 3485
976 3491
977 3493
978 3496
979 3499
980 3502
981 3503
982 3509
983 3513
984 3519
985 3521
986 3525
987 3528
988 3532
989 3536
990 3537
991 3544
992 3545
993 3546
994 3547
995 3551
996 3554
997 3556
998 3557
999 3560
1000 3568
1001 3578
1002 3579
1003 3580
1004 3589
1005 3593
1006 3602
1007 3603
1008 3609
1009 3613
1010 3619
1011 3621
1012 3623
1013 3627
1014 3632
1015 3634
1016 3635
1017 3637
1018 3639
1019 3642
1020 3648
1021 3651
1022 3655
1023 3659
1024 3664
1025 3669
1026 3675
1027 3676
1028 3680
1029 3684
1030 3685
1031 3696
1032 3698
1033 3701
1034 3709
1035 3710
1036 3711
1037 3721
1038 3723
1039 3736
1040 3737
1041 3738
1042 3753
1043 3755
1044 3757
1045 3759
1046 3773
1047 3777
1048 3779
1049 3787
1050 3803
1051 3804
1052 3810
1053 3811
1054 3816
1055 3818
1056 3822
1057 3824
1058 3827
1059 3837
1060 3840
1061 3842
1062 3847
1063 3848
1064 3849
1065 3859
1066 3873
1067 3874
1068 3876
1069 3882
1070 3885
1071 3888
1072 3891
1073 3896
1074 3897
1075 3898
1076 3901
1077 3902
1078 3903
1079 3905
1080 3909
1081 3912
1082 3916
1083 3920
1084 3922
1085 3923
1086 3926
1087 3927
1088 3928
1089 3931
1090 3937
1091 3945
1092 3948
1093 3952
1094 3955
1095 3958
1096 3959
1097 3960
1098 3969
1099 3970
1100 3974
1101 3975
1102 3976
1103 3977
1104 3983
1105 3992
1106 3993
1107 3995
1108 3996
1109 4002
1110 4003
1111 4008
1112 4011
1113 4013
1114 4015
1115 4020
1116 4023
1117 4027
1118 4035
1119 4037
1120 4040
1121 4042
1122 4046
1123 4047
1124 4048
1125 4053
1126 4054
1127 4061
1128 4064
1129 4067
1130 4069
1131 4073
1132 4074
1133 4076
1134 4078
1135 4085
1136 4086
1137 4087
1138 4089
1139 4092
1140 4096
1141 4097
1142 4100
1143 4101
1144 4106
1145 4111
1146 4118
1147 4128
1148 4129
1149 4130
1150 4133
1151 4135
1152 4137
1153 4140
1154 4144
1155 4145
1156 4149
1157 4153
1158 4155
1159 4158
1160 4164
1161 4165
1162 4167
1163 4170
1164 4171
1165 4173
1166 4176
1167 4177
1168 4180
1169 4181
1170 4183
1171 4186
1172 4188
1173 4194
1174 4197
1175 4200
1176 4204
1177 4205
1178 4213
1179 4221
1180 4231
1181 4234
1182 4235
1183 4239
1184 4241
1185 4245
1186 4246
1187 4247
1188 4248
1189 4250
1190 4262
1191 4265
1192 4267
1193 4274
1194 4275
1195 4277
1196 4279
1197 4281
1198 4290
1199 4291
1200 4298
1201 4304
1202 4306
1203 4312
1204 4313
1205 4315
1206 4317
1207 4320
1208 4321
1209 4325
1210 4333
1211 4336
1212 4338
1213 4344
1214 4345
1215 4346
1216 4348
1217 4351
1218 4354
1219 4355
1220 4357
1221 4358
1222 4361
1223 4362
1224 4366
1225 4367
1226 4384
1227 4398
1228 4399
1229 4400
1230 4401
1231 4402
1232 4405
1233 4408
1234 4416
1235 4419
1236 4423
1237 4428
1238 4433
1239 4437
1240 4438
1241 4463
1242 4466
1243 4477
1244 4481
1245 4488
1246 4494
1247 4497
1248 4500
1249 4507
1250 4513
1251 4517
1252 4519
1253 4526
1254 4528
1255 4535
1256 4538
1257 4542
1258 4545
1259 4553
1260 4555
1261 4556
1262 4558
1263 4568
1264 4572
1265 4580
1266 4600
1267 4613
1268 4614
1269 4619
1270 4621
1271 4622
1272 4625
1273 4626
1274 4639
1275 4642
1276 4643
1277 4648
1278 4649
1279 4653
1280 4658
1281 4659
1282 4661
1283 4672
1284 4676
1285 4677
1286 4678
1287 4682
1288 4685
1289 4690
1290 4692
1291 4696
1292 4698
1293 4701
1294 4706
1295 4707
1296 4710
1297 4716
1298 4720
1299 4721
1300 4745
1301 4747
1302 4750
1303 4753
1304 4755
1305 4756
1306 4757
1307 4758
1308 4760
1309 4762
1310 4763
1311 4767
1312 4770
1313 4778
1314 4780
1315 4782
1316 4783
1317 4789
1318 4790
1319 4794
1320 4800
1321 4803
1322 4807
1323 4814
1324 4821
1325 4826
1326 4832
1327 4837
1328 4842
1329 4854
1330 4872
1331 4874
1332 4890
1333 4891
1334 4903
1335 4910
1336 4915
1337 4923
1338 4925
1339 4928
1340 4947
1341 4948
1342 4953
1343 4960
1344 4961
1345 4971
1346 4974
1347 4975
1348 4977
1349 4991
1350 4994
1351 5000
1352 5001
1353 5002
1354 5010
1355 5015
1356 5016
1357 5018
1358 5023
1359 5029
1360 5031
1361 5034
1362 5036
1363 5045
1364 5066
1365 5068
1366 5069
1367 5072
1368 5080
1369 5081
1370 5082
1371 5090
1372 5091
1373 5094
1374 5100
1375 5101
1376 5107
1377 5110
1378 5112
1379 5124
1380 5136
1381 5144
1382 5147
1383 5152
1384 5153
1385 5174
1386 5175
1387 5177
1388 5181
1389 5196
1390 5200
1391 5206
1392 5210
1393 5217
1394 5223
1395 5229
1396 5231
1397 5239
1398 5259
1399 5263
1400 5267
1401 5274
1402 5279
1403 5281
1404 5282
1405 5284
1406 5286
1407 5287
1408 5288
1409 5292
1410 5301
1411 5304
1412 5305
1413 5309
1414 5316
1415 5323
1416 5328
1417 5329
1418 5334
1419 5337
1420 5339
1421 5340
1422 5357
1423 5360
1424 5371
1425 5372
1426 5373
1427 5378
1428 5387
1429 5394
1430 5395
1431 5399
1432 5403
1433 5405
1434 5413
1435 5415
1436 5417
1437 5420
1438 5431
1439 5442
1440 5450
1441 5462
1442 5473
1443 5477
1444 5480
1445 5482
1446 5484
1447 5495
1448 5497
1449 5498
1450 5499
1451 5506
1452 5513
1453 5516
1454 5519
1455 5534
1456 5537
1457 5538
1458 5539
1459 5542
1460 5547
1461 5548
1462 5550
1463 5555
1464 5562
1465 5563
1466 5566
1467 5572
1468 5575
1469 5583
1470 5584
1471 5585
1472 5587
1473 5593
1474 5601
1475 5619
1476 5621
1477 5627
1478 5628
1479 5651
1480 5652
1481 5659
1482 5678
1483 5679
1484 5688
1485 5690
1486 5697
1487 5700
1488 5701
1489 5702
1490 5706
1491 5708
1492 5709
1493 5710
1494 5712
1495 5714
1496 5716
1497 5723
1498 5724
1499 5730
1500 5731
1501 5732
1502 5734
1503 5735
1504 5736
1505 5737
1506 5740
1507 5743
1508 5744
1509 5750
1510 5751
1511 5753
1512 5756
1513 5758
1514 5761
1515 5762
1516 5768
1517 5771
1518 5775
1519 5784
1520 5789
1521 5792
1522 5795
1523 5800
1524 5801
1525 5821
1526 5822
1527 5830
1528 5831
1529 5841
1530 5849
1531 5860
1532 5869
1533 5873
1534 5887
1535 5901
1536 5903
1537 5914
1538 5917
1539 5937
1540 5938
1541 5944
1542 5952
1543 5963
1544 5965
1545 5976
1546 5977
1547 5984
1548 5998
1549 6005
1550 6013
1551 6015
1552 6018
1553 6023
1554 6030
1555 6031
1556 6032
1557 6040
1558 6043
1559 6045
1560 6060
1561 6066
1562 6067
1563 6074
1564 6076
1565 6084
1566 6085
1567 6089
1568 6094
1569 6101
1570 6104
1571 6107
1572 6121
1573 6129
1574 6131
1575 6133
1576 6137
1577 6140
1578 6151
1579 6153
1580 6154
1581 6156
1582 6159
1583 6165
1584 6172
1585 6180
1586 6183
1587 6187
1588 6205
1589 6206
1590 6209
1591 6214
1592 6223
1593 6227
1594 6240
1595 6243
1596 6249
1597 6254
1598 6258
1599 6262
1600 6263
1601 6266
1602 6269
1603 6270
1604 6277
1605 6278
1606 6295
1607 6301
1608 6307
1609 6309
1610 6316
1611 6321
1612 6322
1613 6324
1614 6334
1615 6339
1616 6342
1617 6343
1618 6348
1619 6355
1620 6358
1621 6360
1622 6361
1623 6363
1624 6369
1625 6382
1626 6401
1627 6415
1628 6419
1629 6427
1630 6429
1631 6430
1632 6451
1633 6460
1634 6466
1635 6468
1636 6474
1637 6481
1638 6485
1639 6486
1640 6494
1641 6495
1642 6502
1643 6503
1644 6506
1645 6514
1646 6517
1647 6518
1648 6521
1649 6522
1650 6527
1651 6531
1652 6545
1653 6555
1654 6556
1655 6563
1656 6566
1657 6569
1658 6572
1659 6574
1660 6575
1661 6576
1662 6579
1663 6588
1664 6609
1665 6610
1666 6627
1667 6634
1668 6637
1669 6645
1670 6646
1671 6647
1672 6649
1673 6651
1674 6658
1675 6666
1676 6668
1677 6670
1678 6671
1679 6673
1680 6694
1681 6698
1682 6699
1683 6700
1684 6701
1685 6702
1686 6716
1687 6728
1688 6751
1689 6753
1690 6756
1691 6757
1692 6759
1693 6761
1694 6766
1695 6768
1696 6769
1697 6770
1698 6771
1699 6772
1700 6773
1701 6776
1702 6779
1703 6781
1704 6787
1705 6793
1706 6794
1707 6797
1708 6801
1709 6818
1710 6827
1711 6836
1712 6849
1713 6856
1714 6860
1715 6861
1716 6862
1717 6871
1718 6872
1719 6876
1720 6883
1721 6886
1722 6892
1723 6898
1724 6904
1725 6921
1726 6923
1727 6936
1728 6942
1729 6948
1730 6949
1731 6950
1732 6953
1733 6958
1734 6976
1735 6979
1736 6982
1737 6985
1738 6986
1739 6988
1740 6989
1741 6992
1742 6994
1743 6998
1744 6999
1745 7001
1746 7002
1747 7005
1748 7011
1749 7021
1750 7031
1751 7033
1752 7034
1753 7041
1754 7043
1755 7048
1756 7055
1757 7076
1758 7079
1759 7081
1760 7082
1761 7083
1762 7086
1763 7089
1764 7092
1765 7106
1766 7107
1767 7108
1768 7110
1769 7113
1770 7120
1771 7126
1772 7133
1773 7138
1774 7144
1775 7145
1776 7150
1777 7154
1778 7156
1779 7157
1780 7160
1781 7161
1782 7165
1783 7168
1784 7183
1785 7192
1786 7193
1787 7206
1788 7209
1789 7222
1790 7234
1791 7247
1792 7252
1793 7257
1794 7263
1795 7281
1796 7294
1797 7300
1798 7302
1799 7303
1800 7307
1801 7311
1802 7313
1803 7314
1804 7316
1805 7325
1806 7328
1807 7330
1808 7333
1809 7341
1810 7346
1811 7348
1812 7352
1813 7357
1814 7360
1815 7361
1816 7368
1817 7386
1818 7392
1819 7397
1820 7399
1821 7402
1822 7408
1823 7409
1824 7410
1825 7418
1826 7422
1827 7434
1828 7437
1829 7442
1830 7443
1831 7448
1832 7455
1833 7456
1834 7458
1835 7460
1836 7463
1837 7466
1838 7482
1839 7486
1840 7489
1841 7494
1842 7499
1843 7502
1844 7505
1845 7507
1846 7508
1847 7519
1848 7521
1849 7530
1850 7538
1851 7540
1852 7553
1853 7559
1854 7561
1855 7575
1856 7576
1857 7581
1858 7591
1859 7607
1860 7621
1861 7625
1862 7626
1863 7631
1864 7641
1865 7644
1866 7646
1867 7647
1868 7653
1869 7655
1870 7663
1871 7666
1872 7667
1873 7670
1874 7671
1875 7673
1876 7687
1877 7691
1878 7692
1879 7694
1880 7699
1881 7709
1882 7710
1883 7717
1884 7721
1885 7726
1886 7727
1887 7732
1888 7738
1889 7739
1890 7742
1891 7743
1892 7747
1893 7755
1894 7756
1895 7759
1896 7762
1897 7763
1898 7767
1899 7772
1900 7776
1901 7779
1902 7780
1903 7792
1904 7820
1905 7821
1906 7842
1907 7844
1908 7845
1909 7851
1910 7867
1911 7868
1912 7872
1913 7874
1914 7878
1915 7886
1916 7894
1917 7895
1918 7909
1919 7919
1920 7932
1921 7934
1922 7936
1923 7949
1924 7952
1925 7979
1926 7982
1927 8003
1928 8008
1929 8013
1930 8027
1931 8032
1932 8041
1933 8044
1934 8047
1935 8049
1936 8050
1937 8051
1938 8056
1939 8070
1940 8075
1941 8080
1942 8084
1943 8090
1944 8092
1945 8094
1946 8096
1947 8099
1948 8103
1949 8105
1950 8106
1951 8112
1952 8125
1953 8131
1954 8133
1955 8134
1956 8146
1957 8152
1958 8153
1959 8161
1960 8165
1961 8176
1962 8183
1963 8188
1964 8193
1965 8196
1966 8197
1967 8201
1968 8203
1969 8212
1970 8215
1971 8216
1972 8217
1973 8234
1974 8237
1975 8239
1976 8246
1977 8248
1978 8250
1979 8252
1980 8257
1981 8264
1982 8272
1983 8297
1984 8309
1985 8320
1986 8324
1987 8334
1988 8338
1989 8341
1990 8345
1991 8354
1992 8358
1993 8381
1994 8382
1995 8385
1996 8391
1997 8394
1998 8410
1999 8415
2000 8419
2001 8424
2002 8426
2003 8430
2004 8434
2005 8435
2006 8441
2007 8445
2008 8446
2009 8448
2010 8452
2011 8457
2012 8460
2013 8473
2014 8482
2015 8494
2016 8504
2017 8508
2018 8528
2019 8538
2020 8547
2021 8552
2022 8574
2023 8584
2024 8588
2025 8590
2026 8604
2027 8610
2028 8615
2029 8621
2030 8624
2031 8628
2032 8639
2033 8653
2034 8667
2035 8670
2036 8676
2037 8680
2038 8684
2039 8694
2040 8699
2041 8707
2042 8719
2043 8720
2044 8721
2045 8723
2046 8725
2047 8726
2048 8733
2049 8735
2050 8736
2051 8737
2052 8751
2053 8755
2054 8756
2055 8761
2056 8769
2057 8775
2058 8776
2059 8779
2060 8784
2061 8794
2062 8797
2063 8798
2064 8799
2065 8802
2066 8811
2067 8818
2068 8824
2069 8826
2070 8838
2071 8843
2072 8846
2073 8857
2074 8866
2075 8870
2076 8871
2077 8875
2078 8887
2079 8888
2080 8890
2081 8891
2082 8899
2083 8905
2084 8913
2085 8914
2086 8923
2087 8925
2088 8927
2089 8932
2090 8933
2091 8938
2092 8945
2093 8952
2094 8955
2095 8974
2096 8991
2097 8994
2098 8996
2099 9003
2100 9015
2101 9019
2102 9021
2103 9022
2104 9024
2105 9025
2106 9035
2107 9044
2108 9046
2109 9057
2110 9062
2111 9068
2112 9069
2113 9076
2114 9091
2115 9093
2116 9101
2117 9114
2118 9118
2119 9124
2120 9141
2121 9147
2122 9156
2123 9160
2124 9161
2125 9163
2126 9164
2127 9187
2128 9189
2129 9197
2130 9202
2131 9211
2132 9232
2133 9246
2134 9248
2135 9253
2136 9269
2137 9271
2138 9292
2139 9300
2140 9304
2141 9305
2142 9310
2143 9313
2144 9316
2145 9317
2146 9322
2147 9324
2148 9332
2149 9342
2150 9347
2151 9354
2152 9355
2153 9369
2154 9372
2155 9386
2156 9390
2157 9401
2158 9404
2159 9411
2160 9417
2161 9422
2162 9430
2163 9449
2164 9455
2165 9458
2166 9462
2167 9468
2168 9470
2169 9471
2170 9479
2171 9481
2172 9485
2173 9497
2174 9501
2175 9502
2176 9504
2177 9509
2178 9534
2179 9542
2180 9545
2181 9546
2182 9547
2183 9550
2184 9563
2185 9564
2186 9569
2187 9581
2188 9584
2189 9611
2190 9617
2191 9624
2192 9625
2193 9652
2194 9653
2195 9658
2196 9666
2197 9667
2198 9668
2199 9671
2200 9672
2201 9679
2202 9684
2203 9694
2204 9710
2205 9712
2206 9714
2207 9716
2208 9717
2209 9736
2210 9762
2211 9769
2212 9777
2213 9793
2214 9800
2215 9825
2216 9831
2217 9833
2218 9834
2219 9840
2220 9842
2221 9848
2222 9849
2223 9853
2224 9858
2225 9871
2226 9890
2227 9896
2228 9899
2229 9915
2230 9924
2231 9927
2232 9928
2233 9942
2234 9944
2235 9947
2236 9949
2237 9960
2238 9961
2239 9970
2240 9981
2241 9991
2242 10001
2243 10004
2244 10007
2245 10019
2246 10032
2247 10035
2248 10049
2249 10053
2250 10054
2251 10059
2252 10075
2253 10076
2254 10083
2255 10086
2256 10095
2257 10097
2258 10106
2259 10109
2260 10110
2261 10111
2262 10118
2263 10124
2264 10146
2265 10147
2266 10186
2267 10189
2268 10194
2269 10204
2270 10206
2271 10217
2272 10219
2273 10220
2274 10227
2275 10243
2276 10251
2277 10253
2278 10255
2279 10264
2280 10265
2281 10266
2282 10273
2283 10286
2284 10299
2285 10300
2286 10304
2287 10313
2288 10327
2289 10330
2290 10331
2291 10333
2292 10350
2293 10365
2294 10366
2295 10368
2296 10378
2297 10390
2298 10400
2299 10408
2300 10416
2301 10427
2302 10431
2303 10443
2304 10446
2305 10454
2306 10458
2307 10461
2308 10466
2309 10469
2310 10475
2311 10476
2312 10478
2313 10481
2314 10482
2315 10487
2316 10497
2317 10500
2318 10503
2319 10518
2320 10541
2321 10547
2322 10576
2323 10583
2324 10585
2325 10591
2326 10596
2327 10602
2328 10605
2329 10610
2330 10621
2331 10626
2332 10629
2333 10646
2334 10670
2335 10671
2336 10673
2337 10675
2338 10676
2339 10696
2340 10701
2341 10705
2342 10707
2343 10708
2344 10712
2345 10714
2346 10718
2347 10740
2348 10744
2349 10749
2350 10758
2351 10769
2352 10773
2353 10774
2354 10775
2355 10779
2356 10792
2357 10811
2358 10814
2359 10819
2360 10828
2361 10837
2362 10839
2363 10846
2364 10849
2365 10854
2366 10858
2367 10862
2368 10867
2369 10881
2370 10883
2371 10893
2372 10898
2373 10901
2374 10909
2375 10918
2376 10930
2377 10934
2378 10941
2379 10945
2380 10946
2381 10980
2382 10984
2383 10995
2384 10997
2385 11009
2386 11015
2387 11016
2388 11018
2389 11025
2390 11028
2391 11030
2392 11031
2393 11033
2394 11035
2395 11043
2396 11051
2397 11054
2398 11056
2399 11059
2400 11060
2401 11072
2402 11074
2403 11081
2404 11084
2405 11094
2406 11099
2407 11100
2408 11105
2409 11108
2410 11115
2411 11124
2412 11134
2413 11142
2414 11143
2415 11145
2416 11146
2417 11176
2418 11206
2419 11211
2420 11214
2421 11218
2422 11220
2423 11228
2424 11233
2425 11236
2426 11241
2427 11244
2428 11259
2429 11260
2430 11262
2431 11264
2432 11266
2433 11286
2434 11300
2435 11317
2436 11318
2437 11322
2438 11332
2439 11344
2440 11359
2441 11361
2442 11392
2443 11394
2444 11395
2445 11398
2446 11407
2447 11413
2448 11414
2449 11417
2450 11445
2451 11482
2452 11483
2453 11499
2454 11500
2455 11504
2456 11521
2457 11540
2458 11541
2459 11542
2460 11546
2461 11552
2462 11557
2463 11568
2464 11576
2465 11581
2466 11586
2467 11599
2468 11608
2469 11618
2470 11629
2471 11638
2472 11640
2473 11647
2474 11657
2475 11661
2476 11670
2477 11675
2478 11682
2479 11716
2480 11723
2481 11727
2482 11738
2483 11751
2484 11765
2485 11768
2486 11771
2487 11773
2488 11786
2489 11797
2490 11828
2491 11841
2492 11846
2493 11847
2494 11853
2495 11870
2496 11877
2497 11885
2498 11906
2499 11919
2500 11920
2501 11926
2502 11927
2503 11928
2504 11930
2505 11934
2506 11947
2507 11964
2508 11966
2509 11973
2510 11976
2511 11984
2512 12014
2513 12019
2514 12032
2515 12036
2516 12039
2517 12047
2518 12050
2519 12055
2520 12058
2521 12069
2522 12082
2523 12087
2524 12088
2525 12104
2526 12106
2527 12107
2528 12117
2529 12120
2530 12128
2531 12129
2532 12138
2533 12156
2534 12160
2535 12166
2536 12170
2537 12176
2538 12178
2539 12192
2540 12202
2541 12204
2542 12205
2543 12213
2544 12218
2545 12226
2546 12230
2547 12233
2548 12248
2549 12249
2550 12252
2551 12259
2552 12281
2553 12282
2554 12292
2555 12295
2556 12301
2557 12306
2558 12310
2559 12312
2560 12336
2561 12337
2562 12352
2563 12357
2564 12360
2565 12362
2566 12365
2567 12376
2568 12383
2569 12386
2570 12390
2571 12394
2572 12400
2573 12402
2574 12412
2575 12419
2576 12420
2577 12444
2578 12466
2579 12481
2580 12482
2581 12486
2582 12487
2583 12489
2584 12498
2585 12517
2586 12518
2587 12531
2588 12543
2589 12547
2590 12563
2591 12565
2592 12570
2593 12573
2594 12578
2595 12586
2596 12595
2597 12597
2598 12603
2599 12605
2600 12610
2601 12617
2602 12622
2603 12629
2604 12640
2605 12643
2606 12650
2607 12651
2608 12653
2609 12660
2610 12664
2611 12668
2612 12669
2613 12674
2614 12678
2615 12693
2616 12695
2617 12699
2618 12705
2619 12706
2620 12709
2621 12712
2622 12713
2623 12722
2624 12723
2625 12734
2626 12735
2627 12738
2628 12750
2629 12751
2630 12764
2631 12767
2632 12774
2633 12776
2634 12782
2635 12793
2636 12800
2637 12803
2638 12804
2639 12806
2640 12823
2641 12824
2642 12826
2643 12830
2644 12832
2645 12841
2646 12844
2647 12858
2648 12875
2649 12878
2650 12879
2651 12884
2652 12897
2653 12898
2654 12904
2655 12905
2656 12906
2657 12914
2658 12940
2659 12952
2660 12961
2661 12962
2662 12965
2663 12976
2664 12978
2665 12981
2666 12983
2667 12987
2668 12992
2669 12995
2670 12998
2671 13001
2672 13006
2673 13009
2674 13012
2675 13015
2676 13022
2677 13024
2678 13027
2679 13034
2680 13035
2681 13059
2682 13061
2683 13070
2684 13087
2685 13093
2686 13108
2687 13112
2688 13119
2689 13121
2690 13127
2691 13132
2692 13139
2693 13151
2694 13158
2695 13160
2696 13168
2697 13185
2698 13206
2699 13211
2700 13213
2701 13215
2702 13218
2703 13220
2704 13223
2705 13235
2706 13243
2707 13244
2708 13265
2709 13268
2710 13270
2711 13288
2712 13292
2713 13297
2714 13302
2715 13311
2716 13326
2717 13331
2718 13338
2719 13343
2720 13351
2721 13356
2722 13358
2723 13360
2724 13363
2725 13368
2726 13369
2727 13377
2728 13381
2729 13402
2730 13403
2731 13410
2732 13417
2733 13434
2734 13437
2735 13441
2736 13452
2737 13453
2738 13466
2739 13475
2740 13480
2741 13486
2742 13488
2743 13503
2744 13506
2745 13519
2746 13525
2747 13530
2748 13542
2749 13552
2750 13556
2751 13559
2752 13566
2753 13577
2754 13584
2755 13602
2756 13618
2757 13623
2758 13625
2759 13628
2760 13641
2761 13647
2762 13650
2763 13653
2764 13693
2765 13694
2766 13700
2767 13707
2768 13715
2769 13726
2770 13729
2771 13730
2772 13731
2773 13733
2774 13739
2775 13741
2776 13750
2777 13753
2778 13762
2779 13767
2780 13774
2781 13776
2782 13785
2783 13796
2784 13799
2785 13809
2786 13816
2787 13824
2788 13825
2789 13832
2790 13834
2791 13835
2792 13840
2793 13842
2794 13856
2795 13863
2796 13870
2797 13878
2798 13883
2799 13886
2800 13898
2801 13903
2802 13904
2803 13910
2804 13913
2805 13915
2806 13923
2807 13925
2808 13927
2809 13938
2810 13947
2811 13958
2812 13960
2813 13961
2814 13965
2815 13972
2816 13992
2817 13995
2818 13997
2819 14006
2820 14008
2821 14024
2822 14037
2823 14039
2824 14067
2825 14081
2826 14082
2827 14092
2828 14094
2829 14102
2830 14105
2831 14114
2832 14123
2833 14124
2834 14143
2835 14147
2836 14154
2837 14157
2838 14163
2839 14167
2840 14171
2841 14175
2842 14183
2843 14199
2844 14200
2845 14204
2846 14210
2847 14230
2848 14233
2849 14245
2850 14251
2851 14255
2852 14282
2853 14289
2854 14302
2855 14304
2856 14312
2857 14321
2858 14324
2859 14340
2860 14354
2861 14362
2862 14365
2863 14371
2864 14379
2865 14385
2866 14395
2867 14401
2868 14417
2869 14433
2870 14447
2871 14449
2872 14450
2873 14454
2874 14462
2875 14464
2876 14466
2877 14493
2878 14497
2879 14510
2880 14514
2881 14515
2882 14517
2883 14527
2884 14540
2885 14547
2886 14549
2887 14551
2888 14555
2889 14559
2890 14564
2891 14566
2892 14574
2893 14579
2894 14588
2895 14601
2896 14613
2897 14628
2898 14639
2899 14644
2900 14653
2901 14672
2902 14673
2903 14681
2904 14688
2905 14689
2906 14694
2907 14712
2908 14726
2909 14733
2910 14740
2911 14756
2912 14757
2913 14777
2914 14794
2915 14800
2916 14802
2917 14806
2918 14807
2919 14809
2920 14812
2921 14830
2922 14835
2923 14840
2924 14848
2925 14854
2926 14869
2927 14875
2928 14891
2929 14901
2930 14913
2931 14915
2932 14940
2933 14967
2934 14969
2935 14972
2936 14973
2937 14988
2938 14993
2939 15002
2940 15027
2941 15032
2942 15044
2943 15054
2944 15056
2945 15073
2946 15105
2947 15120
2948 15124
2949 15125
2950 15129
2951 15133
2952 15137
2953 15155
2954 15175
2955 15194
2956 15197
2957 15200
2958 15214
2959 15221
2960 15238
2961 15242
2962 15245
2963 15247
2964 15270
2965 15280
2966 15289
2967 15292
2968 15293
2969 15304
2970 15331
2971 15334
2972 15351
2973 15358
2974 15365
2975 15388
2976 15392
2977 15394
2978 15404
2979 15417
2980 15423
2981 15424
2982 15432
2983 15438
2984 15441
2985 15449
2986 15454
2987 15464
2988 15466
2989 15470
2990 15478
2991 15482
2992 15493
2993 15503
2994 15505
2995 15506
2996 15516
2997 15517
2998 15540
2999 15541
3000 15551
3001 15572
3002 15582
3003 15587
3004 15602
3005 15604
3006 15606
3007 15616
3008 15620
3009 15629
3010 15630
3011 15642
3012 15650
3013 15654
3014 15655
3015 15666
3016 15673
3017 15684
3018 15692
3019 15697
3020 15702
3021 15704
3022 15713
3023 15728
3024 15735
3025 15743
3026 15756
3027 15764
3028 15765
3029 15770
3030 15780
3031 15782
3032 15783
3033 15792
3034 15797
3035 15808
3036 15814
3037 15819
3038 15825
3039 15833
3040 15837
3041 15850
3042 15856
3043 15860
3044 15882
3045 15884
3046 15887
3047 15891
3048 15915
3049 15933
3050 15934
3051 15946
3052 15975
3053 15980
3054 15997
3055 16002
3056 16007
3057 16008
3058 16012
3059 16019
3060 16031
3061 16033
3062 16040
3063 16046
3064 16054
3065 16082
3066 16107
3067 16109
3068 16114
3069 16123
3070 16132
3071 16134
3072 16143
3073 16160
3074 16183
3075 16185
3076 16193
3077 16280
3078 16286
3079 16294
3080 16321
3081 16323
3082 16326
3083 16356
3084 16371
3085 16380
3086 16385
3087 16389
3088 16391
3089 16393
3090 16428
3091 16435
3092 16447
3093 16452
3094 16474
3095 16477
3096 16494
3097 16504
3098 16507
3099 16510
3100 16518
3101 16524
3102 16526
3103 16527
3104 16537
3105 16546
3106 16555
3107 16557
3108 16578
3109 16615
3110 16620
3111 16622
3112 16635
3113 16639
3114 16641
3115 16645
3116 16659
3117 16671
3118 16678
3119 16684
3120 16698
3121 16702
3122 16711
3123 16716
3124 16728
3125 16739
3126 16750
3127 16751
3128 16762
3129 16767
3130 16785
3131 16793
3132 16809
3133 16814
3134 16831
3135 16839
3136 16842
3137 16852
3138 16855
3139 16857
3140 16858
3141 16864
3142 16876
3143 16877
3144 16882
3145 16883
3146 16887
3147 16888
3148 16906
3149 16913
3150 16934
3151 16939
3152 16943
3153 16944
3154 16951
3155 16959
3156 16981
3157 16988
3158 16989
3159 16995
3160 17009
3161 17020
3162 17029
3163 17036
3164 17047
3165 17050
3166 17053
3167 17064
3168 17073
3169 17083
3170 17085
3171 17086
3172 17087
3173 17092
3174 17106
3175 17113
3176 17114
3177 17118
3178 17121
3179 17164
3180 17176
3181 17193
3182 17212
3183 17218
3184 17220
3185 17228
3186 17246
3187 17252
3188 17261
3189 17263
3190 17265
3191 17277
3192 17280
3193 17298
3194 17304
3195 17308
3196 17336
3197 17350
3198 17353
3199 17394
3200 17422
3201 17443
3202 17457
3203 17462
3204 17476
3205 17477
3206 17481
3207 17482
3208 17489
3209 17498
3210 17500
3211 17503
3212 17506
3213 17508
3214 17509
3215 17525
3216 17529
3217 17532
3218 17547
3219 17559
3220 17565
3221 17581
3222 17582
3223 17588
3224 17596
3225 17599
3226 17604
3227 17607
3228 17630
3229 17644
3230 17653
3231 17656
3232 17657
3233 17687
3234 17696
3235 17721
3236 17725
3237 17732
3238 17734
3239 17760
3240 17761
3241 17763
3242 17764
3243 17770
3244 17773
3245 17778
3246 17787
3247 17822
3248 17836
3249 17845
3250 17846
3251 17847
3252 17875
3253 17883
3254 17887
3255 17896
3256 17901
3257 17907
3258 17926
3259 17945
3260 17965
3261 17968
3262 17969
3263 17980
3264 17984
3265 17988
3266 17993
3267 18005
3268 18009
3269 18013
3270 18017
3271 18027
3272 18030
3273 18035
3274 18041
3275 18050
3276 18060
3277 18072
3278 18074
3279 18086
3280 18087
3281 18116
3282 18117
3283 18119
3284 18128
3285 18131
3286 18142
3287 18161
3288 18171
3289 18191
3290 18238
3291 18245
3292 18256
3293 18261
3294 18263
3295 18279
3296 18283
3297 18286
3298 18289
3299 18345
3300 18376
3301 18384
3302 18393
3303 18394
3304 18420
3305 18435
3306 18440
3307 18465
3308 18483
3309 18494
3310 18496
3311 18498
3312 18502
3313 18503
3314 18505
3315 18508
3316 18512
3317 18516
3318 18526
3319 18540
3320 18543
3321 18571
3322 18583
3323 18587
3324 18593
3325 18595
3326 18602
3327 18606
3328 18613
3329 18632
3330 18635
3331 18643
3332 18645
3333 18651
3334 18662
3335 18698
3336 18702
3337 18705
3338 18708
3339 18717
3340 18719
3341 18730
3342 18739
3343 18744
3344 18755
3345 18756
3346 18757
3347 18761
3348 18763
3349 18768
3350 18785
3351 18805
3352 18810
3353 18814
3354 18850
3355 18857
3356 18863
3357 18871
3358 18879
3359 18889
3360 18938
3361 18939
3362 18943
3363 18950
3364 18954
3365 18957
3366 18974
3367 18995
3368 19001
3369 19012
3370 19018
3371 19027
3372 19029
3373 19034
3374 19044
3375 19045
3376 19048
3377 19051
3378 19053
3379 19054
3380 19068
3381 19072
3382 19075
3383 19077
3384 19078
3385 19088
3386 19113
3387 19142
3388 19145
3389 19157
3390 19184
3391 19186
3392 19189
3393 19191
3394 19206
3395 19272
3396 19276
3397 19307
3398 19313
3399 19324
3400 19325
3401 19334
3402 19355
3403 19368
3404 19369
3405 19373
3406 19379
3407 19393
3408 19399
3409 19421
3410 19425
3411 19444
3412 19447
3413 19452
3414 19463
3415 19471
3416 19475
3417 19484
3418 19498
3419 19505
3420 19506
3421 19516
3422 19518
3423 19520
3424 19534
3425 19548
3426 19555
3427 19557
3428 19558
3429 19593
3430 19603
3431 19642
3432 19649
3433 19655
3434 19699
3435 19702
3436 19729
3437 19732
3438 19739
3439 19759
3440 19783
3441 19784
3442 19796
3443 19823
3444 19836
3445 19844
3446 19860
3447 19864
3448 19873
3449 19874
3450 19885
3451 19899
3452 19905
3453 19929
3454 19938
3455 19943
3456 19949
3457 19952
3458 19956
3459 19959
3460 19964
3461 19965
3462 19977
3463 20005
3464 20021
3465 20026
3466 20031
3467 20033
3468 20038
3469 20039
3470 20040
3471 20049
3472 20052
3473 20062
3474 20108
3475 20111
3476 20114
3477 20158
3478 20160
3479 20174
3480 20177
3481 20186
3482 20189
3483 20215
3484 20221
3485 20233
3486 20242
3487 20264
3488 20272
3489 20281
3490 20282
3491 20300
3492 20302
3493 20307
3494 20311
3495 20332
3496 20341
3497 20343
3498 20349
3499 20356
3500 20381
3501 20391
3502 20398
3503 20403
3504 20411
3505 20416
3506 20418
3507 20491
3508 20507
3509 20516
3510 20528
3511 20532
3512 20542
3513 20557
3514 20562
3515 20568
3516 20584
3517 20595
3518 20597
3519 20598
3520 20620
3521 20640
3522 20643
3523 20659
3524 20674
3525 20684
3526 20696
3527 20716
3528 20729
3529 20746
3530 20754
3531 20756
3532 20757
3533 20763
3534 20764
3535 20781
3536 20783
3537 20787
3538 20791
3539 20796
3540 20799
3541 20803
3542 20804
3543 20818
3544 20821
3545 20823
3546 20833
3547 20850
3548 20857
3549 20862
3550 20883
3551 20886
3552 20940
3553 20961
3554 20995
3555 20997
3556 20999
3557 21005
3558 21007
3559 21014
3560 21028
3561 21029
3562 21030
3563 21037
3564 21051
3565 21059
3566 21061
3567 21082
3568 21084
3569 21090
3570 21095
3571 21100
3572 21108
3573 21123
3574 21124
3575 21137
3576 21146
3577 21155
3578 21162
3579 21163
3580 21171
3581 21179
3582 21180
3583 21202
3584 21230
3585 21246
3586 21252
3587 21254
3588 21271
3589 21278
3590 21291
3591 21326
3592 21327
3593 21336
3594 21337
3595 21338
3596 21339
3597 21349
3598 21369
3599 21372
3600 21375
3601 21380
3602 21399
3603 21402
3604 21403
3605 21428
3606 21452
3607 21483
3608 21494
3609 21519
3610 21522
3611 21528
3612 21529
3613 21564
3614 21575
3615 21586
3616 21598
3617 21605
3618 21611
3619 21620
3620 21684
3621 21688
3622 21690
3623 21694
3624 21700
3625 21704
3626 21706
3627 21710
3628 21724
3629 21743
3630 21779
3631 21787
3632 21800
3633 21807
3634 21815
3635 21848
3636 21850
3637 21864
3638 21870
3639 21892
3640 21907
3641 21917
3642 21940
3643 21965
3644 21979
3645 21985
3646 21999
3647 22001
3648 22002
3649 22019
3650 22029
3651 22036
3652 22049
3653 22051
3654 22052
3655 22073
3656 22094
3657 22095
3658 22112
3659 22119
3660 22127
3661 22131
3662 22143
3663 22157
3664 22161
3665 22180
3666 22189
3667 22191
3668 22202
3669 22210
3670 22211
3671 22217
3672 22221
3673 22223
3674 22247
3675 22250
3676 22260
3677 22265
3678 22268
3679 22277
3680 22278
3681 22287
3682 22294
3683 22302
3684 22336
3685 22337
3686 22338
3687 22339
3688 22344
3689 22345
3690 22360
3691 22368
3692 22377
3693 22389
3694 22414
3695 22429
3696 22431
3697 22447
3698 22460
3699 22469
3700 22479
3701 22481
3702 22492
3703 22512
3704 22516
3705 22530
3706 22580
3707 22599
3708 22601
3709 22606
3710 22607
3711 22608
3712 22631
3713 22642
3714 22709
3715 22714
3716 22721
3717 22727
3718 22733
3719 22758
3720 22781
3721 22789
3722 22804
3723 22810
3724 22840
3725 22846
3726 22861
3727 22873
3728 22878
3729 22880
3730 22882
3731 22885
3732 22907
3733 22916
3734 22930
3735 22948
3736 22954
3737 22971
3738 22973
3739 22975
3740 22989
3741 23006
3742 23007
3743 23008
3744 23064
3745 23079
3746 23085
3747 23086
3748 23122
3749 23141
3750 23148
3751 23184
3752 23193
3753 23194
3754 23215
3755 23232
3756 23236
3757 23288
3758 23291
3759 23297
3760 23310
3761 23317
3762 23338
3763 23358
3764 23373
3765 23381
3766 23388
3767 23408
3768 23444
3769 23455
3770 23457
3771 23501
3772 23506
3773 23509
3774 23550
3775 23571
3776 23572
3777 23648
3778 23657
3779 23678
3780 23734
3781 23743
3782 23754
3783 23758
3784 23796
3785 23807
3786 23818
3787 23827
3788 23829
3789 23831
3790 23834
3791 23835
3792 23868
3793 23900
3794 23907
3795 23911
3796 23935
3797 23947
3798 23950
3799 23951
3800 23959
3801 23970
3802 23981
3803 23993
3804 23998
3805 24008
3806 24021
3807 24027
3808 24060
3809 24067
3810 24076
3811 24078
3812 24094
3813 24119
3814 24139
3815 24152
3816 24154
3817 24156
3818 24165
3819 24195
3820 24201
3821 24221
3822 24306
3823 24309
3824 24328
3825 24338
3826 24386
3827 24403
3828 24433
3829 24442
3830 24453
3831 24478
3832 24480
3833 24492
3834 24494
3835 24541
3836 24542
3837 24547
3838 24563
3839 24580
3840 24587
3841 24611
3842 24614
3843 24616
3844 24633
3845 24657
3846 24669
3847 24676
3848 24681
3849 24703
3850 24713
3851 24727
3852 24757
3853 24759
3854 24768
3855 24792
3856 24796
3857 24820
3858 24848
3859 24859
3860 24864
3861 24880
3862 24883
3863 24891
3864 24913
3865 24916
3866 24932
3867 24953
3868 24963
3869 24965
3870 24993
3871 25011
3872 25013
3873 25017
3874 25028
3875 25040
3876 25051
3877 25102
3878 25104
3879 25111
3880 25121
3881 25122
3882 25136
3883 25145
3884 25157
3885 25184
3886 25229
3887 25232
3888 25235
3889 25256
3890 25309
3891 25311
3892 25322
3893 25326
3894 25339
3895 25342
3896 25355
3897 25356
3898 25358
3899 25390
3900 25393
3901 25412
3902 25415
3903 25437
3904 25442
3905 25455
3906 25463
3907 25479
3908 25485
3909 25494
3910 25499
3911 25510
3912 25511
3913 25515
3914 25516
3915 25527
3916 25533
3917 25544
3918 25556
3919 25563
3920 25565
3921 25566
3922 25576
3923 25577
3924 25602
3925 25609
3926 25619
3927 25631
3928 25642
3929 25648
3930 25711
3931 25712
3932 25713
3933 25715
3934 25726
3935 25743
3936 25762
3937 25769
3938 25784
3939 25791
3940 25792
3941 25794
3942 25812
3943 25854
3944 25855
3945 25869
3946 25889
3947 25905
3948 25910
3949 25947
3950 25980
3951 25997
3952 26002
3953 26007
3954 26013
3955 26020
3956 26031
3957 26032
3958 26039
3959 26052
3960 26064
3961 26069
3962 26077
3963 26080
3964 26081
3965 26085
3966 26144
3967 26145
3968 26194
3969 26200
3970 26207
3971 26218
3972 26222
3973 26250
3974 26266
3975 26269
3976 26286
3977 26319
3978 26327
3979 26330
3980 26342
3981 26343
3982 26349
3983 26352
3984 26360
3985 26369
3986 26380
3987 26459
3988 26470
3989 26474
3990 26486
3991 26503
3992 26509
3993 26522
3994 26538
3995 26543
3996 26576
3997 26591
3998 26600
3999 26608
4000 26649
4001 26659
4002 26665
4003 26674
4004 26700
4005 26705
4006 26735
4007 26737
4008 26766
4009 26801
4010 26809
4011 26812
4012 26815
4013 26845
4014 26862
4015 26886
4016 26901
4017 26921
4018 26929
4019 26935
4020 27004
4021 27013
4022 27020
4023 27028
4024 27034
4025 27040
4026 27048
4027 27056
4028 27066
4029 27111
4030 27113
4031 27129
4032 27140
4033 27188
4034 27203
4035 27205
4036 27206
4037 27209
4038 27246
4039 27249
4040 27253
4041 27287
4042 27396
4043 27398
4044 27404
4045 27430
4046 27433
4047 27453
4048 27456
4049 27459
4050 27465
4051 27491
4052 27516
4053 27518
4054 27529
4055 27552
4056 27559
4057 27564
4058 27611
4059 27637
4060 27656
4061 27692
4062 27704
4063 27729
4064 27735
4065 27742
4066 27767
4067 27783
4068 27801
4069 27816
4070 27822
4071 27824
4072 27828
4073 27829
4074 27831
4075 27832
4076 27870
4077 27876
4078 27895
4079 27909
4080 27923
4081 27932
4082 27933
4083 27962
4084 27968
4085 27969
4086 27974
4087 27976
4088 27984
4089 27990
4090 28011
4091 28027
4092 28033
4093 28037
4094 28067
4095 28090
4096 28104
4097 28128
4098 28143
4099 28161
4100 28172
4101 28178
4102 28195
4103 28209
4104 28215
4105 29228
4106 29233
4107 29241
4108 29247
4109 29273
4110 29283
4111 29287
4112 29316
4113 29319
4114 29326
4115 29333
4116 29341
4117 29364
4118 29401
4119 29418
4120 29428
4121 29437
4122 29444
4123 29449
4124 29480
4125 29491
4126 29510
4127 29548
4128 29555
4129 29566
4130 29570
4131 29625
4132 29634
4133 29663
4134 29697
4135 29704
4136 29706
4137 29720
4138 29724
4139 29730
4140 29736
4141 29763
4142 29783
4143 29785
4144 29789
4145 29804
4146 29813
4147 29836
4148 29850
4149 29853
4150 29873
4151 29887
4152 29911
4153 29938
4154 29956
4155 29961
4156 29972
4157 29973
4158 29980
4159 29992
4160 30035
4161 30062
4162 30081
4163 30115
4164 30118
4165 30147
4166 30158
4167 30161
4168 30172
4169 30180
4170 30186
4171 30196
4172 30252
4173 30259
4174 30264
4175 30269
4176 30304
4177 30342
4178 30352
4179 30356
4180 30363
4181 30364
4182 30366
4183 30375
4184 30376
4185 30379
4186 30380
4187 30395
4188 30412
4189 30427
4190 30484
4191 30500
4192 30516
4193 30520
4194 30521
4195 30530
4196 30558
4197 30602
4198 30641
4199 30650
4200 30668
4201 30679
4202 30684
4203 30721
4204 30726
4205 30755
4206 30790
4207 30800
4208 30827
4209 30830
4210 30860
4211 30889
4212 30927
4213 30983
4214 30999
4215 31010
4216 31026
4217 31034
4218 31036
4219 31045
4220 31084
4221 31102
4222 31105
4223 31107
4224 31134
4225 31154
4226 31161
4227 31163
4228 31194
4229 31233
4230 31304
4231 31306
4232 31307
4233 31308
4234 31310
4235 31324
4236 31328
4237 31331
4238 31339
4239 31344
4240 31356
4241 31371
4242 31376
4243 31391
4244 31429
4245 31434
4246 31441
4247 31446
4248 31469
4249 31472
4250 31475
4251 31491
4252 31493
4253 31511
4254 31518
4255 31520
4256 31521
4257 31524
4258 31532
4259 31589
4260 31610
4261 31622
4262 31627
4263 31670
4264 31676
4265 31760
4266 31807
4267 31808
4268 31814
4269 31858
4270 31864
4271 31883
4272 31923
4273 31951
4274 31952
4275 31963
4276 31991
4277 31992
4278 32010
4279 32022
4280 32042
4281 32135
4282 32147
4283 32151
4284 32178
4285 32186
4286 32210
4287 32216
4288 32229
4289 32259
4290 32261
4291 32273
4292 32277
4293 32293
4294 32307
4295 32325
4296 32332
4297 32355
4298 32366
4299 32389
4300 32416
4301 32431
4302 32436
4303 32454
4304 32470
4305 32539
4306 32551
4307 32591
4308 32592
4309 32605
4310 32629
4311 32635
4312 32636
4313 32641
4314 32644
4315 32660
4316 32723
4317 32741
4318 32814
4319 32817
4320 32866
4321 32882
4322 32916
4323 32920
4324 32922
4325 32938
4326 32961
4327 32962
4328 32972
4329 32985
4330 33018
4331 33027
4332 33032
4333 33039
4334 33041
4335 33042
4336 33047
4337 33064
4338 33089
4339 33090
4340 33121
4341 33127
4342 33128
4343 33135
4344 33141
4345 33163
4346 33165
4347 33177
4348 33199
4349 33212
4350 33254
4351 33269
4352 33283
4353 33286
4354 33295
4355 33326
4356 33377
4357 33399
4358 33443
4359 33455
4360 33483
4361 33492
4362 33497
4363 33520
4364 33546
4365 33563
4366 33573
4367 33623
4368 33625
4369 33646
4370 33647
4371 33663
4372 33664
4373 33698
4374 33709
4375 33717
4376 33754
4377 33757
4378 33766
4379 33768
4380 33792
4381 33820
4382 33828
4383 33829
4384 33841
4385 33842
4386 33854
4387 33872
4388 33895
4389 33900
4390 33902
4391 33912
4392 33958
4393 33985
4394 34033
4395 34050
4396 34063
4397 34105
4398 34127
4399 34133
4400 34136
4401 34170
4402 34180
4403 34197
4404 34217
4405 34243
4406 34256
4407 34258
4408 34259
4409 34275
4410 34304
4411 34415
4412 34427
4413 34435
4414 34444
4415 34461
4416 34464
4417 34468
4418 34478
4419 34483
4420 34490
4421 34513
4422 34515
4423 34538
4424 34544
4425 34548
4426 34575
4427 34576
4428 34591
4429 34596
4430 34640
4431 34655
4432 34670
4433 34671
4434 34674
4435 34690
4436 34714
4437 34740
4438 34755
4439 34859
4440 34866
4441 34884
4442 34890
4443 34919
4444 34942
4445 34951
4446 34960
4447 34984
4448 35007
4449 35158
4450 35229
4451 35261
4452 35306
4453 35324
4454 35330
4455 35336
4456 35353
4457 35357
4458 35360
4459 35394
4460 35416
4461 35419
4462 35428
4463 35453
4464 35482
4465 35486
4466 35520
4467 35529
4468 35575
4469 35593
4470 35609
4471 35613
4472 35615
4473 35626
4474 35648
4475 35652
4476 35660
4477 35673
4478 35683
4479 35687
4480 35702
4481 35714
4482 35733
4483 35734
4484 35810
4485 35833
4486 35840
4487 35868
4488 35872
4489 35936
4490 35959
4491 35986
4492 36038
4493 36060
4494 36067
4495 36071
4496 36085
4497 36090
4498 36103
4499 36108
4500 36145
4501 36146
4502 36148
4503 36154
4504 36177
4505 36212
4506 36282
4507 36285
4508 36302
4509 36372
4510 36385
4511 36412
4512 36414
4513 36441
4514 36466
4515 36469
4516 36477
4517 36502
4518 36526
4519 36539
4520 36554
4521 36563
4522 36572
4523 36579
4524 36586
4525 36625
4526 36665
4527 36672
4528 36683
4529 36688
4530 36690
4531 36697
4532 36707
4533 36720
4534 36721
4535 36735
4536 36759
4537 36799
4538 36814
4539 36826
4540 36862
4541 36868
4542 36871
4543 36883
4544 36886
4545 36904
4546 36922
4547 36931
4548 36934
4549 36950
4550 36952
4551 36961
4552 37021
4553 37059
4554 37087
4555 37099
4556 37103
4557 37104
4558 37150
4559 37191
4560 37211
4561 37214
4562 37231
4563 37238
4564 37266
4565 37286
4566 37302
4567 37327
4568 37338
4569 37353
4570 37354
4571 37371
4572 37373
4573 37385
4574 37394
4575 37432
4576 37436
4577 37515
4578 37545
4579 37555
4580 37580
4581 37612
4582 37644
4583 37646
4584 37661
4585 37691
4586 37709
4587 37757
4588 37808
4589 37818
4590 37821
4591 37822
4592 37855
4593 37857
4594 37875
4595 37893
4596 37899
4597 37919
4598 37996
4599 38052
4600 38058
4601 38068
4602 38075
4603 38085
4604 38104
4605 38136
4606 38145
4607 38190
4608 38200
4609 38203
4610 38236
4611 38250
4612 38253
4613 38267
4614 38316
4615 38319
4616 38330
4617 38331
4618 38337
4619 38374
4620 38393
4621 38407
4622 38416
4623 38418
4624 38434
4625 38435
4626 38448
4627 38468
4628 38477
4629 38523
4630 38525
4631 38532
4632 38566
4633 38620
4634 38623
4635 38624
4636 38626
4637 38631
4638 38637
4639 38654
4640 38686
4641 38698
4642 38711
4643 38724
4644 38744
4645 38749
4646 38783
4647 38798
4648 38805
4649 38823
4650 38835
4651 38838
4652 38851
4653 38852
4654 38862
4655 38866
4656 38867
4657 38869
4658 38889
4659 38893
4660 38966
4661 38979
4662 39004
4663 39026
4664 39062
4665 39082
4666 39086
4667 39105
4668 39110
4669 39115
4670 39117
4671 39120
4672 39129
4673 39142
4674 39146
4675 39167
4676 39174
4677 39212
4678 39227
4679 39229
4680 39261
4681 39270
4682 39280
4683 39284
4684 39304
4685 39331
4686 39332
4687 39348
4688 39380
4689 39404
4690 39421
4691 39422
4692 39425
4693 39470
4694 39475
4695 39487
4696 39495
4697 39521
4698 39536
4699 39552
4700 39582
4701 39602
4702 39623
4703 39654
4704 39663
4705 39666
4706 39685
4707 39713
4708 39717
4709 39735
4710 39742
4711 39744
4712 39747
4713 39754
4714 39762
4715 39775
4716 39815
4717 39829
4718 39916
4719 39936
4720 39938
4721 39955
4722 40078
4723 40086
4724 40103
4725 40120
4726 40133
4727 40145
4728 40173
4729 40213
4730 40263
4731 40297
4732 40323
4733 40352
4734 40368
4735 40382
4736 40386
4737 40432
4738 40439
4739 40458
4740 40460
4741 40504
4742 40549
4743 40563
4744 40570
4745 40588
4746 40640
4747 40682
4748 40694
4749 40707
4750 40715
4751 40723
4752 40779
4753 40780
4754 40804
4755 40821
4756 40832
4757 40835
4758 40847
4759 40862
4760 40883
4761 40886
4762 40899
4763 40919
4764 40950
4765 40983
4766 41032
4767 41060
4768 41075
4769 41081
4770 41094
4771 41103
4772 41110
4773 41123
4774 41139
4775 41142
4776 41145
4777 41166
4778 41187
4779 41219
4780 41232
4781 41263
4782 41274
4783 41291
4784 41301
4785 41303
4786 41305
4787 41312
4788 41337
4789 41364
4790 41368
4791 41438
4792 41487
4793 41499
4794 41541
4795 41567
4796 41571
4797 41577
4798 41593
4799 41613
4800 41619
4801 41626
4802 41635
4803 41644
4804 41650
4805 41654
4806 41669
4807 41807
4808 41827
4809 41853
4810 41862
4811 41870
4812 41873
4813 41902
4814 41946
4815 41947
4816 41953
4817 41970
4818 42006
4819 42015
4820 42046
4821 42047
4822 42059
4823 42087
4824 42137
4825 42140
4826 42193
4827 42207
4828 42210
4829 42278
4830 42297
4831 42302
4832 42307
4833 42326
4834 42343
4835 42355
4836 42369
4837 42387
4838 42411
4839 42416
4840 42440
4841 42461
4842 42473
4843 42571
4844 42576
4845 42606
4846 42636
4847 42658
4848 42661
4849 42676
4850 42690
4851 42768
4852 42851
4853 42864
4854 42912
4855 42933
4856 43000
4857 43006
4858 43014
4859 43054
4860 43097
4861 43107
4862 43108
4863 43138
4864 43162
4865 43172
4866 43192
4867 43198
4868 43263
4869 43266
4870 43309
4871 43324
4872 43326
4873 43354
4874 43383
4875 43406
4876 43418
4877 43423
4878 43439
4879 43441
4880 43445
4881 43455
4882 43459
4883 43499
4884 43553
4885 43555
4886 43559
4887 43639
4888 43681
4889 43682
4890 43683
4891 43701
4892 43737
4893 43771
4894 43804
4895 43871
4896 43899
4897 43919
4898 43941
4899 43951
4900 43954
4901 44016
4902 44073
4903 44143
4904 44191
4905 44220
4906 44243
4907 44291
4908 44293
4909 44319
4910 44331
4911 44463
4912 44464
4913 44555
4914 44557
4915 44642
4916 44651
4917 44678
4918 44691
4919 44693
4920 44739
4921 44768
4922 44797
4923 44812
4924 44817
4925 44860
4926 44912
4927 44949
4928 44953
4929 45002
4930 45005
4931 45027
4932 45057
4933 45067
4934 45118
4935 45210
4936 45250
4937 45255
4938 45392
4939 45413
4940 45454
4941 45510
4942 45553
4943 45570
4944 45581
4945 45611
4946 45640
4947 45660
4948 45669
4949 45704
4950 45707
4951 45729
4952 45731
4953 45923
4954 45929
4955 45947
4956 45951
4957 45956
4958 45976
4959 45998
4960 46104
4961 46108
4962 46184
4963 46214
4964 46254
4965 46290
4966 46424
4967 46454
4968 46464
4969 46510
4970 46519
4971 46551
4972 46591
4973 46690
4974 46735
4975 46744
4976 46747
4977 46856
4978 46859
4979 46903
4980 46913
4981 46975
4982 46987
4983 47135
4984 47136
4985 47167
4986 47189
4987 47264
4988 47269
4989 47274
4990 47279
4991 47294
4992 47312
4993 47322
4994 47330
4995 47336
4996 47391
4997 47447
4998 47453
4999 47462
5000 47467
5001 47482
5002 47547
5003 47658
5004 47682
5005 47710
5006 47722
5007 47725
5008 47778
5009 47810
5010 47820
5011 47897
5012 47964
5013 47973
5014 48029
5015 48047
5016 48084
5017 48094
5018 48111
5019 48142
5020 48144
5021 48157
5022 48208
5023 48273
5024 48296
5025 48334
5026 48342
5027 48356
5028 48365
5029 48378
5030 48438
5031 48481
5032 48499
5033 48503
5034 48526
5035 48531
5036 48532
5037 48544
5038 48554
5039 48616
5040 48687
5041 48688
5042 48767
5043 48792
5044 48797
5045 48826
5046 48831
5047 48839
5048 48859
5049 48865
5050 48866
5051 48880
5052 49003
5053 49009
5054 49035
5055 49056
5056 49117
5057 49208
5058 49234
5059 49247
5060 49268
5061 49270
5062 49370
5063 49398
5064 49406
5065 49409
5066 49438
5067 49520
5068 49530
5069 49537
5070 49556
5071 49605
5072 49628
5073 49716
5074 49750
5075 49822
5076 49915
5077 49919
5078 49924
5079 49936
5080 49983
5081 50068
5082 50073
5083 50081
5084 50128
5085 50145
5086 50154
5087 50157
5088 50212
5089 50244
5090 50307
5091 50311
5092 50339
5093 50356
5094 50388
5095 50407
5096 50409
5097 50426
5098 50473
5099 50509
5100 50524
5101 50551
5102 50562
5103 50609
5104 50614
5105 50615
5106 50650
5107 50693
5108 50721
5109 50746
5110 50754
5111 50796
5112 50818
5113 50846
5114 50847
5115 50854
5116 50874
5117 50886
5118 50901
5119 50973
5120 51031
5121 51043
5122 51063
5123 51073
5124 51099
5125 51107
5126 51164
5127 51176
5128 51189
5129 51203
5130 51223
5131 51244
5132 51323
5133 51325
5134 51336
5135 51389
5136 51401
5137 51424
5138 51450
5139 51478
5140 51480
5141 51484
5142 51492
5143 51505
5144 51557
5145 51596
5146 51659
5147 51663
5148 51668
5149 51685
5150 51716
5151 51771
5152 52782
5153 52796
5154 52811
5155 52824
5156 52834
5157 52860
5158 52890
5159 52914
5160 52918
5161 52936
5162 52954
5163 52982
5164 53059
5165 53091
5166 53100
5167 53127
5168 53155
5169 53170
5170 53175
5171 53180
5172 53197
5173 54239
5174 54245
5175 54339
5176 54369
5177 54401
5178 54403
5179 54448
5180 54454
5181 54455
5182 54458
5183 54470
5184 54487
5185 54551
5186 54552
5187 54608
5188 54609
5189 54631
5190 54656
5191 54695
5192 54702
5193 54731
5194 54780
5195 54788
5196 54797
5197 55865
5198 55866
5199 55893
5200 55915
5201 55916
5202 55948
5203 55956
5204 56018
5205 56059
5206 56062
5207 56127
5208 56179
5209 56187
5210 56188
5211 56191
5212 56217
5213 56259
5214 56328
5215 56336
5216 56362
5217 56379
5218 56418
5219 56461
5220 56462
5221 56465
5222 56505
5223 56531
5224 56553
5225 56563
5226 56571
5227 56594
5228 56617
5229 56624
5230 56670
5231 56721
5232 56727
5233 56779
5234 56791
5235 56827
5236 56878
5237 56913
5238 56920
5239 56938
5240 56980
5241 56995
5242 57010
5243 57030
5244 57088
5245 57097
5246 57114
5247 57119
5248 57155
5249 57191
5250 57241
5251 57252
5252 57278
5253 57286
5254 57297
5255 57323
5256 57344
5257 57348
5258 57398
5259 57405
5260 57425
5261 57432
5262 57448
5263 57464
5264 57472
5265 57474
5266 57519
5267 57582
5268 57583
5269 57635
5270 57668
5271 57697
5272 57712
5273 57784
5274 57804
5275 57842
5276 57888
5277 57926
5278 57973
5279 57983
5280 58001
5281 58018
5282 58028
5283 58051
5284 58057
5285 58082
5286 58096
5287 58103
5288 58125
5289 58171
5290 58187
5291 58233
5292 58235
5293 58242
5294 58271
5295 58307
5296 58328
5297 58340
5298 58456
5299 58457
5300 58541
5301 58604
5302 58618
5303 58628
5304 58682
5305 58688
5306 58706
5307 58718
5308 58777
5309 58835
5310 58847
5311 58888
5312 58944
5313 58952
5314 58976
5315 59028
5316 59142
5317 59151
5318 59158
5319 59176
5320 59204
5321 59219
5322 59227
5323 59248
5324 59303
5325 59312
5326 59322
5327 59377
5328 60398
5329 60426
5330 60435
5331 60465
5332 60487
5333 60515
5334 60519
5335 60548
5336 60575
5337 60586
5338 60618
5339 60638
5340 60642
5341 60695
5342 60706
5343 60708
5344 60732
5345 60810
5346 60986
5347 61043
5348 61101
5349 61106
5350 61129
5351 61136
5352 61217
5353 61328
5354 61337
5355 61355
5356 61372
5357 61426
5358 61438
5359 61479
5360 61494
5361 61520
5362 61536
5363 61549
5364 61629
5365 61630
5366 61662
5367 61682
5368 61723
5369 61737
5370 61785
5371 61795
5372 61817
5373 61820
5374 61852
5375 61853
5376 61857
5377 61887
5378 61910
5379 61939
5380 61949
5381 61960
5382 61965
5383 61996
5384 62003
5385 62091
5386 62113
5387 62130
5388 62135
5389 62153
5390 62201
5391 62246
5392 62334
5393 62367
5394 62398
5395 62399
5396 62405
5397 62425
5398 62434
5399 62438
5400 62471
5401 62519
5402 62562
5403 62575
5404 62629
5405 62635
5406 62673
5407 62680
5408 62695
5409 62709
5410 62782
5411 62800
5412 62805
5413 63864
5414 63877
5415 63926
5416 63927
5417 63936
5418 63938
5419 63939
5420 63959
5421 63984
5422 64010
5423 64073
5424 64136
5425 64141
5426 64153
5427 64184
5428 64224
5429 64226
5430 64231
5431 64354
5432 64420
5433 64449
5434 64462
5435 64534
5436 64594
5437 64676
5438 64701
5439 65800
5440 65801
5441 65818
5442 65864
5443 65878
5444 65915
5445 65919
5446 65937
5447 65994
5448 66044
5449 66052
5450 66131
5451 66133
5452 66205
5453 66236
5454 66266
5455 66275
5456 66404
5457 66443
5458 66536
5459 66543
5460 66544
5461 66593
5462 66597
5463 66607
5464 66622
5465 66623
5466 66688
5467 66777
5468 66833
5469 66847
5470 66983
5471 67031
5472 67115
5473 67144
5474 67151
5475 67193
5476 68204
5477 68215
5478 68222
5479 68305
5480 68336
5481 68356
5482 68382
5483 68448
5484 68462
5485 68468
5486 68473
5487 68515
5488 68708
5489 68722
5490 68799
5491 68822
5492 68866
5493 68871
5494 68910
5495 68932
5496 68935
5497 68953
5498 68958
5499 68962
5500 68969
5501 68971
5502 69010
5503 69037
5504 69091
5505 69159
5506 69190
5507 69194
5508 69196
5509 69245
5510 69275
5511 69292
5512 69320
5513 69371
5514 69412
5515 69443
5516 69444
5517 69446
5518 69463
5519 69521
5520 69525
5521 69558
5522 69586
5523 69603
5524 69613
5525 69642
5526 69681
5527 69757
5528 69763
5529 69862
5530 69977
5531 69999
5532 70005
5533 70015
5534 70019
5535 70060
5536 70079
5537 70146
5538 70148
5539 70190
5540 70252
5541 70313
5542 70315
5543 70345
5544 70355
5545 70432
5546 70461
5547 70463
5548 70464
5549 70498
5550 70521
5551 70594
5552 70615
5553 70618
5554 70629
5555 70638
5556 70647
5557 70684
5558 70686
5559 70739
5560 70808
5561 70809
5562 70848
5563 70853
5564 70964
5565 71011
5566 71028
5567 71040
5568 71045
5569 71074
5570 71090
5571 71137
5572 71225
5573 72273
5574 72288
5575 72302
5576 72317
5577 72328
5578 73383
5579 73388
5580 73430
5581 73451
5582 73454
5583 73502
5584 73529
5585 73530
5586 73577
5587 73667
5588 73701
5589 73885
5590 73942
5591 73956
5592 73967
5593 73972
5594 74026
5595 74051
5596 74161
5597 74168
5598 74169
5599 74249
5600 74281
5601 74330
5602 74359
5603 74372
5604 74413
5605 74448
5606 74494
5607 74539
5608 74548
5609 74578
5610 74600
5611 74601
5612 74606
5613 74634
5614 74664
5615 74668
5616 74676
5617 74739
5618 74762
5619 74763
5620 74799
5621 74814
5622 74819
5623 74918
5624 74951
5625 75066
5626 75070
5627 75081
5628 75106
5629 75153
5630 75248
5631 75288
5632 75293
5633 75343
5634 75381
5635 75420
5636 75422
5637 75470
5638 75670
5639 75682
5640 75707
5641 75735
5642 75749
5643 75756
5644 75761
5645 75773
5646 75934
5647 75954
5648 75970
5649 76042
5650 76102
5651 76104
5652 76148
5653 76240
5654 76265
5655 76274
5656 76299
5657 76332
5658 76355
5659 76412
5660 76462
5661 76572
5662 76593
5663 76601
5664 76665
5665 76709
5666 77921
5667 77936
5668 78061
5669 78112
5670 78180
5671 78204
5672 78216
5673 78434
5674 78446
5675 78474
5676 78525
5677 78539
5678 78554
5679 78588
5680 78621
5681 78645
5682 78655
5683 78672
5684 78726
5685 78773
5686 78795
5687 78831
5688 78849
5689 79942
5690 79949
5691 79998
5692 80191
5693 80247
5694 80296
5695 80326
5696 80363
5697 80366
5698 80377
5699 80399
5700 80483
5701 80565
5702 80665
5703 80668
5704 80739
5705 80744
5706 80774
5707 80891
5708 80965
5709 80985
5710 81052
5711 81055
5712 81101
5713 81143
5714 81169
5715 81224
5716 81225
5717 81295
5718 81309
5719 81311
5720 81332
5721 81462
5722 81488
5723 81573
5724 81587
5725 81633
5726 81645
5727 81684
5728 81773
5729 81776
5730 81841
5731 81883
5732 81999
5733 82006
5734 82042
5735 82056
5736 82067
5737 82084
5738 82102
5739 82179
5740 82229
5741 82270
5742 82276
5743 82370
5744 82497
5745 82510
5746 82588
5747 82637
5748 82702
5749 82739
5750 82774
5751 82816
5752 82821
5753 82839
5754 82840
5755 82843
5756 82880
5757 82886
5758 82928
5759 82938
5760 83010
5761 83025
5762 83038
5763 83073
5764 83085
5765 83134
5766 83143
5767 83189
5768 83267
5769 83274
5770 83320
5771 83382
5772 83481
5773 83518
5774 83579
5775 83581
5776 83598
5777 83681
5778 83700
5779 83742
5780 83772
5781 83815
5782 83838
5783 83841
5784 83921
5785 83928
5786 83957
5787 84000
5788 84063
5789 84114
5790 84120
5791 84144
5792 84240
5793 84272
5794 84311
5795 84312
5796 84320
5797 84349
5798 84385
5799 84390
5800 84431
5801 84475
5802 84494
5803 84500
5804 84526
5805 84558
5806 84572
5807 84700
5808 84753
5809 84759
5810 84768
5811 84804
5812 84846
5813 84847
5814 84923
5815 84950
5816 85036
5817 85239
5818 85322
5819 85349
5820 85355
5821 85372
5822 85392
5823 85395
5824 85406
5825 85435
5826 85489
5827 85500
5828 85535
5829 85550
5830 85560
5831 85578
5832 85592
5833 85616
5834 85652
5835 85722
5836 85776
5837 85783
5838 85804
5839 85818
5840 85906
5841 85913
5842 85932
5843 85967
5844 85988
5845 85994
5846 86006
5847 86014
5848 86065
5849 86066
5850 86088
5851 86131
5852 86235
5853 86270
5854 86412
5855 86432
5856 86526
5857 87669
5858 87680
5859 87712
5860 87779
5861 87815
5862 87844
5863 87910
5864 88033
5865 88057
5866 88058
5867 88073
5868 88133
5869 88142
5870 88173
5871 88227
5872 88300
5873 88319
5874 88385
5875 88427
5876 88496
5877 88524
5878 88614
5879 88670
5880 88739
5881 88818
5882 88840
5883 88851
5884 88855
5885 88856
5886 88932
5887 88968
5888 89005
5889 89084
5890 89127
5891 89166
5892 89192
5893 89233
5894 89259
5895 89334
5896 89375
5897 89425
5898 89429
5899 89451
5900 89514
5901 89515
5902 89592
5903 89654
5904 89661
5905 89704
5906 89757
5907 89797
5908 89934
5909 89948
5910 89956
5911 89973
5912 89997
5913 90075
5914 90095
5915 90217
5916 90258
5917 90295
5918 90299
5919 90316
5920 90412
5921 90430
5922 90443
5923 90487
5924 90610
5925 90626
5926 90645
5927 90655
5928 90657
5929 90904
5930 90906
5931 90928
5932 90940
5933 90958
5934 90978
5935 91023
5936 91061
5937 91074
5938 91089
5939 91098
5940 91196
5941 91227
5942 91245
5943 91254
5944 91255
5945 91357
5946 91360
5947 91414
5948 91419
5949 91441
5950 91471
5951 91482
5952 91491
5953 91504
5954 91582
5955 91596
5956 91635
5957 91656
5958 91764
5959 91903
5960 91935
5961 91976
5962 92007
5963 92032
5964 92070
5965 92120
5966 92164
5967 92217
5968 92483
5969 93538
5970 93602
5971 93613
5972 93694
5973 93709
5974 93724
5975 93850
5976 93858
5977 93870
5978 94022
5979 94076
5980 94086
5981 94157
5982 94188
5983 94200
5984 94212
5985 94232
5986 94293
5987 94363
5988 94375
5989 94393
5990 94398
5991 94407
5992 94585
5993 94600
5994 94631
5995 94774
5996 94832
5997 94923
5998 94933
5999 94968
6000 94970
6001 95043
6002 95131
6003 95148
6004 95204
6005 95241
6006 95282
6007 95296
6008 95328
6009 95347
6010 95413
6011 95470
6012 95545
6013 95654
6014 95718
6015 95823
6016 96862
6017 96890
6018 96891
6019 96921
6020 96931
6021 97124
6022 97247
6023 97265
6024 97275
6025 97277
6026 97316
6027 97337
6028 97402
6029 97414
6030 97463
6031 97469
6032 97564
6033 97605
6034 97687
6035 97692
6036 97836
6037 97849
6038 98070
6039 98139
6040 98306
6041 98312
6042 98314
6043 98365
6044 98394
6045 98438
6046 98590
6047 98841
6048 98863
6049 98868
6050 98900
6051 99042
6052 99044
6053 99045
6054 99088
6055 99127
6056 99132
6057 99153
6058 99154
6059 99221
6060 99224
6061 99234
6062 99280
6063 99391
6064 99414
6065 99417
6066 99622
6067 99663
6068 99666
6069 99680
6070 99732
6071 99750
6072 100155
6073 100164
6074 100302
6075 100486
6076 100497
6077 100552
6078 100564
6079 100615
6080 100670
6081 100713
6082 100749
6083 100807
6084 100908
6085 100976
6086 100979
6087 101029
6088 101078
6089 101109
6090 101121
6091 101139
6092 101335
6093 101577
6094 101745
6095 101775
6096 101778
6097 101817
6098 101861
6099 101929
6100 102104
6101 102157
6102 102228
6103 102300
6104 102323
6105 102343
6106 102390
6107 102428
6108 102519
6109 102529
6110 102641
6111 102684
6112 102742
6113 102926
6114 102946
6115 102997
6116 103200
6117 103227
6118 103270
6119 103287
6120 103291
6121 103312
6122 103319
6123 103376
6124 103418
6125 103423
6126 103443
6127 103524
6128 103578
6129 103598
6130 103678
6131 103683
6132 103722
6133 103758
6134 103831
6135 103866
6136 104010
6137 104018
6138 104213
6139 104222
6140 104252
6141 104294
6142 104316
6143 104330
6144 104342
6145 104432
6146 104513
6147 104633
6148 104669
6149 104679
6150 104682
6151 104685
6152 104715
6153 104725
6154 104754
6155 104758
6156 104774
6157 104791
6158 104817
6159 104858
6160 104880
6161 104937
6162 105092
6163 105095
6164 105103
6165 105159
6166 105209
6167 105214
6168 105615
6169 105651
6170 105652
6171 105661
6172 105668
6173 105816
6174 105957
6175 105980
6176 106072
6177 106087
6178 106114
6179 106171
6180 106191
6181 106239
6182 106253
6183 106273
6184 106277
6185 106377
6186 106467
6187 106512
6188 106551
6189 106554
6190 106556
6191 106634
6192 106658
6193 106751
6194 106758
6195 106765
6196 106779
6197 106788
6198 108263
6199 108274
6200 108278
6201 108308
6202 108431
6203 108503
6204 108548
6205 108556
6206 108630
6207 108631
6208 108637
6209 108862
6210 108867
6211 108884
6212 109085
6213 109419
6214 109444
6215 109450
6216 109563
6217 109573
6218 109717
6219 109761
6220 109769
6221 109820
6222 109932
6223 110046
6224 110123
6225 110166
6226 110229
6227 110236
6228 110252
6229 110301
6230 110305
6231 110332
6232 110368
6233 110389
6234 110479
6235 110515
6236 110522
6237 110732
6238 110733
6239 110748
6240 110856
6241 111007
6242 111134
6243 111164
6244 111215
6245 111304
6246 111338
6247 111429
6248 111456
6249 111500
6250 111635
6251 111697
6252 111700
6253 111831
6254 111917
6255 111959
6256 112012
6257 112053
6258 112113
6259 112114
6260 112238
6261 112284
6262 112378
6263 112382
6264 112385
6265 112398
6266 112406
6267 112538
6268 112626
6269 112641
6270 112954
6271 112993
6272 113001
6273 113018
6274 113054
6275 113061
6276 113152
6277 113174
6278 113213
6279 113296
6280 113369
6281 113382
6282 113409
6283 113506
6284 113756
6285 113763
6286 113828
6287 113851
6288 114143
6289 114152
6290 114165
6291 114263
6292 114278
6293 114298
6294 114351
6295 114489
6296 114509
6297 114589
6298 114652
6299 114668
6300 114758
6301 114946
6302 115052
6303 115087
6304 115088
6305 115211
6306 115244
6307 115363
6308 115637
6309 115872
6310 115951
6311 116092
6312 116289
6313 116360
6314 116435
6315 116483
6316 116667
6317 116705
6318 116776
6319 116794
6320 116991
6321 117073
6322 117088
6323 117273
6324 117370
6325 117452
6326 117456
6327 117532
6328 117551
6329 117681
6330 117699
6331 117732
6332 117762
6333 117774
6334 117964
6335 118083
6336 118130
6337 118180
6338 118310
6339 118337
6340 118366
6341 118398
6342 118440
6343 118468
6344 118469
6345 118526
6346 118682
6347 118688
6348 118731
6349 118765
6350 118831
6351 118946
6352 118986
6353 119114
6354 119216
6355 119240
6356 119286
6357 119444
6358 119673
6359 119731
6360 119793
6361 119834
6362 119858
6363 119875
6364 119901
6365 119968
6366 120035
6367 120265
6368 120298
6369 120363
6370 120369
6371 120414
6372 120578
6373 120600
6374 120767
6375 120797
6376 120841
6377 120914
6378 120939
6379 120972
6380 121003
6381 121069
6382 121081
6383 121307
6384 121404
6385 121558
6386 121592
6387 121643
6388 121660
6389 121665
6390 121731
6391 121820
6392 122026
6393 122104
6394 122188
6395 122275
6396 122309
6397 122316
6398 122319
6399 122335
6400 122383
6401 122473
6402 122662
6403 122755
6404 122887
6405 122945
6406 123210
6407 123220
6408 123309
6409 123435
6410 123459
6411 123634
6412 123650
6413 124004
6414 124144
6415 124242
6416 124387
6417 124426
6418 124549
6419 124565
6420 124586
6421 124654
6422 124732
6423 124771
6424 124775
6425 124934
6426 124949
6427 125121
6428 125260
6429 125275
6430 125359
6431 125498
6432 125578
6433 125584
6434 125703
6435 125790
6436 125883
6437 125941
6438 126017
6439 126024
6440 126268
6441 126279
6442 126292
6443 126333
6444 126354
6445 126373
6446 126377
6447 126532
6448 126543
6449 126581
6450 126667
6451 126691
6452 126770
6453 126815
6454 126827
6455 127002
6456 127053
6457 127183
6458 127309
6459 127334
6460 127387
6461 127612
6462 127616
6463 127668
6464 127776
6465 127803
6466 127871
6467 127891
6468 127902
6469 127957
6470 127990
6471 128140
6472 128235
6473 128281
6474 128347
6475 128408
6476 128477
6477 128502
6478 128535
6479 128702
6480 128723
6481 128759
6482 128762
6483 128868
6484 128912
6485 128914
6486 129074
6487 129086
6488 129125
6489 129192
6490 129380
6491 129428
6492 129564
6493 129678
6494 129768
6495 129803
6496 129831
6497 129859
6498 129868
6499 130047
6500 130058
6501 130062
6502 130124
6503 130130
6504 130192
6505 130741
6506 130757
6507 130811
6508 130882
6509 130944
6510 131140
6511 131560
6512 131562
6513 131647
6514 131711
6515 131781
6516 131855
6517 131962
6518 132069
6519 132086
6520 132399
6521 132407
6522 132446
6523 132451
6524 133579
6525 133811
6526 133871
6527 133974
6528 134054
6529 134186
6530 134242
6531 134299
6532 134361
6533 134512
6534 134555
6535 134600
6536 134721
6537 134766
6538 134799
6539 134803
6540 134910
6541 135040
6542 135215
6543 135253
6544 135269
6545 135580
6546 136313
6547 136356
6548 136371
6549 136553
6550 136562
6551 136567
6552 136683
6553 136932
6554 137147
6555 137210
6556 137259
6557 137269
6558 137320
6559 137323
6560 137782
6561 137875
6562 138060
6563 138483
6564 138543
6565 138629
6566 138729
6567 140013
6568 140072
6569 140169
6570 140292
6571 140385
6572 140496
6573 140613
6574 140821
6575 140871
6576 140919
6577 140920
6578 140960
6579 141013
6580 141238
6581 141691
6582 141766
6583 141767
6584 141932
6585 142150
6586 142151
6587 142190
6588 142414
6589 142423
6590 142913
6591 142929
6592 142946
6593 142953
6594 143090
6595 143222
6596 143349
6597 143420
6598 144262
6599 144495
6600 144501
6601 144531
6602 144602
6603 144606
6604 144890
6605 145307
6606 145612
6607 145778
6608 145820
6609 145919
6610 145983
6611 146235
6612 146495
6613 146596
6614 147073
6615 147129
6616 147392
6617 147728
6618 147778
6619 147956
6620 147976
6621 148161
6622 148402
6623 148528
6624 148559
6625 148793
6626 148857
6627 148946
6628 149003
6629 149197
6630 149221
