0 882 264
0 883 49
0 884 6
882 3018 264
883 3019 49
884 3020 6
1 885 19
1 886 6
885 3021 19
886 3022 6
2 887 18
2 888 4
2 889 88
2 890 7
887 3023 18
888 3024 4
889 3025 88
890 3026 7
3 891 41
3 892 5
891 3027 41
892 3028 5
4 893 4
4 894 4
4 895 13
893 3031 4
894 3029 4
895 3032 13
5 896 4
5 897 4
896 3033 4
897 3034 4
6 898 5
6 899 7
6 900 5
898 3018 5
899 3038 7
900 3039 5
7 901 4
7 902 7
901 3043 4
902 3044 7
8 903 6
8 904 8
903 3045 6
904 3046 8
9 905 77
9 906 7
9 907 9
9 908 18
9 909 105
9 910 57
9 911 9
9 912 4
9 913 6
905 3023 77
906 3038 7
907 3048 9
908 3049 18
909 3050 105
910 3051 57
911 3052 9
912 3053 4
913 3054 6
10 914 8
10 915 4
10 916 23
914 3038 8
915 3055 4
916 3056 23
11 917 107
11 918 22
11 919 44
11 920 22
11 921 15
11 922 15
11 923 7
917 3057 107
918 3040 22
919 3046 44
920 3018 22
921 3058 15
922 3026 15
923 3020 7
12 924 4
12 925 5
924 3046 4
925 3046 5
13 926 8
13 927 4
926 3018 8
927 3040 4
14 928 14
14 929 6
14 930 10
14 931 11
928 3059 14
929 3060 6
930 3061 10
931 3062 11
15 932 11
15 933 22
15 934 12
15 935 26
932 3038 11
933 3063 22
934 3064 12
935 3065 26
16 936 14
16 937 12
16 938 10
936 3066 14
937 3067 12
938 3068 10
17 939 22
17 940 5
17 941 17
17 942 11
939 3070 22
940 3071 5
941 3072 17
942 3073 11
18 943 4
18 944 4
943 3078 4
944 3046 4
19 945 14
19 946 24
19 947 4
945 3080 14
946 3081 24
947 3082 4
20 948 8
20 949 11
948 3083 8
949 3084 11
21 950 5
21 951 5
950 3085 5
951 3086 5
22 952 5
22 953 11
952 3029 5
953 3087 11
23 954 7
23 955 4
23 956 8
954 3088 7
955 3089 4
956 3090 8
24 957 15
24 958 6
957 3032 15
958 3089 6
25 959 6
25 960 9
959 3034 6
960 3095 9
26 961 12
26 962 15
26 963 5
961 3096 12
962 3097 15
963 3098 5
27 964 5
27 965 7
27 966 6
964 3045 5
965 3046 7
966 3034 6
28 967 8
28 968 7
967 3099 8
968 3100 7
29 969 6
29 970 4
969 3101 6
970 3045 4
30 971 12
30 972 17
30 973 5
30 974 5
971 3102 12
972 3098 17
973 3103 5
974 3104 5
31 975 10
31 976 9
31 977 8
975 3105 10
976 3044 9
977 3106 8
32 978 5
32 979 4
32 980 8
978 3107 5
979 3046 4
980 3108 8
33 981 11
33 982 10
33 983 6
981 3046 11
982 3114 10
983 3054 6
34 984 38
34 985 4
34 986 16
34 987 5
984 3018 38
985 3117 4
986 3118 16
987 3119 5
35 988 7
35 989 8
988 3105 7
989 3046 8
36 990 6
36 991 4
990 3018 6
991 3120 4
37 992 10
37 993 13
992 3088 10
993 3121 13
38 994 5
38 995 18
994 3088 5
995 3115 18
39 996 13
39 997 10
39 998 5
39 999 7
39 1000 5
996 3115 13
997 3102 10
998 3122 5
999 3123 7
1000 3124 5
40 1001 5
40 1002 9
1001 3034 5
1002 3125 9
41 1003 7
41 1004 24
41 1005 8
1003 3018 7
1004 3126 24
1005 3127 8
42 1006 12
42 1007 10
42 1008 5
1006 3128 12
1007 3129 10
1008 3130 5
43 1009 6
43 1010 5
1009 3046 6
1010 3101 5
44 1011 6
44 1012 9
44 1013 8
1011 3034 6
1012 3088 9
1013 3131 8
45 1014 7
45 1015 5
1014 3132 7
1015 3127 5
46 1016 6
46 1017 16
46 1018 21
46 1019 8
46 1020 117
46 1021 7
46 1022 10
46 1023 4
46 1024 5
46 1025 50
46 1026 15
46 1027 5
46 1028 11
46 1029 10
46 1030 6
46 1031 5
46 1032 5
1016 3046 6
1017 3133 16
1018 3131 21
1019 3038 8
1020 3018 117
1021 3134 7
1022 3135 10
1023 3136 4
1024 3137 5
1025 3138 50
1026 3139 15
1027 3140 5
1028 3141 11
1029 3142 10
1030 3143 6
1031 3144 5
1032 3145 5
47 1033 12
47 1034 13
47 1035 6
47 1036 5
1033 3132 12
1034 3018 13
1035 3018 6
1036 3146 5
48 1037 7
48 1038 7
1037 3063 7
1038 3044 7
49 1039 4
49 1040 5
1039 3088 4
1040 3018 5
50 1041 18
50 1042 6
50 1043 4
1041 3044 18
1042 3147 6
1043 3148 4
51 1044 17
51 1045 7
1044 3018 17
1045 3046 7
52 1046 6
52 1047 6
1046 3046 6
1047 3149 6
53 1048 6
53 1049 8
1048 3150 6
1049 3151 8
54 1050 27
54 1051 10
1050 3152 27
1051 3034 10
55 1052 15
55 1053 20
55 1054 7
55 1055 7
1052 3091 15
1053 3046 20
1054 3018 7
1055 3046 7
56 1056 7
56 1057 7
1056 3156 7
1057 3157 7
57 1058 12
57 1059 7
57 1060 5
1058 3158 12
1059 3047 7
1060 3159 5
58 1061 15
58 1062 39
58 1063 10
1061 3088 15
1062 3029 39
1063 3160 10
59 1064 13
59 1065 7
1064 3046 13
1065 3161 7
60 1066 8
60 1067 8
1066 3105 8
1067 3046 8
61 1068 5
61 1069 4
1068 3034 5
1069 3162 4
62 1070 10
62 1071 6
1070 3018 10
1071 3113 6
63 1072 11
63 1073 6
1072 3046 11
1073 3163 6
64 1074 102
64 1075 12
64 1076 4
64 1077 8
64 1078 6
1074 3034 102
1075 3164 12
1076 3165 4
1077 3166 8
1078 3167 6
65 1079 9
65 1080 4
1079 3168 9
1080 3169 4
66 1081 4
66 1082 6
1081 3170 4
1082 3051 6
67 1083 8
67 1084 14
67 1085 8
67 1086 4
67 1087 22
1083 3046 8
1084 3105 14
1085 3034 8
1086 3046 4
1087 3171 22
68 1088 4
68 1089 14
1088 3018 4
1089 3085 14
69 1090 17
69 1091 17
1090 3041 17
1091 3172 17
70 1092 27
70 1093 5
70 1094 6
1092 3088 27
1093 3018 5
1094 3121 6
71 1095 8
71 1096 5
1095 3041 8
1096 3122 5
72 1097 4
72 1098 9
1097 3105 4
1098 3149 9
73 1099 26
73 1100 7
73 1101 38
73 1102 4
1099 3173 26
1100 3174 7
1101 3175 38
1102 3176 4
74 1103 5
74 1104 8
74 1105 30
74 1106 5
1103 3088 5
1104 3133 8
1105 3018 30
1106 3162 5
75 1107 14
75 1108 20
1107 3177 14
1108 3051 20
76 1109 24
76 1110 18
76 1111 18
1109 3018 24
1110 3156 18
1111 3178 18
77 1112 11
77 1113 6
77 1114 15
1112 3034 11
1113 3179 6
1114 3034 15
78 1115 7
78 1116 4
1115 3034 7
1116 3047 4
79 1117 13
79 1118 4
1117 3173 13
1118 3018 4
80 1119 8
80 1120 4
1119 3180 8
1120 3181 4
81 1121 21
81 1122 23
1121 3046 21
1122 3182 23
82 1123 26
82 1124 11
1123 3034 26
1124 3183 11
83 1125 11
83 1126 9
83 1127 8
1125 3034 11
1126 3038 9
1127 3018 8
84 1128 5
84 1129 4
1128 3034 5
1129 3018 4
85 1130 24
85 1131 4
85 1132 5
1130 3184 24
1131 3185 4
1132 3041 5
86 1133 8
86 1134 4
1133 3047 8
1134 3048 4
87 1135 4
87 1136 6
1135 3041 4
1136 3186 6
88 1137 15
88 1138 5
1137 3187 15
1138 3048 5
89 1139 6
89 1140 8
1139 3041 6
1140 3188 8
90 1141 4
90 1142 5
1141 3193 4
1142 3072 5
91 1143 4
91 1144 8
1143 3041 4
1144 3072 8
92 1145 11
92 1146 7
1145 3048 11
1146 3194 7
93 1147 9
93 1148 41
1147 3085 9
1148 3041 41
94 1149 121
94 1150 9
94 1151 13
1149 3195 121
1150 3054 9
1151 3161 13
95 1152 36
95 1153 6
1152 3187 36
1153 3196 6
96 1154 28
96 1155 6
96 1156 116
1154 3046 28
1155 3197 6
1156 3054 116
97 1157 13
97 1158 4
1157 3198 13
1158 3199 4
98 1159 4
98 1160 8
1159 3202 4
1160 3038 8
99 1161 6
99 1162 14
99 1163 6
1161 3203 6
1162 3123 14
1163 3072 6
100 1164 9
100 1165 6
1164 3088 9
1165 3204 6
101 1166 5
101 1167 19
101 1168 16
101 1169 9
101 1170 4
101 1171 4
101 1172 13
1166 3205 5
1167 3206 19
1168 3207 16
1169 3208 9
1170 3207 4
1171 3207 4
1172 3209 13
102 1173 14
102 1174 4
1173 3207 14
1174 3046 4
103 1175 10
103 1176 4
1175 3044 10
1176 3210 4
104 1177 8
104 1178 15
1177 3041 8
1178 3203 15
105 1179 8
105 1180 12
105 1181 12
1179 3162 8
1180 3045 12
1181 3018 12
106 1182 8
106 1183 4
1182 3211 8
1183 3212 4
107 1184 40
107 1185 6
107 1186 8
107 1187 4
1184 3044 40
1185 3213 6
1186 3214 8
1187 3215 4
108 1188 5
108 1189 8
1188 3203 5
1189 3046 8
109 1190 17
109 1191 15
109 1192 9
109 1193 8
109 1194 4
109 1195 5
109 1196 5
109 1197 4
1190 3216 17
1191 3217 15
1192 3120 9
1193 3218 8
1194 3219 4
1195 3220 5
1196 3221 5
1197 3222 4
110 1198 11
110 1199 10
1198 3072 11
1199 3173 10
111 1200 29
111 1201 5
111 1202 7
1200 3041 29
1201 3224 5
1202 3225 7
112 1203 4
112 1204 5
1203 3072 4
1204 3227 5
113 1205 17
113 1206 4
1205 3044 17
1206 3146 4
114 1207 4
114 1208 5
1207 3046 4
1208 3056 5
115 1209 4
115 1210 7
1209 3165 4
1210 3046 7
116 1211 9
116 1212 5
116 1213 11
1211 3228 9
1212 3046 5
1213 3044 11
117 1214 5
117 1215 7
1214 3105 5
1215 3044 7
118 1216 34
118 1217 19
1216 3041 34
1217 3229 19
119 1218 6
119 1219 8
1218 3105 6
1219 3048 8
120 1220 5
120 1221 16
1220 3230 5
1221 3041 16
121 1222 7
121 1223 5
1222 3231 7
1223 3232 5
122 1224 15
122 1225 12
1224 3046 15
1225 3234 12
123 1226 10
123 1227 6
1226 3088 10
1227 3235 6
124 1228 4
124 1229 9
1228 3046 4
1229 3041 9
125 1230 10
125 1231 5
125 1232 5
1230 3236 10
1231 3179 5
1232 3048 5
126 1233 5
126 1234 5
1233 3165 5
1234 3041 5
127 1235 4
127 1236 5
1235 3237 4
1236 3131 5
128 1237 5
128 1238 4
1237 3238 5
1238 3239 4
129 1239 4
129 1240 4
1239 3072 4
1240 3041 4
130 1241 10
130 1242 22
1241 3072 10
1242 3049 22
131 1243 6
131 1244 4
1243 3242 6
1244 3018 4
132 1245 4
132 1246 6
132 1247 5
132 1248 12
132 1249 4
1245 3072 4
1246 3041 6
1247 3105 5
1248 3243 12
1249 3244 4
133 1250 20
133 1251 5
1250 3072 20
1251 3245 5
134 1252 5
134 1253 5
134 1254 5
1252 3088 5
1253 3072 5
1254 3246 5
135 1255 6
135 1256 6
1255 3236 6
1256 3041 6
136 1257 10
136 1258 9
1257 3247 10
1258 3248 9
137 1259 11
137 1260 7
137 1261 4
1259 3249 11
1260 3041 7
1261 3250 4
138 1262 4
138 1263 9
1262 3085 4
1263 3018 9
139 1264 10
139 1265 4
1264 3251 10
1265 3252 4
140 1266 5
140 1267 21
1266 3249 5
1267 3253 21
141 1268 6
141 1269 17
141 1270 12
1268 3072 6
1269 3254 17
1270 3250 12
142 1271 12
142 1272 4
1271 3255 12
1272 3034 4
143 1273 4
143 1274 8
143 1275 5
1273 3072 4
1274 3047 8
1275 3256 5
144 1276 5
144 1277 11
1276 3041 5
1277 3046 11
145 1278 18
145 1279 43
145 1280 17
1278 3041 18
1279 3046 43
1280 3257 17
146 1281 5
146 1282 8
1281 3041 5
1282 3258 8
147 1283 10
147 1284 7
1283 3236 10
1284 3046 7
148 1285 6
148 1286 4
1285 3018 6
1286 3046 4
149 1287 11
149 1288 6
149 1289 26
149 1290 4
1287 3260 11
1288 3261 6
1289 3262 26
1290 3263 4
150 1291 8
150 1292 61
1291 3264 8
1292 3265 61
151 1293 9
151 1294 4
151 1295 5
1293 3266 9
1294 3267 4
1295 3072 5
152 1296 7
152 1297 6
152 1298 5
1296 3046 7
1297 3268 6
1298 3269 5
153 1299 5
153 1300 5
1299 3193 5
1300 3270 5
154 1301 7
154 1302 8
154 1303 6
1301 3270 7
1302 3072 8
1303 3124 6
155 1304 9
155 1305 12
155 1306 17
1304 3270 9
1305 3096 12
1306 3077 17
156 1307 7
156 1308 7
1307 3236 7
1308 3044 7
157 1309 30
157 1310 13
157 1311 11
1309 3018 30
1310 3088 13
1311 3271 11
158 1312 6
158 1313 5
1312 3072 6
1313 3018 5
159 1314 5
159 1315 4
1314 3034 5
1315 3041 4
160 1316 11
160 1317 9
1316 3131 11
1317 3018 9
161 1318 5
161 1319 5
1318 3270 5
1319 3272 5
162 1320 40
162 1321 15
1320 3073 40
1321 3273 15
163 1322 4
163 1323 4
1322 3274 4
1323 3275 4
164 1324 15
164 1325 11
164 1326 4
1324 3034 15
1325 3165 11
1326 3276 4
165 1327 13
165 1328 9
1327 3034 13
1328 3270 9
166 1329 4
166 1330 4
1329 3077 4
1330 3073 4
167 1331 5
167 1332 4
1331 3046 5
1332 3077 4
168 1333 6
168 1334 12
1333 3072 6
1334 3279 12
169 1335 16
169 1336 4
169 1337 39
1335 3072 16
1336 3264 4
1337 3041 39
170 1338 4
170 1339 5
1338 3046 4
1339 3041 5
171 1340 14
171 1341 7
1340 3073 14
1341 3121 7
172 1342 23
172 1343 10
172 1344 11
172 1345 5
1342 3072 23
1343 3280 10
1344 3245 11
1345 3281 5
173 1346 4
173 1347 5
173 1348 7
1346 3072 4
1347 3282 5
1348 3283 7
174 1349 10
174 1350 4
1349 3270 10
1350 3284 4
175 1351 5
175 1352 20
175 1353 13
1351 3280 5
1352 3282 20
1353 3285 13
176 1354 6
176 1355 18
1354 3286 6
1355 3165 18
177 1356 6
177 1357 4
177 1358 4
1356 3073 6
1357 3072 4
1358 3077 4
178 1359 8
178 1360 13
178 1361 5
1359 3041 8
1360 3165 13
1361 3054 5
179 1362 8
179 1363 5
1362 3072 8
1363 3165 5
180 1364 12
180 1365 6
180 1366 8
1364 3282 12
1365 3034 6
1366 3024 8
181 1367 5
181 1368 4
1367 3072 5
1368 3270 4
182 1369 9
182 1370 42
182 1371 4
1369 3072 9
1370 3287 42
1371 3288 4
183 1372 4
183 1373 5
1372 3046 4
1373 3289 5
184 1374 5
184 1375 4
1374 3072 5
1375 3046 4
185 1376 8
185 1377 8
185 1378 4
185 1379 15
1376 3270 8
1377 3290 8
1378 3291 4
1379 3081 15
186 1380 4
186 1381 55
186 1382 15
186 1383 19
1380 3018 4
1381 3072 55
1382 3292 15
1383 3293 19
187 1384 4
187 1385 10
187 1386 20
187 1387 4
1384 3294 4
1385 3295 10
1386 3296 20
1387 3297 4
188 1388 39
188 1389 7
1388 3073 39
1389 3298 7
189 1390 5
189 1391 6
1390 3018 5
1391 3299 6
190 1392 6
190 1393 7
1392 3300 6
1393 3301 7
191 1394 21
191 1395 5
1394 3018 21
1395 3302 5
192 1396 10
192 1397 4
1396 3303 10
1397 3304 4
193 1398 8
193 1399 7
1398 3270 8
1399 3305 7
194 1400 6
194 1401 7
1400 3051 6
1401 3072 7
195 1402 8
195 1403 20
1402 3072 8
1403 3018 20
196 1404 15
196 1405 6
196 1406 4
1404 3046 15
1405 3306 6
1406 3307 4
197 1407 6
197 1408 5
1407 3303 6
1408 3077 5
198 1409 6
198 1410 5
1409 3041 6
1410 3046 5
199 1411 4
199 1412 4
1411 3072 4
1412 3303 4
200 1413 25
200 1414 10
1413 3072 25
1414 3200 10
201 1415 5
201 1416 4
201 1417 10
1415 3131 5
1416 3072 4
1417 3162 10
202 1418 7
202 1419 9
1418 3085 7
1419 3018 9
203 1420 8
203 1421 16
1420 3308 8
1421 3161 16
204 1422 10
204 1423 5
204 1424 4
1422 3072 10
1423 3041 5
1424 3044 4
205 1425 21
205 1426 22
205 1427 4
1425 3077 21
1426 3072 22
1427 3309 4
206 1428 6
206 1429 7
206 1430 8
1428 3044 6
1429 3051 7
1430 3054 8
207 1431 4
207 1432 7
1431 3085 4
1432 3072 7
208 1433 7
208 1434 4
1433 3310 7
1434 3264 4
209 1435 4
209 1436 8
1435 3072 4
1436 3303 8
210 1437 7
210 1438 5
1437 3046 7
1438 3311 5
211 1439 9
211 1440 11
211 1441 18
1439 3018 9
1440 3031 11
1441 3096 18
212 1442 5
212 1443 5
1442 3072 5
1443 3312 5
213 1444 5
213 1445 4
1444 3072 5
1445 3313 4
214 1446 5
214 1447 5
1446 3072 5
1447 3034 5
215 1448 7
215 1449 8
1448 3041 7
1449 3314 8
216 1450 10
216 1451 5
1450 3315 10
1451 3049 5
217 1452 20
217 1453 4
1452 3077 20
1453 3316 4
218 1454 5
218 1455 6
1454 3077 5
1455 3072 6
219 1456 67
219 1457 6
1456 3317 67
1457 3318 6
220 1458 5
220 1459 5
220 1460 32
220 1461 26
1458 3319 5
1459 3308 5
1460 3041 32
1461 3320 26
221 1462 4
221 1463 6
1462 3162 4
1463 3308 6
222 1464 4
222 1465 7
1464 3321 4
1465 3322 7
223 1466 8
223 1467 10
223 1468 4
1466 3323 8
1467 3324 10
1468 3169 4
224 1469 5
224 1470 6
1469 3308 5
1470 3325 6
225 1471 7
225 1472 4
1471 3073 7
1472 3162 4
226 1473 15
226 1474 4
1473 3072 15
1474 3146 4
227 1475 27
227 1476 4
1475 3072 27
1476 3326 4
228 1477 7
228 1478 4
228 1479 4
228 1480 4
1477 3146 7
1478 3327 4
1479 3328 4
1480 3328 4
229 1481 4
229 1482 9
1481 3072 4
1482 3073 9
230 1483 5
230 1484 4
1483 3329 5
1484 3330 4
231 1485 6
231 1486 20
231 1487 6
1485 3331 6
1486 3308 20
1487 3332 6
232 1488 7
232 1489 5
1488 3308 7
1489 3333 5
233 1490 5
233 1491 4
1490 3072 5
1491 3334 4
234 1492 5
234 1493 13
234 1494 5
1492 3335 5
1493 3336 13
1494 3337 5
235 1495 5
235 1496 5
1495 3018 5
1496 3044 5
236 1497 71
236 1498 4
1497 3339 71
1498 3340 4
237 1499 4
237 1500 6
1499 3265 4
1500 3341 6
238 1501 7
238 1502 5
1501 3308 7
1502 3165 5
239 1503 4
239 1504 9
1503 3303 4
1504 3270 9
240 1505 12
240 1506 5
1505 3342 12
1506 3343 5
241 1507 15
241 1508 5
1507 3169 15
1508 3344 5
242 1509 6
242 1510 4
1509 3078 6
1510 3073 4
243 1511 18
243 1512 26
243 1513 5
1511 3346 18
1512 3236 26
1513 3072 5
244 1514 18
244 1515 5
244 1516 8
244 1517 4
244 1518 6
1514 3339 18
1515 3347 5
1516 3348 8
1517 3134 4
1518 3349 6
245 1519 5
245 1520 4
1519 3072 5
1520 3350 4
246 1521 8
246 1522 4
1521 3341 8
1522 3351 4
247 1523 11
247 1524 21
247 1525 8
247 1526 5
247 1527 22
1523 3352 11
1524 3353 21
1525 3354 8
1526 3355 5
1527 3356 22
248 1528 17
248 1529 31
248 1530 13
248 1531 7
248 1532 25
248 1533 5
1528 3034 17
1529 3202 31
1530 3041 13
1531 3357 7
1532 3308 25
1533 3358 5
249 1534 12
249 1535 4
1534 3041 12
1535 3359 4
250 1536 4
250 1537 7
1536 3072 4
1537 3360 7
251 1538 40
251 1539 5
1538 3073 40
1539 3361 5
252 1540 4
252 1541 9
252 1542 9
252 1543 4
1540 3308 4
1541 3034 9
1542 3018 9
1543 3364 4
253 1544 4
253 1545 4
1544 3072 4
1545 3308 4
254 1546 6
254 1547 4
1546 3270 6
1547 3044 4
255 1548 5
255 1549 11
1548 3270 5
1549 3044 11
256 1550 7
256 1551 29
256 1552 8
256 1553 8
1550 3365 7
1551 3175 29
1552 3366 8
1553 3367 8
257 1554 4
257 1555 4
1554 3368 4
1555 3131 4
258 1556 5
258 1557 4
1556 3369 5
1557 3368 4
259 1558 6
259 1559 6
1558 3270 6
1559 3370 6
260 1560 9
260 1561 4
1560 3270 9
1561 3252 4
261 1562 9
261 1563 15
1562 3041 9
1563 3371 15
262 1564 6
262 1565 4
1564 3372 6
1565 3368 4
263 1566 4
263 1567 7
1566 3373 4
1567 3374 7
264 1568 6
264 1569 16
1568 3270 6
1569 3375 16
265 1570 13
265 1571 4
1570 3072 13
1571 3368 4
266 1572 6
266 1573 17
266 1574 7
1572 3376 6
1573 3270 17
1574 3044 7
267 1575 7
267 1576 5
1575 3377 7
1576 3378 5
268 1577 11
268 1578 4
1577 3044 11
1578 3379 4
269 1579 6
269 1580 4
1579 3348 6
1580 3034 4
270 1581 46
270 1582 20
1581 3073 46
1582 3380 20
271 1583 6
271 1584 4
1583 3229 6
1584 3072 4
272 1585 5
272 1586 10
272 1587 4
1585 3072 5
1586 3381 10
1587 3382 4
273 1588 4
273 1589 7
1588 3308 4
1589 3383 7
274 1590 26
274 1591 12
1590 3073 26
1591 3131 12
275 1592 10
275 1593 7
275 1594 9
275 1595 10
275 1596 9
275 1597 5
275 1598 34
275 1599 33
275 1600 5
275 1601 5
275 1602 8
1592 3384 10
1593 3034 7
1594 3292 9
1595 3293 10
1596 3385 9
1597 3386 5
1598 3051 34
1599 3387 33
1600 3388 5
1601 3389 5
1602 3054 8
276 1603 11
276 1604 4
1603 3390 11
1604 3304 4
277 1605 6
277 1606 6
1605 3391 6
1606 3392 6
278 1607 26
278 1608 14
278 1609 6
278 1610 5
278 1611 11
278 1612 10
1607 3212 26
1608 3034 14
1609 3034 6
1610 3394 5
1611 3252 11
1612 3146 10
279 1613 11
279 1614 6
1613 3395 11
1614 3142 6
280 1615 8
280 1616 4
280 1617 4
280 1618 13
1615 3396 8
1616 3397 4
1617 3398 4
1618 3399 13
281 1619 4
281 1620 5
1619 3034 4
1620 3372 5
282 1621 8
282 1622 12
1621 3073 8
1622 3018 12
283 1623 11
283 1624 4
1623 3031 11
1624 3041 4
284 1625 7
284 1626 13
1625 3400 7
1626 3146 13
285 1627 11
285 1628 7
285 1629 14
285 1630 5
1627 3131 11
1628 3401 7
1629 3136 14
1630 3054 5
286 1631 10
286 1632 6
1631 3308 10
1632 3044 6
287 1633 5
287 1634 16
1633 3073 5
1634 3402 16
288 1635 8
288 1636 5
1635 3403 8
1636 3284 5
289 1637 25
289 1638 4
289 1639 7
289 1640 29
1637 3384 25
1638 3286 4
1639 3041 7
1640 3404 29
290 1641 14
290 1642 4
1641 3293 14
1642 3407 4
291 1643 7
291 1644 4
291 1645 8
1643 3308 7
1644 3072 4
1645 3408 8
292 1646 7
292 1647 6
1646 3293 7
1647 3146 6
293 1648 4
293 1649 6
1648 3409 4
1649 3131 6
294 1650 6
294 1651 12
294 1652 8
1650 3034 6
1651 3041 12
1652 3410 8
295 1653 9
295 1654 5
1653 3146 9
1654 3411 5
296 1655 6
296 1656 13
1655 3146 6
1656 3072 13
297 1657 10
297 1658 9
1657 3073 10
1658 3165 9
298 1659 16
298 1660 10
298 1661 4
1659 3412 16
1660 3413 10
1661 3414 4
299 1662 5
299 1663 13
299 1664 6
1662 3049 5
1663 3041 13
1664 3416 6
300 1665 61
300 1666 12
300 1667 57
1665 3131 61
1666 3146 12
1667 3054 57
301 1668 5
301 1669 19
301 1670 5
301 1671 7
1668 3072 5
1669 3146 19
1670 3417 5
1671 3418 7
302 1672 10
302 1673 6
1672 3120 10
1673 3419 6
303 1674 14
303 1675 8
1674 3034 14
1675 3420 8
304 1676 13
304 1677 24
1676 3421 13
1677 3422 24
305 1678 94
305 1679 9
1678 3034 94
1679 3423 9
306 1680 11
306 1681 10
1680 3424 11
1681 3425 10
307 1682 16
307 1683 13
307 1684 18
307 1685 9
307 1686 6
307 1687 4
1682 3385 16
1683 3426 13
1684 3293 18
1685 3427 9
1686 3428 6
1687 3429 4
308 1688 4
308 1689 10
1688 3072 4
1689 3270 10
309 1690 5
309 1691 4
1690 3034 5
1691 3018 4
310 1692 6
310 1693 9
1692 3430 6
1693 3072 9
311 1694 36
311 1695 4
1694 3165 36
1695 3432 4
312 1696 7
312 1697 10
1696 3433 7
1697 3308 10
313 1698 16
313 1699 6
1698 3146 16
1699 3434 6
314 1700 5
314 1701 8
1700 3435 5
1701 3436 8
315 1702 8
315 1703 8
1702 3437 8
1703 3438 8
316 1704 26
316 1705 12
316 1706 4
316 1707 4
1704 3073 26
1705 3044 12
1706 3146 4
1707 3439 4
317 1708 5
317 1709 4
1708 3308 5
1709 3146 4
318 1710 5
318 1711 4
1710 3440 5
1711 3441 4
319 1712 7
319 1713 6
319 1714 6
1712 3341 7
1713 3442 6
1714 3118 6
320 1715 5
320 1716 4
1715 3304 5
1716 3018 4
321 1717 18
321 1718 5
1717 3404 18
1718 3443 5
322 1719 30
322 1720 4
1719 3073 30
1720 3054 4
323 1721 4
323 1722 5
1721 3304 4
1722 3445 5
324 1723 43
324 1724 10
324 1725 9
324 1726 8
1723 3445 43
1724 3446 10
1725 3447 9
1726 3448 8
325 1727 127
325 1728 9
325 1729 5
1727 3072 127
1728 3450 9
1729 3451 5
326 1730 4
326 1731 11
1730 3304 4
1731 3452 11
327 1732 13
327 1733 8
1732 3073 13
1733 3453 8
328 1734 26
328 1735 8
1734 3073 26
1735 3454 8
329 1736 15
329 1737 4
1736 3455 15
1737 3253 4
330 1738 9
330 1739 5
330 1740 5
330 1741 4
1738 3456 9
1739 3457 5
1740 3458 5
1741 3459 4
331 1742 11
331 1743 5
331 1744 6
1742 3073 11
1743 3460 5
1744 3290 6
332 1745 13
332 1746 6
1745 3146 13
1746 3252 6
333 1747 11
333 1748 5
1747 3146 11
1748 3290 5
334 1749 6
334 1750 4
1749 3461 6
1750 3462 4
335 1751 9
335 1752 8
335 1753 14
1751 3051 9
1752 3372 8
1753 3044 14
336 1754 5
336 1755 8
1754 3072 5
1755 3146 8
337 1756 4
337 1757 20
337 1758 22
1756 3119 4
1757 3072 20
1758 3363 22
338 1759 11
338 1760 18
338 1761 12
338 1762 21
338 1763 4
338 1764 5
338 1765 25
1759 3464 11
1760 3056 18
1761 3465 12
1762 3466 21
1763 3467 4
1764 3468 5
1765 3469 25
339 1766 13
339 1767 5
1766 3470 13
1767 3471 5
340 1768 27
340 1769 4
340 1770 8
1768 3308 27
1769 3472 4
1770 3054 8
341 1771 5
341 1772 4
1771 3308 5
1772 3466 4
342 1773 4
342 1774 5
1773 3389 4
1774 3385 5
343 1775 4
343 1776 5
343 1777 5
1775 3105 4
1776 3473 5
1777 3474 5
344 1778 11
344 1779 16
344 1780 7
1778 3073 11
1779 3475 16
1780 3476 7
345 1781 17
345 1782 19
1781 3270 17
1782 3477 19
346 1783 9
346 1784 7
1783 3478 9
1784 3479 7
347 1785 32
347 1786 11
1785 3073 32
1786 3041 11
348 1787 33
348 1788 5
1787 3018 33
1788 3480 5
349 1789 8
349 1790 4
1789 3072 8
1790 3481 4
350 1791 16
350 1792 11
350 1793 5
1791 3270 16
1792 3308 11
1793 3054 5
351 1794 4
351 1795 6
1794 3484 4
1795 3385 6
352 1796 11
352 1797 6
1796 3073 11
1797 3044 6
353 1798 13
353 1799 12
353 1800 4
1798 3406 13
1799 3118 12
1800 3485 4
354 1801 4
354 1802 4
354 1803 4
1801 3486 4
1802 3487 4
1803 3488 4
355 1804 4
355 1805 10
1804 3072 4
1805 3486 10
356 1806 4
356 1807 12
356 1808 4
1806 3270 4
1807 3490 12
1808 3491 4
357 1809 30
357 1810 5
357 1811 22
357 1812 13
357 1813 7
1809 3119 30
1810 3492 5
1811 3308 22
1812 3493 13
1813 3494 7
358 1814 7
358 1815 4
1814 3073 7
1815 3495 4
359 1816 5
359 1817 10
1816 3270 5
1817 3385 10
360 1818 21
360 1819 14
360 1820 4
1818 3073 21
1819 3496 14
1820 3497 4
361 1821 6
361 1822 14
361 1823 4
1821 3270 6
1822 3308 14
1823 3498 4
362 1824 16
362 1825 29
362 1826 7
1824 3073 16
1825 3494 29
1826 3499 7
363 1827 68
363 1828 21
363 1829 10
363 1830 78
1827 3500 68
1828 3131 21
1829 3302 10
1830 3073 78
364 1831 12
364 1832 5
1831 3270 12
1832 3501 5
365 1833 8
365 1834 5
1833 3342 8
1834 3270 5
366 1835 5
366 1836 5
366 1837 9
1835 3131 5
1836 3503 5
1837 3428 9
367 1838 6
367 1839 5
367 1840 31
1838 3504 6
1839 3505 5
1840 3506 31
368 1841 4
368 1842 9
1841 3226 4
1842 3507 9
369 1843 7
369 1844 8
1843 3406 7
1844 3044 8
370 1845 14
370 1846 8
1845 3308 14
1846 3508 8
371 1847 5
371 1848 7
1847 3494 5
1848 3054 7
372 1849 6
372 1850 5
372 1851 13
372 1852 23
372 1853 14
372 1854 5
1849 3509 6
1850 3510 5
1851 3511 13
1852 3054 23
1853 3054 14
1854 3512 5
373 1855 4
373 1856 7
1855 3513 4
1856 3406 7
374 1857 11
374 1858 4
1857 3073 11
1858 3514 4
375 1859 16
375 1860 11
1859 3494 16
1860 3072 11
376 1861 4
376 1862 5
1861 3406 4
1862 3515 5
377 1863 6
377 1864 6
1863 3044 6
1864 3516 6
378 1865 7
378 1866 8
378 1867 11
1865 3517 7
1866 3270 8
1867 3118 11
379 1868 10
379 1869 17
1868 3518 10
1869 3494 17
380 1870 5
380 1871 15
1870 3041 5
1871 3054 15
381 1872 6
381 1873 9
1872 3073 6
1873 3253 9
382 1874 12
382 1875 4
1874 3073 12
1875 3519 4
383 1876 13
383 1877 9
1876 3072 13
1877 3073 9
384 1878 10
384 1879 6
1878 3308 10
1879 3522 6
385 1880 13
385 1881 6
1880 3523 13
1881 3054 6
386 1882 6
386 1883 4
1882 3511 6
1883 3524 4
387 1884 5
387 1885 7
1884 3525 5
1885 3526 7
388 1886 19
388 1887 5
1886 3073 19
1887 3527 5
389 1888 4
389 1889 5
1888 3529 4
1889 3046 5
390 1890 5
390 1891 12
1890 3072 5
1891 3073 12
391 1892 4
391 1893 9
1892 3530 4
1893 3363 9
392 1894 4
392 1895 4
1894 3165 4
1895 3406 4
393 1896 21
393 1897 6
1896 3531 21
1897 3118 6
394 1898 10
394 1899 6
1898 3406 10
1899 3532 6
395 1900 4
395 1901 4
1900 3533 4
1901 3044 4
396 1902 6
396 1903 10
1902 3406 6
1903 3073 10
397 1904 18
397 1905 4
1904 3494 18
1905 3534 4
398 1906 14
398 1907 10
398 1908 11
1906 3535 14
1907 3494 10
1908 3536 11
399 1909 16
399 1910 9
1909 3165 16
1910 3537 9
400 1911 4
400 1912 22
400 1913 4
1911 3494 4
1912 3041 22
1913 3538 4
401 1914 4
401 1915 17
1914 3539 4
1915 3540 17
402 1916 14
402 1917 50
402 1918 7
1916 3541 14
1917 3542 50
1918 3543 7
403 1919 10
403 1920 13
1919 3226 10
1920 3544 13
404 1921 10
404 1922 6
1921 3545 10
1922 3212 6
405 1923 5
405 1924 11
405 1925 6
1923 3386 5
1924 3452 11
1925 3546 6
406 1926 4
406 1927 5
406 1928 6
1926 3528 4
1927 3131 5
1928 3212 6
407 1929 9
407 1930 6
1929 3547 9
1930 3073 6
408 1931 7
408 1932 9
1931 3308 7
1932 3146 9
409 1933 10
409 1934 8
1933 3118 10
1934 3548 8
410 1935 4
410 1936 9
1935 3146 4
1936 3494 9
411 1937 16
411 1938 8
411 1939 5
411 1940 4
1937 3494 16
1938 3034 8
1939 3212 5
1940 3549 4
412 1941 4
412 1942 17
412 1943 4
412 1944 5
1941 3550 4
1942 3551 17
1943 3552 4
1944 3552 5
413 1945 4
413 1946 4
1945 3553 4
1946 3554 4
414 1947 13
414 1948 7
1947 3555 13
1948 3556 7
415 1949 18
415 1950 10
415 1951 6
1949 3212 18
1950 3557 10
1951 3558 6
416 1952 6
416 1953 5
1952 3406 6
1953 3559 5
417 1954 10
417 1955 17
1954 3118 10
1955 3308 17
418 1956 6
418 1957 6
1956 3560 6
1957 3308 6
419 1958 7
419 1959 5
1958 3212 7
1959 3142 5
420 1960 5
420 1961 5
1960 3561 5
1961 3562 5
421 1962 12
421 1963 5
1962 3142 12
1963 3146 5
422 1964 6
422 1965 5
1964 3494 6
1965 3406 5
423 1966 4
423 1967 7
423 1968 44
1966 3073 4
1967 3563 7
1968 3564 44
424 1969 4
424 1970 4
424 1971 5
424 1972 6
1969 3072 4
1970 3307 4
1971 3565 5
1972 3566 6
425 1973 4
425 1974 4
1973 3567 4
1974 3568 4
426 1975 8
426 1976 8
1975 3212 8
1976 3054 8
427 1977 13
427 1978 4
1977 3569 13
1978 3570 4
428 1979 7
428 1980 4
428 1981 6
1979 3571 7
1980 3572 4
1981 3406 6
429 1982 4
429 1983 8
429 1984 12
1982 3054 4
1983 3118 8
1984 3320 12
430 1985 5
430 1986 8
1985 3131 5
1986 3573 8
431 1987 20
431 1988 26
1987 3574 20
1988 3330 26
432 1989 7
432 1990 8
1989 3511 7
1990 3406 8
433 1991 8
433 1992 5
1991 3575 8
1992 3041 5
434 1993 10
434 1994 7
1993 3118 10
1994 3576 7
435 1995 7
435 1996 4
1995 3118 7
1996 3146 4
436 1997 5
436 1998 10
1997 3131 5
1998 3511 10
437 1999 4
437 2000 6
437 2001 6
1999 3073 4
2000 3577 6
2001 3088 6
438 2002 4
438 2003 6
2002 3511 4
2003 3578 6
439 2004 10
439 2005 9
2004 3510 10
2005 3579 9
440 2006 22
440 2007 12
2006 3511 22
2007 3580 12
441 2008 9
441 2009 5
441 2010 8
441 2011 7
441 2012 5
2008 3581 9
2009 3582 5
2010 3583 8
2011 3584 7
2012 3585 5
442 2013 13
442 2014 10
2013 3586 13
2014 3587 10
443 2015 20
443 2016 11
2015 3054 20
2016 3588 11
444 2017 11
444 2018 4
2017 3118 11
2018 3589 4
445 2019 10
445 2020 6
2019 3054 10
2020 3590 6
446 2021 27
446 2022 14
2021 3142 27
2022 3054 14
447 2023 13
447 2024 10
2023 3591 13
2024 3510 10
448 2025 4
448 2026 24
448 2027 5
448 2028 12
2025 3018 4
2026 3142 24
2027 3041 5
2028 3592 12
449 2029 11
449 2030 14
449 2031 5
2029 3511 11
2030 3118 14
2031 3593 5
450 2032 5
450 2033 8
2032 3511 5
2033 3054 8
451 2034 8
451 2035 4
2034 3385 8
2035 3594 4
452 2036 7
452 2037 8
2036 3142 7
2037 3530 8
453 2038 44
453 2039 6
2038 3146 44
2039 3595 6
454 2040 4
454 2041 11
454 2042 8
2040 3054 4
2041 3596 11
2042 3406 8
455 2043 10
455 2044 4
455 2045 26
455 2046 5
455 2047 4
2043 3146 10
2044 3510 4
2045 3054 26
2046 3597 5
2047 3598 4
456 2048 6
456 2049 14
2048 3308 6
2049 3599 14
457 2050 4
457 2051 8
2050 3270 4
2051 3600 8
458 2052 8
458 2053 5
2052 3601 8
2053 3602 5
459 2054 4
459 2055 4
2054 3603 4
2055 3378 4
460 2056 243
460 2057 24
460 2058 32
460 2059 18
460 2060 11
460 2061 8
460 2062 7
460 2063 7
2056 3270 243
2057 3406 24
2058 3604 32
2059 3054 18
2060 3605 11
2061 3606 8
2062 3607 7
2063 3020 7
461 2064 4
461 2065 5
2064 3608 4
2065 3142 5
462 2066 10
462 2067 6
2066 3413 10
2067 3609 6
463 2068 7
463 2069 11
2068 3610 7
2069 3081 11
464 2070 25
464 2071 7
2070 3511 25
2071 3611 7
465 2072 7
465 2073 7
465 2074 7
2072 3511 7
2073 3413 7
2074 3146 7
466 2075 4
466 2076 10
466 2077 5
2075 3165 4
2076 3510 10
2077 3612 5
467 2078 8
467 2079 4
2078 3575 8
2079 3613 4
468 2080 6
468 2081 7
2080 3614 6
2081 3146 7
469 2082 17
469 2083 14
2082 3118 17
2083 3054 14
470 2084 15
470 2085 8
2084 3575 15
2085 3511 8
471 2086 27
471 2087 71
471 2088 7
471 2089 6
2086 3615 27
2087 3413 71
2088 3616 7
2089 3617 6
472 2090 12
472 2091 36
2090 3511 12
2091 3406 36
473 2092 12
473 2093 12
2092 3116 12
2093 3618 12
474 2094 4
474 2095 6
2094 3142 4
2095 3619 6
475 2096 18
475 2097 6
475 2098 4
2096 3406 18
2097 3594 6
2098 3620 4
476 2099 8
476 2100 5
2099 3563 8
2100 3621 5
477 2101 5
477 2102 5
2101 3622 5
2102 3623 5
478 2103 12
478 2104 6
2103 3624 12
2104 3625 6
479 2105 5
479 2106 5
2105 3626 5
2106 3304 5
480 2107 12
480 2108 9
2107 3041 12
2108 3129 9
481 2109 9
481 2110 17
2109 3142 9
2110 3054 17
482 2111 7
482 2112 4
2111 3627 7
2112 3628 4
483 2113 5
483 2114 6
2113 3142 5
2114 3413 6
484 2115 12
484 2116 9
2115 3406 12
2116 3629 9
485 2117 6
485 2118 6
2117 3041 6
2118 3054 6
486 2119 25
486 2120 7
486 2121 8
2119 3630 25
2120 3631 7
2121 3632 8
487 2122 54
487 2123 16
2122 3363 54
2123 3633 16
488 2124 6
488 2125 4
2124 3054 6
2125 3387 4
489 2126 4
489 2127 4
489 2128 5
2126 3634 4
2127 3635 4
2128 3636 5
490 2129 7
490 2130 5
2129 3054 7
2130 3484 5
491 2131 9
491 2132 5
2131 3054 9
2132 3637 5
492 2133 8
492 2134 5
2133 3638 8
2134 3034 5
493 2135 11
493 2136 6
2135 3639 11
2136 3494 6
494 2137 10
494 2138 5
2137 3640 10
2138 3342 5
495 2139 27
495 2140 13
2139 3406 27
2140 3641 13
496 2141 5
496 2142 11
2141 3054 5
2142 3642 11
497 2143 29
497 2144 36
2143 3640 29
2144 3320 36
498 2145 4
498 2146 6
2145 3054 4
2146 3643 6
499 2147 4
499 2148 12
2147 3644 4
2148 3054 12
500 2149 5
500 2150 5
2149 3054 5
2150 3645 5
501 2151 12
501 2152 5
2151 3119 12
2152 3293 5
502 2153 6
502 2154 5
2153 3646 6
2154 3647 5
503 2155 8
503 2156 12
2155 3054 8
2156 3041 12
504 2157 8
504 2158 33
2157 3648 8
2158 3649 33
505 2159 4
505 2160 7
2159 3651 4
2160 3054 7
506 2161 6
506 2162 4
2161 3131 6
2162 3652 4
507 2163 6
507 2164 4
2163 3118 6
2164 3054 4
508 2165 14
508 2166 14
2165 3119 14
2166 3342 14
509 2167 4
509 2168 12
2167 3648 4
2168 3653 12
510 2169 16
510 2170 7
2169 3212 16
2170 3655 7
511 2171 6
511 2172 5
2171 3656 6
2172 3657 5
512 2173 6
512 2174 5
2173 3212 6
2174 3654 5
513 2175 10
513 2176 4
2175 3651 10
2176 3342 4
514 2177 10
514 2178 4
2177 3658 10
2178 3054 4
515 2179 6
515 2180 37
2179 3142 6
2180 3054 37
516 2181 7
516 2182 6
2181 3659 7
2182 3660 6
517 2183 6
517 2184 6
2183 3661 6
2184 3662 6
518 2185 6
518 2186 16
2185 3034 6
2186 3647 16
519 2187 6
519 2188 5
2187 3363 6
2188 3119 5
520 2189 4
520 2190 10
520 2191 4
520 2192 6
520 2193 4
2189 3654 4
2190 3118 10
2191 3663 4
2192 3664 6
2193 3592 4
521 2194 4
521 2195 9
2194 3018 4
2195 3665 9
522 2196 9
522 2197 8
2196 3119 9
2197 3054 8
523 2198 5
523 2199 5
2198 3666 5
2199 3667 5
524 2200 5
524 2201 8
524 2202 28
2200 3668 5
2201 3647 8
2202 3054 28
525 2203 63
525 2204 8
2203 3054 63
2204 3669 8
526 2205 7
526 2206 4
2205 3670 7
2206 3671 4
527 2207 5
527 2208 5
2207 3672 5
2208 3673 5
528 2209 4
528 2210 6
2209 3119 4
2210 3675 6
529 2211 6
529 2212 4
2211 3654 6
2212 3054 4
530 2213 4
530 2214 4
530 2215 5
2213 3676 4
2214 3389 4
2215 3677 5
531 2216 5
531 2217 4
2216 3678 5
2217 3679 4
532 2218 16
532 2219 7
2218 3054 16
2219 3119 7
533 2220 19
533 2221 5
533 2222 4
533 2223 9
2220 3668 19
2221 3681 5
2222 3682 4
2223 3683 9
534 2224 23
534 2225 5
534 2226 9
2224 3131 23
2225 3684 5
2226 3685 9
535 2227 13
535 2228 5
2227 3073 13
2228 3686 5
536 2229 5
536 2230 5
2229 3131 5
2230 3687 5
537 2231 6
537 2232 5
2231 3054 6
2232 3688 5
538 2233 5
538 2234 15
2233 3389 5
2234 3690 15
539 2235 5
539 2236 4
2235 3034 5
2236 3142 4
540 2237 4
540 2238 5
2237 3054 4
2238 3034 5
541 2239 10
541 2240 10
2239 3073 10
2240 3692 10
542 2241 10
542 2242 7
2241 3693 10
2242 3694 7
543 2243 5
543 2244 7
2243 3389 5
2244 3054 7
544 2245 10
544 2246 12
544 2247 4
2245 3320 10
2246 3695 12
2247 3696 4
545 2248 9
545 2249 4
545 2250 11
2248 3697 9
2249 3330 4
2250 3698 11
546 2251 22
546 2252 6
2251 3142 22
2252 3699 6
547 2253 4
547 2254 8
2253 3406 4
2254 3700 8
548 2255 16
548 2256 5
548 2257 4
2255 3701 16
2256 3702 5
2257 3703 4
549 2258 21
549 2259 8
549 2260 5
2258 3654 21
2259 3414 8
2260 3704 5
550 2261 6
550 2262 25
2261 3652 6
2262 3414 25
551 2263 11
551 2264 7
2263 3705 11
2264 3706 7
552 2265 10
552 2266 5
2265 3524 10
2266 3707 5
553 2267 4
553 2268 6
553 2269 4
2267 3708 4
2268 3709 6
2269 3710 4
554 2270 4
554 2271 11
2270 3142 4
2271 3041 11
555 2272 7
555 2273 42
555 2274 6
2272 3054 7
2273 3414 42
2274 3711 6
556 2275 13
556 2276 97
556 2277 66
556 2278 11
2275 3712 13
2276 3713 97
2277 3714 66
2278 3034 11
557 2279 29
557 2280 6
557 2281 5
2279 3054 29
2280 3715 6
2281 3716 5
558 2282 7
558 2283 5
2282 3717 7
2283 3718 5
559 2284 5
559 2285 5
2284 3719 5
2285 3720 5
560 2286 9
560 2287 5
2286 3721 9
2287 3722 5
561 2288 11
561 2289 4
2288 3054 11
2289 3723 4
562 2290 13
562 2291 6
562 2292 32
2290 3724 13
2291 3725 6
2292 3726 32
563 2293 9
563 2294 39
2293 3727 9
2294 3054 39
564 2295 13
564 2296 4
2295 3054 13
2296 3728 4
565 2297 7
565 2298 4
2297 3308 7
2298 3081 4
566 2299 18
566 2300 10
2299 3054 18
2300 3359 10
567 2301 8
567 2302 6
2301 3727 8
2302 3524 6
568 2303 5
568 2304 33
568 2305 4
2303 3142 5
2304 3054 33
2305 3729 4
569 2306 7
569 2307 4
2306 3131 7
2307 3054 4
570 2308 11
570 2309 6
2308 3363 11
2309 3308 6
571 2310 18
571 2311 8
2310 3730 18
2311 3731 8
572 2312 12
572 2313 13
572 2314 9
572 2315 13
2312 3146 12
2313 3732 13
2314 3658 9
2315 3733 13
573 2316 18
573 2317 8
2316 3018 18
2317 3054 8
574 2318 4
574 2319 19
2318 3734 4
2319 3735 19
575 2320 20
575 2321 7
2320 3414 20
2321 3044 7
576 2322 44
576 2323 5
576 2324 5
2322 3736 44
2323 3737 5
2324 3738 5
577 2325 5
577 2326 11
2325 3073 5
2326 3054 11
578 2327 17
578 2328 4
2327 3739 17
2328 3740 4
579 2329 6
579 2330 5
2329 3414 6
2330 3741 5
580 2331 5
580 2332 6
2331 3730 5
2332 3742 6
581 2333 9
581 2334 26
581 2335 28
581 2336 6
2333 3743 9
2334 3744 26
2335 3745 28
2336 3746 6
582 2337 41
582 2338 25
2337 3654 41
2338 3545 25
583 2339 73
583 2340 35
583 2341 5
583 2342 17
2339 3656 73
2340 3747 35
2341 3748 5
2342 3749 17
584 2343 14
584 2344 6
584 2345 4
2343 3414 14
2344 3750 6
2345 3751 4
585 2346 9
585 2347 5
2346 3530 9
2347 3752 5
586 2348 6
586 2349 8
2348 3753 6
2349 3754 8
587 2350 30
587 2351 5
2350 3044 30
2351 3755 5
588 2352 43
588 2353 4
588 2354 15
2352 3692 43
2353 3756 4
2354 3757 15
589 2355 9
589 2356 93
2355 3758 9
2356 3054 93
590 2357 4
590 2358 5
2357 3759 4
2358 3760 5
591 2359 4
591 2360 7
2359 3761 4
2360 3762 7
592 2361 7
592 2362 11
2361 3034 7
2362 3763 11
593 2363 4
593 2364 5
2363 3764 4
2364 3765 5
594 2365 9
594 2366 5
2365 3414 9
2366 3766 5
595 2367 6
595 2368 7
2367 3767 6
2368 3768 7
596 2369 6
596 2370 4
2369 3389 6
2370 3769 4
597 2371 35
597 2372 10
2371 3595 35
2372 3770 10
598 2373 16
598 2374 5
2373 3771 16
2374 3054 5
599 2375 11
599 2376 24
2375 3054 11
2376 3389 24
600 2377 10
600 2378 41
2377 3131 10
2378 3414 41
601 2379 8
601 2380 4
2379 3668 8
2380 3511 4
602 2381 9
602 2382 4
2381 3771 9
2382 3773 4
603 2383 7
603 2384 4
2383 3774 7
2384 3775 4
604 2385 6
604 2386 5
2385 3054 6
2386 3776 5
605 2387 7
605 2388 7
2387 3771 7
2388 3146 7
606 2389 8
606 2390 8
2389 3122 8
2390 3656 8
607 2391 4
607 2392 6
2391 3165 4
2392 3054 6
608 2393 15
608 2394 9
608 2395 7
608 2396 5
2393 3389 15
2394 3118 9
2395 3054 7
2396 3777 5
609 2397 5
609 2398 4
2397 3054 5
2398 3778 4
610 2399 7
610 2400 4
2399 3779 7
2400 3780 4
611 2401 9
611 2402 4
2401 3781 9
2402 3782 4
612 2403 5
612 2404 34
612 2405 12
612 2406 6
2403 3783 5
2404 3054 34
2405 3771 12
2406 3784 6
613 2407 67
613 2408 7
2407 3073 67
2408 3785 7
614 2409 13
614 2410 36
614 2411 25
614 2412 5
2409 3786 13
2410 3787 36
2411 3788 25
2412 3789 5
615 2413 6
615 2414 13
2413 3414 6
2414 3791 13
616 2415 16
616 2416 5
616 2417 17
2415 3792 16
2416 3793 5
2417 3794 17
617 2418 18
617 2419 5
2418 3054 18
2419 3796 5
618 2420 6
618 2421 14
2420 3389 6
2421 3797 14
619 2422 4
619 2423 5
2422 3545 4
2423 3798 5
620 2424 9
620 2425 13
2424 3799 9
2425 3308 13
621 2426 32
621 2427 15
2426 3798 32
2427 3646 15
622 2428 13
622 2429 10
2428 3800 13
2429 3801 10
623 2430 14
623 2431 5
2430 3308 14
2431 3054 5
624 2432 10
624 2433 9
2432 3802 10
2433 3803 9
625 2434 4
625 2435 7
2434 3804 4
2435 3805 7
626 2436 4
626 2437 4
2436 3806 4
2437 3807 4
627 2438 5
627 2439 5
2438 3804 5
2439 3808 5
628 2440 9
628 2441 7
2440 3809 9
2441 3810 7
629 2442 7
629 2443 6
2442 3811 7
2443 3812 6
630 2444 4
630 2445 6
2444 3054 4
2445 3813 6
631 2446 45
631 2447 8
2446 3414 45
2447 3814 8
632 2448 5
632 2449 7
2448 3414 5
2449 3131 7
633 2450 11
633 2451 5
633 2452 5
2450 3414 11
2451 3041 5
2452 3146 5
634 2453 4
634 2454 12
2453 3389 4
2454 3816 12
635 2455 8
635 2456 6
2455 3414 8
2456 3817 6
636 2457 20
636 2458 6
2457 3054 20
2458 3818 6
637 2459 19
637 2460 11
2459 3798 19
2460 3819 11
638 2461 4
638 2462 5
2461 3414 4
2462 3308 5
639 2463 17
639 2464 4
639 2465 10
639 2466 18
2463 3820 17
2464 3771 4
2465 3821 10
2466 3822 18
640 2467 17
640 2468 7
640 2469 21
2467 3131 17
2468 3823 7
2469 3824 21
641 2470 4
641 2471 4
2470 3308 4
2471 3825 4
642 2472 14
642 2473 4
2472 3826 14
2473 3308 4
643 2474 15
643 2475 7
2474 3827 15
2475 3828 7
644 2476 6
644 2477 9
2476 3829 6
2477 3414 9
645 2478 6
645 2479 5
2478 3830 6
2479 3831 5
646 2480 5
646 2481 5
2480 3833 5
2481 3530 5
647 2482 4
647 2483 11
2482 3834 4
2483 3131 11
648 2484 7
648 2485 6
2484 3044 7
2485 3834 6
649 2486 55
649 2487 78
649 2488 5
2486 3835 55
2487 3836 78
2488 3837 5
650 2489 5
650 2490 4
2489 3414 5
2490 3838 4
651 2491 11
651 2492 9
2491 3073 11
2492 3839 9
652 2493 4
652 2494 23
652 2495 6
652 2496 5
2493 3841 4
2494 3842 23
2495 3843 6
2496 3844 5
653 2497 9
653 2498 29
653 2499 6
2497 3833 9
2498 3845 29
2499 3846 6
654 2500 20
654 2501 4
654 2502 9
2500 3847 20
2501 3848 4
2502 3054 9
655 2503 4
655 2504 17
2503 3054 4
2504 3849 17
656 2505 5
656 2506 20
656 2507 6
2505 3850 5
2506 3054 20
2507 3851 6
657 2508 22
657 2509 14
2508 3414 22
2509 3054 14
658 2510 4
658 2511 6
2510 3852 4
2511 3054 6
659 2512 21
659 2513 10
659 2514 4
2512 3853 21
2513 3854 10
2514 3081 4
660 2515 6
660 2516 4
2515 3359 6
2516 3855 4
661 2517 11
661 2518 5
2517 3054 11
2518 3856 5
662 2519 5
662 2520 7
2519 3857 5
2520 3054 7
663 2521 6
663 2522 9
2521 3858 6
2522 3859 9
664 2523 12
664 2524 4
2523 3359 12
2524 3860 4
665 2525 5
665 2526 5
2525 3538 5
2526 3447 5
666 2527 9
666 2528 11
2527 3082 9
2528 3861 11
667 2529 5
667 2530 4
2529 3862 5
2530 3863 4
668 2531 15
668 2532 4
2531 3359 15
2532 3852 4
669 2533 4
669 2534 8
669 2535 6
2533 3864 4
2534 3865 8
2535 3866 6
670 2536 6
670 2537 4
2536 3867 6
2537 3868 4
671 2538 4
671 2539 9
2538 3359 4
2539 3869 9
672 2540 11
672 2541 47
2540 3870 11
2541 3871 47
673 2542 16
673 2543 6
2542 3872 16
2543 3359 6
674 2544 5
674 2545 8
2544 3864 5
2545 3873 8
675 2546 5
675 2547 4
2546 3874 5
2547 3875 4
676 2548 6
676 2549 10
2548 3876 6
2549 3877 10
677 2550 11
677 2551 5
2550 3538 11
2551 3878 5
678 2552 9
678 2553 11
678 2554 4
2552 3879 9
2553 3054 11
2554 3880 4
679 2555 5
679 2556 4
2555 3041 5
2556 3881 4
680 2557 7
680 2558 7
2557 3054 7
2558 3882 7
681 2559 5
681 2560 4
2559 3073 5
2560 3883 4
682 2561 5
682 2562 26
2561 3884 5
2562 3885 26
683 2563 5
683 2564 14
683 2565 6
2563 3886 5
2564 3887 14
2565 3888 6
684 2566 41
684 2567 5
684 2568 4
2566 3889 41
2567 3270 5
2568 3072 4
685 2569 8
685 2570 4
2569 3414 8
2570 3890 4
686 2571 4
686 2572 6
2571 3270 4
2572 3054 6
687 2573 4
687 2574 4
2573 3326 4
2574 3041 4
688 2575 6
688 2576 12
2575 3891 6
2576 3892 12
689 2577 5
689 2578 5
2577 3326 5
2578 3893 5
690 2579 30
690 2580 4
2579 3073 30
2580 3894 4
691 2581 5
691 2582 10
2581 3895 5
2582 3852 10
692 2583 4
692 2584 7
2583 3896 4
2584 3897 7
693 2585 11
693 2586 8
2585 3359 11
2586 3326 8
694 2587 10
694 2588 4
2587 3898 10
2588 3899 4
695 2589 5
695 2590 13
2589 3900 5
2590 3901 13
696 2591 27
696 2592 8
2591 3902 27
2592 3903 8
697 2593 33
697 2594 13
2593 3904 33
2594 3905 13
698 2595 11
698 2596 5
2595 3906 11
2596 3907 5
699 2597 7
699 2598 25
2597 3908 7
2598 3909 25
700 2599 4
700 2600 4
2599 3308 4
2600 3910 4
701 2601 6
701 2602 4
2601 3912 6
2602 3073 4
702 2603 4
702 2604 7
2603 3913 4
2604 3359 7
703 2605 9
703 2606 9
2605 3914 9
2606 3771 9
704 2607 20
704 2608 5
2607 3359 20
2608 3915 5
705 2609 6
705 2610 5
705 2611 4
2609 3771 6
2610 3916 5
2611 3917 4
706 2612 10
706 2613 6
706 2614 4
2612 3895 10
2613 3918 6
2614 3919 4
707 2615 17
707 2616 9
2615 3920 17
2616 3921 9
708 2617 4
708 2618 7
2617 3389 4
2618 3922 7
709 2619 6
709 2620 5
2619 3072 6
2620 3923 5
710 2621 6
710 2622 5
2621 3924 6
2622 3925 5
711 2623 10
711 2624 4
2623 3326 10
2624 3926 4
712 2625 20
712 2626 71
2625 3928 20
2626 3929 71
713 2627 4
713 2628 4
2627 3930 4
2628 3931 4
714 2629 17
714 2630 7
2629 3054 17
2630 3320 7
715 2631 9
715 2632 5
2631 3054 9
2632 3320 5
716 2633 4
716 2634 5
2633 3932 4
2634 3933 5
717 2635 5
717 2636 7
2635 3934 5
2636 3935 7
718 2637 13
718 2638 7
718 2639 4
2637 3893 13
2638 3320 7
2639 3936 4
719 2640 9
719 2641 4
719 2642 20
2640 3937 9
2641 3072 4
2642 3938 20
720 2643 6
720 2644 4
2643 3939 6
2644 3940 4
721 2645 41
721 2646 6
721 2647 17
2645 3941 41
2646 3942 6
2647 3943 17
722 2648 12
722 2649 4
2648 3944 12
2649 3320 4
723 2650 8
723 2651 4
2650 3082 8
2651 3945 4
724 2652 9
724 2653 32
2652 3946 9
2653 3947 32
725 2654 21
725 2655 4
725 2656 9
2654 3948 21
2655 3949 4
2656 3950 9
726 2657 4
726 2658 11
2657 3072 4
2658 3951 11
727 2659 7
727 2660 4
2659 3952 7
2660 3953 4
728 2661 6
728 2662 10
2661 3954 6
2662 3955 10
729 2663 10
729 2664 7
729 2665 16
2663 3956 10
2664 3957 7
2665 3958 16
730 2666 5
730 2667 5
2666 3928 5
2667 3893 5
731 2668 8
731 2669 4
2668 3628 8
2669 3960 4
732 2670 5
732 2671 6
2670 3359 5
2671 3359 6
733 2672 13
733 2673 5
2672 3716 13
2673 3961 5
734 2674 16
734 2675 4
2674 3699 16
2675 3320 4
735 2676 9
735 2677 14
2676 3962 9
2677 3963 14
736 2678 7
736 2679 6
736 2680 4
2678 3964 7
2679 3965 6
2680 3966 4
737 2681 6
737 2682 4
2681 3967 6
2682 3968 4
738 2683 11
738 2684 6
2683 3145 11
2684 3054 6
739 2685 7
739 2686 4
2685 3771 7
2686 3145 4
740 2687 5
740 2688 4
2687 3969 5
2688 3970 4
741 2689 5
741 2690 5
2689 3971 5
2690 3145 5
742 2691 7
742 2692 6
2691 3972 7
2692 3145 6
743 2693 7
743 2694 5
2693 3974 7
2694 3975 5
744 2695 5
744 2696 4
2695 3976 5
2696 3977 4
745 2697 17
745 2698 7
2697 3054 17
2698 3979 7
746 2699 9
746 2700 7
2699 3980 9
2700 3981 7
747 2701 25
747 2702 27
747 2703 6
747 2704 4
2701 3054 25
2702 3320 27
2703 3982 6
2704 3983 4
748 2705 4
748 2706 4
2705 3072 4
2706 3984 4
749 2707 6
749 2708 8
2707 3839 6
2708 3072 8
750 2709 5
750 2710 7
2709 3946 5
2710 3054 7
751 2711 7
751 2712 6
2711 3985 7
2712 3699 6
752 2713 8
752 2714 8
752 2715 4
2713 3986 8
2714 3987 8
2715 3988 4
753 2716 66
753 2717 5
753 2718 12
753 2719 15
753 2720 14
2716 3939 66
2717 3145 5
2718 3989 12
2719 3990 15
2720 3771 14
754 2721 4
754 2722 5
2721 3991 4
2722 3320 5
755 2723 9
755 2724 24
2723 3595 9
2724 3992 24
756 2725 5
756 2726 4
2725 3993 5
2726 3994 4
757 2727 5
757 2728 18
2727 3995 5
2728 3145 18
758 2729 11
758 2730 10
2729 3054 11
2730 3414 10
759 2731 8
759 2732 5
2731 3145 8
2732 3996 5
760 2733 10
760 2734 14
2733 3054 10
2734 3997 14
761 2735 9
761 2736 4
2735 3145 9
2736 3998 4
762 2737 7
762 2738 10
2737 3999 7
2738 3145 10
763 2739 6
763 2740 18
763 2741 4
2739 3145 6
2740 4000 18
2741 4001 4
764 2742 8
764 2743 13
2742 3359 8
2743 4002 13
765 2744 7
765 2745 4
2744 4003 7
2745 3054 4
766 2746 4
766 2747 5
2746 4004 4
2747 4005 5
767 2748 37
767 2749 65
2748 4006 37
2749 4007 65
768 2750 5
768 2751 10
2750 4008 5
2751 4009 10
769 2752 4
769 2753 8
2752 3999 4
2753 4010 8
770 2754 11
770 2755 4
2754 3895 11
2755 4011 4
771 2756 5
771 2757 9
2756 3145 5
2757 3054 9
772 2758 63
772 2759 15
772 2760 9
772 2761 5
2758 4012 63
2759 4013 15
2760 4014 9
2761 4015 5
773 2762 8
773 2763 12
2762 3145 8
2763 3999 12
774 2764 28
774 2765 5
2764 3414 28
2765 4016 5
775 2766 23
775 2767 9
2766 3320 23
2767 4011 9
776 2768 10
776 2769 5
776 2770 5
776 2771 6
2768 4017 10
2769 4018 5
2770 4019 5
2771 4020 6
777 2772 15
777 2773 22
2772 3999 15
2773 4021 22
778 2774 5
778 2775 4
2774 3145 5
2775 3999 4
779 2776 9
779 2777 5
2776 3145 9
2777 3977 5
780 2778 4
780 2779 5
2778 3054 4
2779 3145 5
781 2780 5
781 2781 5
2780 3145 5
2781 4022 5
782 2782 6
782 2783 8
2782 4023 6
2783 4024 8
783 2784 4
783 2785 7
2784 4025 4
2785 3406 7
784 2786 4
784 2787 7
2786 4012 4
2787 3999 7
785 2788 9
785 2789 5
2788 3969 9
2789 4026 5
786 2790 40
786 2791 16
2790 3969 40
2791 4027 16
787 2792 5
787 2793 12
2792 3969 5
2793 4028 12
788 2794 5
788 2795 16
2794 4012 5
2795 4027 16
789 2796 34
789 2797 51
2796 4029 34
2797 4030 51
790 2798 4
790 2799 4
2798 4031 4
2799 4027 4
791 2800 35
791 2801 20
791 2802 5
2800 4027 35
2801 3138 20
2802 4031 5
792 2803 6
792 2804 14
792 2805 60
792 2806 8
792 2807 4
2803 4032 6
2804 4031 14
2805 4033 60
2806 4034 8
2807 4035 4
793 2808 41
793 2809 14
2808 3359 41
2809 3138 14
794 2810 41
794 2811 9
794 2812 4
2810 3072 41
2811 3146 9
2812 3118 4
795 2813 9
795 2814 10
2813 3690 9
2814 3832 10
796 2815 6
796 2816 8
2815 3077 6
2816 3018 8
797 2817 43
797 2818 10
2817 3320 43
2818 3911 10
798 2819 9
798 2820 5
2819 3654 9
2820 3772 5
799 2821 6
799 2822 7
799 2823 4
2821 3358 6
2822 3413 7
2823 3650 4
800 2824 12
800 2825 5
2824 3153 12
2825 3154 5
801 2826 10
801 2827 4
2826 3308 10
2827 3463 4
802 2828 5
802 2829 4
2828 3389 5
2829 3795 4
803 2830 5
803 2831 7
2830 3018 5
2831 3277 7
804 2832 18
804 2833 12
2832 3105 18
2833 3046 12
805 2834 4
805 2835 4
2834 3088 4
2835 3241 4
806 2836 4
806 2837 10
2836 3183 4
2837 3345 10
807 2838 7
807 2839 5
2838 3118 7
2839 3323 5
808 2840 4
808 2841 4
808 2842 5
2840 3112 4
2841 3033 4
2842 3113 5
809 2843 6
809 2844 6
2843 3101 6
2844 3018 6
810 2845 8
810 2846 8
2845 3038 8
2846 3046 8
811 2847 29
811 2848 8
811 2849 4
811 2850 9
2847 3018 29
2848 3035 8
2849 3036 4
2850 3037 9
812 2851 12
812 2852 15
2851 3029 12
2852 3079 15
813 2853 6
813 2854 4
2853 3265 6
2854 3254 4
814 2855 17
814 2856 11
814 2857 6
814 2858 5
814 2859 5
2855 3084 17
2856 3133 11
2857 3018 6
2858 3155 5
2859 3105 5
815 2860 4
815 2861 6
2860 3072 4
2861 3223 6
816 2862 4
816 2863 6
2862 3323 4
2863 3054 6
817 2864 9
817 2865 17
2864 3131 9
2865 3270 17
818 2866 4
818 2867 4
2866 3120 4
2867 3179 4
819 2868 28
819 2869 5
2868 3387 28
2869 3790 5
820 2870 13
820 2871 11
820 2872 4
820 2873 4
2870 3091 13
2871 3092 11
2872 3093 4
2873 3094 4
821 2874 81
821 2875 46
821 2876 4
821 2877 31
821 2878 8
2874 3021 81
2875 3018 46
2876 3040 4
2877 3041 31
2878 3042 8
822 2879 5
822 2880 4
2879 3482 5
2880 3483 4
823 2881 7
823 2882 5
823 2883 4
2881 3044 7
2882 3405 5
2883 3406 4
824 2884 6
824 2885 6
2884 3165 6
2885 3088 6
825 2886 4
825 2887 16
825 2888 5
825 2889 4
2886 3109 4
2887 3046 16
2888 3110 5
2889 3111 4
826 2890 7
826 2891 8
826 2892 24
2890 3200 7
2891 3072 8
2892 3201 24
827 2893 12
827 2894 4
2893 3046 12
2894 3069 4
828 2895 8
828 2896 4
2895 3029 8
2896 3030 4
829 2897 12
829 2898 7
2897 3073 12
2898 3654 7
830 2899 29
830 2900 4
2899 3162 29
2900 3303 4
831 2901 13
831 2902 10
2901 3131 13
2902 3840 10
832 2903 4
832 2904 8
2903 3121 4
2904 3018 8
833 2905 5
833 2906 13
2905 3973 5
2906 3699 13
834 2907 4
834 2908 5
834 2909 12
2907 3075 4
2908 3076 5
2909 3077 12
835 2910 17
835 2911 7
2910 3072 17
2911 3226 7
836 2912 44
836 2913 7
2912 3659 44
2913 3691 7
837 2914 6
837 2915 4
2914 3119 6
2915 3680 4
838 2916 15
838 2917 15
2916 3119 15
2917 3054 15
839 2918 22
839 2919 4
839 2920 5
2918 3018 22
2919 3038 4
2920 3034 5
840 2921 5
840 2922 8
2921 3259 5
2922 3041 8
841 2923 14
841 2924 6
841 2925 22
2923 3018 14
2924 3303 6
2925 3339 22
842 2926 7
842 2927 23
2926 3131 7
2927 3118 23
843 2928 8
843 2929 6
843 2930 5
2928 3056 8
2929 3444 6
2930 3304 5
844 2931 7
844 2932 4
2931 3452 7
2932 3521 4
845 2933 9
845 2934 4
2933 3359 9
2934 3959 4
846 2935 8
846 2936 4
2935 3385 8
2936 3431 4
847 2937 17
847 2938 8
847 2939 19
847 2940 4
2937 3236 17
2938 3041 8
2939 3044 19
2940 3240 4
848 2941 20
848 2942 4
848 2943 4
2941 3018 20
2942 3449 4
2943 3054 4
849 2944 36
849 2945 9
2944 3046 36
2945 3233 9
850 2946 22
850 2947 5
2946 3320 22
2947 3927 5
851 2948 11
851 2949 6
851 2950 4
2948 3146 11
2949 3142 6
2950 3406 4
852 2951 4
852 2952 4
2951 3045 4
2952 3047 4
853 2953 22
853 2954 5
2953 3308 22
2954 3393 5
854 2955 6
854 2956 12
2955 3131 6
2956 3308 12
855 2957 5
855 2958 17
2957 3385 5
2958 3523 17
856 2959 4
856 2960 4
2959 3689 4
2960 3054 4
857 2961 6
857 2962 7
857 2963 14
2961 3270 6
2962 3308 7
2963 3463 14
858 2964 6
858 2965 5
2964 3359 6
2965 3978 5
859 2966 5
859 2967 11
2966 3342 5
2967 3054 11
860 2968 6
860 2969 14
2968 4011 6
2969 4011 14
861 2970 16
861 2971 6
2970 3595 16
2971 3815 6
862 2972 8
862 2973 4
2972 3362 8
2973 3363 4
863 2974 6
863 2975 4
863 2976 4
2974 3041 6
2975 3270 4
2976 3278 4
864 2977 17
864 2978 11
2977 3511 17
2978 3146 11
865 2979 15
865 2980 4
865 2981 9
2979 3056 15
2980 3098 4
2981 3415 9
866 2982 4
866 2983 4
2982 3325 4
2983 3044 4
867 2984 5
867 2985 14
2984 3142 5
2985 3414 14
868 2986 5
868 2987 6
2986 3181 5
2987 3018 6
869 2988 11
869 2989 5
2988 3073 11
2989 3338 5
870 2990 4
870 2991 10
2990 3072 4
2991 3105 10
871 2992 7
871 2993 7
2992 3308 7
2993 3528 7
872 2994 22
872 2995 16
2994 3146 22
2995 3414 16
873 2996 12
873 2997 4
2996 3054 12
2997 3607 4
874 2998 6
874 2999 4
2998 3073 6
2999 3502 4
875 3000 14
875 3001 5
3000 3057 14
3001 3074 5
876 3002 48
876 3003 5
876 3004 8
3002 3142 48
3003 3674 5
3004 3414 8
877 3005 6
877 3006 4
3005 3115 6
3006 3116 4
878 3007 27
878 3008 17
878 3009 9
878 3010 5
878 3011 4
3007 3038 27
3008 3189 17
3009 3190 9
3010 3191 5
3011 3192 4
879 3012 12
879 3013 4
3012 3146 12
3013 3489 4
880 3014 4
880 3015 8
3014 3018 4
3015 3101 8
881 3016 4
881 3017 5
3016 3308 4
3017 3520 5
