2
7
15
29
31
71
78
79
85
89
90
94
102
111
122
123
129
142
147
166
185
208
236
237
239
286
290
296
304
312
317
335
339
341
361
363
384
389
391
408
409
427
437
463
466
478
535
541
542
575
615
630
634
651
661
679
704
721
728
756
783
799
810
814
850
862
879
893
916
917
925
937
961
1008
1039
1048
1060
1061
1075
1102
1128
1135
1165
1193
1203
1216
1220
1263
1289
1294
1302
1307
1336
1354
1361
1368
1372
1386
1402
1405
1410
1417
1430
1442
1479
1486
1493
1507
1513
1523
1528
1557
1566
1599
1601
1663
1673
1683
1686
1690
1706
1775
1801
1822
1876
1888
1894
1907
1915
1957
1984
2029
2032
2041
2045
2051
2059
2072
2095
2111
2131
2152
2166
2175
2187
2206
2228
2229
2239
2254
2269
2347
2355
2363
2392
2398
2409
2415
2425
2430
2447
2455
2490
2501
2554
2596
2597
2615
2625
2630
2644
2658
2670
2672
2690
2721
2725
2743
2767
2824
2900
2916
2928
2964
3009
3014
3038
3081
3158
3168
3182
3282
3315
3357
3436
3468
3495
3496
3503
3526
3534
3612
3645
3718
3759
3767
3769
3777
3798
3799
3824
3833
3863
3903
3906
3922
3933
3957
3986
4005
4010
4031
4034
4049
4071
4076
4094
4102
4116
4156
4172
4199
4200
4234
4238
4243
4284
4289
4299
4313
4334
4384
4407
4428
4445
4449
4519
4586
4637
4731
4761
4784
4799
4821
4831
4935
4959
4990
5005
5027
5029
5031
5066
5118
5190
5192
5194
5217
5224
5235
5265
5282
5304
5419
5535
5614
5669
5670
5682
5702
5721
5773
5792
5824
5839
5846
5851
5888
5899
5905
5963
6026
6052
6108
6157
6202
6220
6256
6271
6300
6302
6312
6329
6370
6438
6446
6461
6476
6488
6505
6518
6524
6561
6581
6588
6650
6682
6687
6720
6721
6750
6754
6782
6904
6906
6908
6946
6959
7008
7041
7053
7060
7073
7149
7158
7172
7202
7218
7231
7250
7251
7292
7322
7437
7441
7454
7470
7479
7487
7657
7663
7668
7680
7713
7738
7839
7843
7905
7907
7915
7936
7981
7993
8034
8049
8062
8074
8149
8151
8156
8221
8227
8248
8256
8282
8295
8314
8373
8420
8522
8589
8599
8602
8626
8636
8663
8673
8686
8715
8741
8850
8891
8895
8904
8914
8922
8923
8926
8947
8954
8981
8983
9059
9098
9106
9111
9183
9296
9300
9302
9314
9325
9349
9415
9421
9615
9616
9621
9665
9683
9686
9708
9720
9751
9773
9800
9814
9842
9876
9899
9969
10039
10052
10055
10089
10161
10184
10230
10308
10311
10362
10410
10420
10433
10463
10470
10565
10572
10582
10606
10615
10635
10690
10695
10701
10710
10759
10773
10827
10829
10863
10989
11003
11017
11039
11050
11054
11067
11241
11264
11321
11340
11398
11419
11449
11453
11500
11542
11562
11608
11646
11675
11707
11782
11799
11800
11803
11806
11820
11871
11878
11881
11882
11905
11940
11957
11986
12012
12046
12089
12094
12116
12154
12169
12183
12191
12200
12286
12307
12309
12322
12331
12341
12358
12404
12408
12435
12444
12520
12541
12602
12611
12634
12657
12664
12736
12744
12760
12785
12805
12806
12841
12973
12983
13043
13060
13157
13237
13245
13263
13282
13289
13354
13374
13388
13400
13426
13451
13474
13480
13571
13579
13581
13624
13654
13714
13757
13851
13861
13980
13989
14028
14070
14072
14074
14082
14140
14175
14182
14185
14235
14241
14276
14346
14377
14436
14481
14565
14571
14609
14622
14639
14800
14875
14881
14906
14939
14993
15002
15055
15083
15088
15098
15102
15135
15206
15231
15249
15366
15385
15516
15517
15587
15631
15640
15642
15666
15738
15742
15762
15791
15809
15841
15855
15858
15960
15963
15981
16018
16048
16091
16098
16114
16225
16231
16386
16390
16474
16561
16596
16676
16678
16681
16698
16711
16814
16850
17076
17087
17109
17169
17170
17200
17227
17362
17551
17587
17628
17676
17728
17741
17893
17989
18070
18088
18115
18174
18228
18255
18280
18405
18443
18446
18527
18539
18563
18623
18632
18670
18793
18795
18812
18853
18889
19043
19083
19195
19295
19302
19323
19330
19361
19378
19405
19636
19642
19690
19731
19747
19770
19775
19802
19813
19816
19852
19860
19886
20003
20034
20071
20123
20157
20201
20259
20331
20333
20371
20401
20430
20437
20460
20477
20480
20604
20643
20670
20675
20713
20726
20797
20813
20825
20832
20850
20919
20947
20954
20962
21017
21100
21276
21301
21336
21405
21595
21669
21677
21678
21753
21814
21830
21866
21877
21882
21903
21933
21942
21955
22010
22018
22030
22075
22116
22151
22201
22249
22306
22357
22377
22409
22542
22559
22577
22618
22665
22722
22792
22795
22842
22876
22916
22923
23083
23100
23104
23154
23197
23295
23358
23399
23469
23523
23542
23588
23605
23615
23647
23676
23681
23725
23797
23813
23879
24001
24110
24192
24263
24280
24309
24312
24314
24367
24425
24463
24580
24588
24668
24796
24852
24859
24869
24881
24912
24923
24934
25038
25076
25082
25131
25140
25145
25181
25215
25264
25278
25324
25369
25403
25407
25509
25524
25539
25564
25591
25657
25685
25708
25759
25779
25796
25883
25968
25978
25982
26007
26061
26153
26177
26182
26257
26271
26274
26317
26364
26372
26408
26451
26454
26507
26515
26574
26636
26674
26692
26720
26739
26742
26748
26764
26780
26798
26906
26983
27048
27176
27179
27195
27268
27332
27375
27402
27473
27479
27520
27643
27681
27746
27773
27794
27830
27837
27847
27849
27866
27909
27939
28093
28111
28118
28174
28312
28350
28407
28488
28505
28535
28568
28573
28583
28656
28720
28747
28783
28816
28895
28912
28931
28971
28982
29007
29082
29177
29235
29355
29363
29427
29443
29504
29561
29583
29624
29696
29737
29779
29785
29837
29877
29902
30037
30097
30198
30229
30242
30267
30268
30308
30338
30341
30343
30356
30366
30446
30448
30470
30555
30587
30597
30732
30735
30835
30863
30910
30922
30946
30973
31019
31068
31071
31105
31131
31199
31201
31247
31254
31326
31395
31429
31449
31482
31504
31514
31635
31672
31740
31764
31852
31872
31894
31909
31924
31997
32011
32088
32251
32269
32278
32296
32311
32368
32391
32422
32427
32484
32544
32685
32691
32699
32738
32818
32830
32859
32882
32976
33009
33240
33273
33326
33330
33333
33542
33547
33565
33578
33620
33621
33760
33892
33972
34001
34015
34049
34084
34113
34115
34147
34178
34179
34203
34241
34352
34395
34407
34522
34573
34632
34733
34834
34874
34947
34993
35034
35090
35139
35177
35306
35328
35606
35674
35691
35758
35843
35987
36055
36071
36092
36114
36167
36286
36288
36295
36384
37543
37641
37644
37662
37756
37881
37904
37919
37998
38005
38021
38033
38077
38121
38151
38286
38343
38348
38404
38608
38761
38800
38823
38865
38949
39087
39090
39124
39128
39165
39193
39205
39215
39253
39347
39442
39467
39476
39497
39542
39590
39595
39602
39706
39732
40843
40894
40907
40949
40960
40983
41030
41065
41138
41199
41254
41265
41272
41352
41373
41399
41444
41476
41512
41518
41544
41624
41680
41735
41738
41770
41779
41816
41858
41903
41961
43060
43068
43069
43175
43195
43238
43293
43361
43406
43573
43630
43711
43714
43722
43768
43813
43827
43833
43853
43859
43876
43953
43969
43971
44017
44087
44139
44196
44232
44247
44265
44284
44323
44576
44601
44628
44640
44685
44712
44722
44934
44990
45245
45248
45270
45275
45281
45349
45448
45578
45598
45626
45644
45653
45707
45759
45838
45898
45963
45998
46020
46110
46112
46157
46227
46240
46249
46267
46272
46292
46318
46324
46332
46353
46380
46520
46540
46573
46601
46643
46743
46767
46788
46801
46838
46893
46929
47105
47122
47178
47224
47252
47368
47477
47527
47754
47783
47805
47847
47859
47901
47934
47951
48019
48116
48275
48284
48375
48392
48399
48497
48589
48615
48672
49745
49826
49839
49853
49936
50106
50142
50156
50160
51178
51220
51522
51556
51631
51791
51800
51875
52001
52012
52048
52071
52176
52249
52273
52417
52432
52452
52527
52907
52943
53012
53230
53306
53318
53334
53338
53482
53530
53558
53587
53648
53731
53802
54010
54162
54184
54323
54392
54422
54431
54493
54534
54615
54674
54717
54814
54896
54907
54912
54950
54975
54979
54995
55063
55143
55204
55258
55444
55487
55660
55663
55751
55768
56024
56062
56144
56170
56202
56245
56296
56388
56496
56598
56833
56892
56956
57030
57057
57228
57299
57313
57390
57397
57451
57515
57561
57799
57871
57901
58018
58046
58069
58136
58185
59221
59247
59316
59327
59333
59359
59469
59502
59514
59568
59579
59710
59782
59831
59921
59945
59978
60020
60095
60170
60202
60226
60299
60315
60409
60422
60519
60662
60681
60690
60706
60746
60758
60763
60830
60848
60860
61139
61165
61174
61196
61280
61333
61397
61455
61498
61536
61569
61679
61699
61796
61810
61899
61918
62008
62056
62117
62151
62177
62343
62513
62664
62669
62803
62888
62980
63045
63070
63163
63164
63253
63256
63278
63383
63394
63558
63660
63987
64027
64072
64120
64124
64232
64240
64555
64562
64673
64703
64707
64862
64869
64949
65029
65068
65084
65141
65208
65237
65410
65518
65524
65549
65647
65651
65672
65688
65784
65794
65812
65825
65857
66057
66169
66234
66249
66268
66276
66350
66498
66521
66531
66614
66770
66773
66818
66834
66851
67158
67181
67211
67350
67432
67616
67755
67756
67774
67957
67983
68020
68025
68108
68302
68381
68398
68530
68556
68599
68721
68728
68841
68961
69013
69080
69133
69134
69178
69289
69448
69510
69550
69559
69667
69828
69936
69949
69997
70035
70047
70050
70060
70318
70376
70452
70484
70496
70541
70562
70601
70604
70651
70728
70751
70823
70887
70897
70919
70921
70979
70993
71017
71069
71119
71120
71184
71263
71292
71432
71455
71503
71509
71582
71611
71620
71661
71706
71763
71788
71949
71987
71994
72119
72315
72421
72636
72664
72686
72689
72824
73094
73225
73262
73279
73373
73403
73422
73466
73515
73532
73564
73626
73692
73713
73745
73766
73769
73803
73867
73942
73959
73961
73962
74051
74185
74324
74456
74569
74625
74666
74780
74892
75032
75222
75229
75349
75363
75465
75471
75557
75605
75619
75753
75911
75945
76096
76162
76299
76366
76770
76835
76939
76978
77038
77368
77373
77384
77410
77495
77558
77606
77641
77894
77976
78112
78118
78222
78414
78419
78442
78519
78552
78586
78624
78684
78730
78846
79013
79101
79146
79331
79355
79733
79787
79860
79878
80028
80043
80159
80166
80181
80221
80226
80390
80434
80471
80760
80775
80807
80932
80995
81029
81041
81056
81105
81221
81303
81414
81464
81656
81704
81754
81933
82243
82359
82429
82678
82874
82973
83105
83141
83190
83303
83307
83393
83457
83488
83699
83743
83781
83880
86141
86534
86593
86688
86726
86774
86920
86926
87107
87213
87332
87342
87346
87534
87560
87731
87751
87796
87817
87874
87984
87986
88059
88145
88199
88322
88428
88486
88572
88679
88724
88749
88819
88826
88925
88935
89035
89072
89075
89077
89173
89477
89518
89570
89618
89659
89792
89804
90224
90242
90257
90338
90398
90418
90533
90556
90592
90646
90804
90830
90903
90979
91158
91243
91302
91316
91331
91378
91501
91507
91685
91881
91895
92030
92037
92050
92051
92109
92244
92274
92465
92516
92535
92715
92719
92758
92825
92933
92969
93059
93183
93567
93599
93634
93671
93698
93703
93938
94103
94153
94181
94183
94356
94375
94416
94471
94538
94560
94573
94635
94832
95023
95705
95815
95974
95998
96010
96033
96045
96074
96081
96190
96327
96362
96466
96572
96596
96622
97713
97829
97893
97922
97959
98011
98119
98398
98485
98552
98600
98680
98684
98703
98714
98761
98844
98966
99016
99037
99140
99252
99283
99285
99326
99520
99559
99590
99614
99636
99699
99731
100277
100415
100444
100553
100578
100794
100816
100951
101268
101393
101402
101461
101548
101675
101895
101913
101919
102032
102097
102222
102259
102315
102409
102410
102670
102822
102941
103171
103328
103419
103447
103516
103535
103576
103616
103685
103766
103790
103893
103951
104020
104031
104101
104493
104511
104523
104653
104793
104832
104857
105144
105201
105256
105318
105356
105433
105439
105460
105554
105593
105707
105713
105782
105802
105912
105935
105949
106023
106066
106098
106102
106124
106605
106754
106808
106990
107031
107061
107152
107165
107171
107191
107584
107709
107824
107845
107904
107930
107963
108008
108014
108224
108413
108546
108626
108802
108817
108925
108971
109142
109343
109346
109368
109533
109535
109536
109731
109736
109738
109739
109877
109884
109888
109897
109910
109964
109991
109995
110231
110241
110546
110645
110669
110703
110739
110747
110763
110810
110820
110844
110870
110994
111006
111017
111103
111167
111296
111358
111427
111449
111538
111587
111644
111652
111679
111761
111770
111875
111917
111955
112096
112097
112190
112249
112343
112354
112424
112461
112466
112483
112615
112668
112828
112861
112866
112949
112959
113087
113092
113104
113135
113235
113242
113294
113321
113431
113643
113677
113749
113776
113818
114022
114033
114069
114120
114206
114280
114399
114496
114503
114523
114525
114591
114669
114785
114958
114994
115070
115088
115188
116281
116290
116302
116430
116452
116499
116595
116608
116757
116851
116921
116960
117013
117101
117102
117152
117237
117354
117369
118629
118633
118768
119103
119126
119254
119593
119636
119688
119732
119838
119858
119950
119999
120015
120036
121299
121353
121406
121451
121497
121546
121551
121775
121781
121809
121830
122102
122126
122273
122374
122469
122474
122505
122601
122637
122659
122687
122742
122785
122830
122911
122921
122933
123039
123109
123124
123156
123353
123456
123525
123639
123674
123725
123874
125903
125932
125977
125995
126077
126088
126101
126201
126206
126214
126374
126471
126504
126512
126533
126622
126636
126711
126847
126967
126987
127002
127259
127282
127382
127420
127472
127502
127543
127695
127745
127752
127766
127770
127791
127796
127797
128161
128310
128315
128356
128374
128408
128468
128512
128598
128626
128627
128650
128705
128785
128816
128882
128938
129134
129143
129160
129267
129429
129449
129492
129626
129632
129731
129873
129978
129987
130098
130239
130268
130368
130412
130457
130459
130521
130567
130594
130649
130688
130721
130754
130803
130829
130985
130996
131014
131272
131457
131459
131487
131494
131674
131732
131738
131812
132114
132123
132195
132372
132515
132566
132613
132719
132720
132754
132852
132892
132974
133032
133091
133198
133270
133366
133376
133398
133459
133494
133664
133758
133866
133915
134071
134076
134119
134226
134229
134274
134356
134473
134683
134704
134705
134831
134843
134849
134943
134960
135013
135063
135180
135186
135346
135465
135472
135477
135520
135521
135539
135569
135602
135610
135676
135764
135872
136477
136486
136542
136724
136752
136775
136797
136860
137122
137207
137221
137229
137350
137354
137460
137504
137538
137560
137811
137860
138011
138087
138095
138151
138297
138325
138404
138451
138598
138679
138690
138892
139055
139067
139153
139346
139398
139544
139545
139616
140923
140927
141058
141143
141158
141258
141303
141331
141354
141468
141802
141839
141856
141865
141875
141898
142061
142132
142169
142193
142352
142413
142435
142531
142548
142732
142805
142971
143385
143576
143593
143630
143823
143843
143998
144078
144101
144294
144329
144337
144356
144393
144406
144546
144572
144641
144694
144696
144736
144779
144819
145110
145158
145331
145400
145458
145560
145772
145811
146003
146010
146166
146253
146499
146585
146666
146867
146871
146931
146984
147070
147096
147239
147346
147433
147499
147539
147826
147847
147893
147896
147987
148028
148116
148189
148203
148216
148298
148309
148337
148378
148418
148489
148602
148656
148676
148709
148761
149214
149314
149516
149744
149832
149920
149977
150009
150050
150128
150139
150373
150387
150446
150493
150503
150598
150687
150847
150899
151121
151150
151331
151332
151374
151640
152731
152808
152880
152906
152924
152979
153361
153385
153478
153538
153657
153791
153806
153807
153904
153926
153937
153965
153990
154088
154227
154307
154350
154403
154443
154461
154468
154580
154651
154735
154753
155169
155360
155425
155539
155823
156251
156280
156286
156308
156529
156606
156715
156740
156861
156879
156884
156890
156907
156934
156943
156984
158246
158319
158462
158532
158757
158803
158824
158938
158946
159021
159101
159273
159374
159436
159590
159685
159734
159880
159922
159937
160042
160347
160413
160548
160718
160759
160937
161013
161085
161126
161163
161176
161267
161275
161406
161453
161662
161683
161796
161819
161821
161859
162105
162119
162184
162213
162514
162552
162704
163082
163217
163225
163378
163439
163546
163604
163691
163780
164083
164455
164490
164665
165004
165091
165197
165212
165476
165526
166073
166095
166367
166568
166798
166966
167077
167098
167114
167250
167282
167311
167312
167690
167888
168066
168129
168218
168533
168536
168546
169003
169009
169209
169257
169275
169553
169730
169745
169964
169969
170229
170318
170502
170635
170725
170768
170882
170962
171107
171247
171881
172068
172076
172624
172739
172939
173000
173085
173207
173281
173639
173751
173768
173790
174135
174150
174164
174413
174521
174541
174569
174746
175188
175292
175344
175444
175985
176050
176077
176220
176239
176358
176518
176537
176650
176731
177049
177113
177297
177588
177734
178061
178169
178371
178417
178601
178710
178826
178831
178837
178865
178944
178960
179046
179082
179180
179309
179353
179388
179523
179535
179574
179592
179595
179636
179671
180698
180998
182302
182309
182668
182686
182688
182836
183216
183501
183527
183882
183928
184186
184225
184277
184317
184374
184474
184659
184898
184947
185110
185231
185509
185519
185630
185939
186034
186170
186199
186323
186869
187076
187098
187254
187403
187456
187508
187917
188418
188650
188673
188796
189060
189181
189299
189367
189600
189653
190344
190471
190558
190591
190983
191013
191042
191062
191425
191451
191777
191786
191942
192125
192185
192318
192527
192713
192891
193188
193205
193237
193585
193609
193684
193864
193918
193954
194257
194280
194334
194367
194661
194733
194936
194986
195297
195648
195915
195951
196100
196127
196136
196153
196383
196564
196726
196848
197292
197487
197595
197713
197848
197973
199352
199606
199632
199995
200078
200097
200143
200173
200198
200378
200752
200868
200932
201235
201343
201393
201482
201492
201786
201835
201877
201973
201992
202330
202441
202522
202628
202669
202823
203003
203067
203493
203697
203746
204029
204090
204094
204100
205222
205370
205513
205552
205553
205810
205881
205981
206048
206440
206579
206790
206822
207201
207295
207416
207421
207644
207816
207906
208014
208516
209522
209828
209854
210552
211246
211293
211444
211706
211708
211773
211857
211908
212142
212421
212494
212546
212895
212962
213279
213337
213886
214552
214674
215220
215353
215747
215788
215809
216276
216342
216479
216495
216577
216629
217025
217034
217545
217567
217589
217821
218051
218370
218614
218668
218983
219133
219282
219582
219681
219710
219806
219897
220112
220329
221027
221339
221395
221851
222014
222284
222622
222736
223002
223565
223824
223935
223991
223995
224351
225207
225413
225436
225668
225693
225733
225831
226088
226266
226313
226745
226882
227138
227213
227853
227960
228183
228279
228346
228401
228802
228887
229047
229076
229168
229198
229464
229480
229931
230036
230054
230227
230249
230495
230685
230751
230973
231017
231085
231732
232028
232298
232589
232717
232875
233125
233266
233328
233497
233798
233844
234018
234120
234304
234495
234538
234734
234938
235019
235079
235285
235413
235450
235574
236145
237306
237497
237588
237612
238782
238893
239218
239250
240106
241043
241050
241355
241896
241943
242068
242086
242499
242665
242688
243144
243565
243775
243946
244158
244401
244470
244606
244650
244885
244922
244972
245215
245223
245253
245499
245692
246050
246342
246808
247056
247106
247394
247585
248649
248661
248850
249239
249307
249399
249606
249679
249809
249961
250136
250304
250421
250688
250800
251385
251406
251711
251803
251888
252044
252101
252145
252213
252288
252473
252542
252802
252882
252959
253098
253415
253475
253552
254088
254266
254585
254784
254857
255166
255340
255909
255947
255976
256008
256023
256285
256570
256674
256739
256818
256955
257153
257247
257383
257476
257608
257693
257720
257819
257826
257848
258395
258511
258613
258737
258931
259141
259334
259346
259501
259732
259759
260823
261018
261166
261246
261303
261571
261654
262005
262101
262298
262382
262530
262820
262877
262953
263197
263222
263561
263574
264029
264082
264165
264231
264240
264295
264412
264441
264509
264569
264817
264869
264928
264950
264991
265249
265285
265301
265459
265750
265809
265958
266114
266127
266308
266309
266359
266492
266561
266834
266992
267035
267036
267196
267208
267209
267293
267371
267474
267492
267852
267866
268009
268023
268062
268271
268454
268470
268509
268568
268575
268631
268666
268733
268818
268831
268844
269090
269185
269350
269492
269563
269669
269852
269892
269945
270020
270030
270139
270375
270427
270600
270621
270982
271031
271203
271339
271419
272599
272775
272791
272831
272893
272918
273006
273076
273160
273218
273224
273272
273780
273870
273888
273964
274070
274109
274167
274226
274227
274440
274492
274858
274930
275032
275089
275219
275271
275340
275363
275645
275711
275733
275830
276405
276574
276724
276932
277125
277318
277347
277512
277625
277855
277858
278178
278249
278282
278288
278402
278628
278664
278759
278870
279051
279394
279783
279880
280282
280725
280969
281297
281483
281660
281667
282047
282286
282459
282745
283274
283305
283682
283730
283823
284217
284385
284444
284450
284724
284896
285186
285317
285348
285478
285922
285933
286360
286457
286576
286767
286964
287126
287160
287581
287622
287877
287887
287949
288013
288287
288339
288351
288357
288472
288614
288762
289041
289101
289108
289628
289924
290049
290074
290132
290340
290472
290688
290690
290906
291186
291481
291491
291621
291991
292411
292913
292958
293042
293063
293359
293451
293831
293873
294271
294833
294965
294966
294984
295232
295282
295365
295412
295478
295569
296189
296391
296601
296650
296719
296736
297146
297729
298080
298257
298790
299286
299504
299526
299608
299721
299723
299738
299834
300146
300242
300309
300568
300667
300718
300782
300829
301076
301242
301267
301307
302232
302269
302307
302342
302370
302445
302487
302633
302795
302811
302825
303234
303298
303412
303724
303747
303804
303815
303844
303977
304212
304245
304370
304651
304776
304837
304859
304992
304993
305093
305246
305501
305563
305627
305706
305942
306013
306036
306438
306684
307026
307078
307101
307113
307300
307654
307714
307854
308181
308261
308413
308494
308580
308617
308735
308917
309019
309043
309389
309410
309656
310060
310391
310472
310671
310820
310838
310881
311127
311145
311468
311522
311558
311606
311652
312229
312289
312402
312406
312478
312824
313084
313673
313740
313758
313973
314185
314391
314536
314637
314885
314904
315970
316135
316487
316848
316936
317226
317359
317521
317672
317838
317899
317989
318178
318397
318398
318621
318634
318657
318976
319040
319123
319235
319392
319819
319909
319911
320001
320197
320308
320608
320858
320947
321540
321781
321799
321811
322145
322762
322912
323076
323097
323350
323708
323834
323977
324273
325447
325450
325535
325602
325733
326114
326529
326967
327076
327186
327303
327706
327960
328494
328523
329044
329292
329318
329376
329604
329781
329831
330008
330120
330453
330505
330554
330994
331276
331699
331774
331976
332395
332461
333025
333619
333996
334004
334145
334307
334509
334926
335091
335184
335258
335439
335476
335788
335905
336133
336206
336548
336644
336709
336802
337423
337898
337945
338089
338461
338469
338711
338731
339150
339489
339504
339559
339621
339645
339675
339826
340131
340170
340285
340357
340479
340659
340860
341038
341225
341242
341273
341400
341563
341809
341869
342072
342105
342447
342686
342862
343002
343363
343439
343474
343515
343652
344681
344720
344747
344918
345022
345381
345404
345455
345554
345555
345861
346253
346407
346683
348026
348222
348232
348271
348359
348588
348756
348892
348950
349014
349032
349115
349169
349418
349536
349672
349888
350061
350185
350404
350496
350568
350805
351108
351309
351517
351547
351861
351866
351880
352602
352901
352905
352914
353080
353081
353244
353253
353624
353649
353667
353742
353984
353986
354098
354159
354263
354314
354554
354889
355224
355351
355366
355515
355525
355566
355726
355774
356065
356173
356257
356366
356412
356551
356706
356709
356776
356886
357039
357119
357387
357860
357970
358007
358202
358355
358842
358894
358943
358956
359046
359088
359381
359604
360007
360211
360307
360393
360582
360690
360930
360989
361196
361590
361620
361679
361699
361915
361935
362109
362780
363056
363126
363306
363394
363541
363748
364488
364771
365390
365462
366078
366089
366745
366833
367089
367378
367622
367717
367780
367792
368186
368378
368648
369680
369712
370142
370873
370899
370901
370926
371162
371332
371381
371402
371615
371902
372024
372095
372221
372380
372477
372547
372653
373085
373132
373239
373250
373298
373357
373449
373463
373577
374549
374647
374779
375010
375027
375133
375209
375904
376161
376501
376658
376866
377352
377599
377926
378506
378647
378837
378865
379069
379179
379193
379280
379482
379892
379993
380073
380155
380415
380487
380748
380870
380892
381492
381550
381625
381828
382128
382429
382667
382736
382849
383704
384187
385085
385298
385314
385810
385862
386126
386221
386346
386971
387734
388069
388164
388700
388744
388776
388802
389168
389213
389214
389431
389590
389698
389947
389964
390230
390383
390456
391488
392272
392508
392785
392863
393891
394062
394152
394942
394962
394975
395154
395227
395292
395358
395829
396005
396588
396818
396984
397576
397694
397954
397971
398047
398092
398184
398501
399281
399297
399462
399841
399846
400081
400162
401485
401491
401668
401715
401742
402118
402222
402363
402383
402683
402950
403016
403024
403025
403261
403646
403687
403822
403864
404149
404264
404348
404411
404421
404764
405060
405173
405705
405834
405861
405873
406012
406104
406384
406437
407289
407397
407839
407875
407927
409089
409105
409189
409313
409521
409951
410192
410226
410359
410549
410887
411073
411283
411314
411500
412114
412333
412403
413184
413406
413604
413659
413846
414045
414057
414187
414514
414521
414710
414742
415284
415429
415594
415656
416131
416161
416293
416427
416443
417927
418058
418436
418550
419192
419353
419696
419865
420123
420288
420403
420542
420552
420605
420708
421058
421081
421650
421863
421919
421957
422075
422570
422844
422975
423273
423406
423507
423632
423985
424499
424581
424870
425246
425830
426674
426744
426786
426912
426976
427233
427491
427827
427922
427949
428033
428148
428402
428525
428952
429213
429249
429363
429471
429495
429517
429874
429942
429998
430419
430791
431010
431482
431485
431564
431565
431751
431861
432766
433017
433334
433427
433440
433634
434180
434320
434376
434634
434677
434985
435404
435479
435523
436011
436221
436462
436475
436747
437186
437717
437769
438370
438627
438636
438700
438936
439037
439235
439325
439604
439948
440007
440211
440275
440322
440399
440510
441019
441115
441144
441648
442461
442583
442719
442764
443260
443358
443607
443892
443988
444005
444139
444307
444328
444387
444658
444672
444902
444978
445062
445158
445200
445575
445745
446850
446889
446951
447287
448761
449219
449543
449658
449771
450054
450139
450208
450326
450377
450543
450899
451045
451267
451588
451751
451979
452308
452421
452592
452726
452745
452995
453327
453425
453657
453980
454068
454103
454158
454292
454332
455383
455470
455526
456455
456512
456619
456686
456771
456808
457359
457410
457686
457834
457901
458136
458587
458631
458828
459142
459221
459323
459428
459517
459592
459742
459754
459771
459809
460163
460855
461097
461559
461833
461971
462245
462533
462578
462707
462768
463293
463327
463752
464086
464184
464265
464379
464451
464972
465013
465017
465174
465176
465280
465448
465656
465810
465844
465965
466848
466875
466889
467294
467613
467939
468190
468360
468891
469295
469345
469527
469710
469754
469869
469917
469932
470068
470202
470316
470376
470460
470675
470922
471037
472159
472372
472483
472565
472755
472900
473061
473082
473330
473932
474020
474105
474428
474449
475733
476175
476184
476522
476554
476627
476796
476966
476987
477111
477214
477425
477602
477659
477712
477758
477795
478060
478142
478273
478429
478538
479055
479082
479472
479515
479656
480113
480163
480190
480324
480510
480656
480938
481037
481149
481302
481557
481634
482014
483607
483912
483992
484026
484065
484543
484642
484876
484930
485037
485091
485395
485603
485816
486157
486168
486197
486300
486331
486634
486778
486859
486914
487011
487240
487571
487583
488134
488253
488955
488978
488993
489118
489126
489214
489461
489587
489689
490288
490796
490829
491058
492073
492112
492353
492591
492797
492887
492965
494096
494286
494639
494715
494955
495163
495219
495396
495732
495980
496290
496531
496678
496751
496929
497087
497325
497374
497560
497904
498124
498395
498528
498588
499013
499520
500218
500382
500505
500562
500652
500693
500833
500901
502606
502820
502829
503017
503161
503488
504183
504476
504493
505045
505593
505678
505988
506285
506695
506716
506759
506845
507001
507192
507372
507374
507626
507944
508066
508091
508613
508909
509242
509402
509431
509467
509503
509541
509650
509803
510002
510234
510399
510417
510506
511067
511232
511372
511473
511572
511789
511983
512902
512912
513026
513449
513874
514829
514883
515059
515169
515204
515259
515497
516203
516371
516419
516609
