ExpertID   TeamID    QuestionIDwithBestAnswer    Score 
3018 0 0 264.0
3019 0 0 49.0
3020 159 11 7.0
3021 26 821 81.0
3022 27 1 6.0
3023 29 9 77.0
3024 454 180 8.0
3025 28 2 88.0
3026 159 11 15.0
3027 30 3 41.0
3028 30 3 5.0
3031 1 211 11.0
3029 265 58 39.0
3032 36 24 15.0
3033 37 5 4.0
3034 48 64 102.0
3038 62 878 27.0
3039 4 6 5.0
3043 82 7 4.0
3044 87 107 40.0
3045 366 105 12.0
3046 159 11 44.0
3048 117 92 11.0
3049 172 130 22.0
3050 29 9 105.0
3051 29 9 57.0
3052 29 9 9.0
3053 29 9 4.0
3054 109 96 116.0
3055 60 10 4.0
3056 60 10 23.0
3057 159 11 107.0
3040 159 11 22.0
3058 159 11 15.0
3059 161 14 14.0
3060 161 14 6.0
3061 161 14 10.0
3062 161 14 11.0
3063 61 15 22.0
3064 61 15 12.0
3065 61 15 26.0
3066 163 16 14.0
3067 163 16 12.0
3068 163 16 10.0
3070 164 17 22.0
3071 164 17 5.0
3072 203 325 127.0
3073 614 363 78.0
3078 253 242 6.0
3080 254 19 14.0
3081 254 19 24.0
3082 255 666 9.0
3083 257 20 8.0
3084 258 814 17.0
3085 10 68 14.0
3086 262 21 5.0
3087 33 22 11.0
3088 264 70 27.0
3089 36 24 6.0
3090 267 23 8.0
3095 44 25 9.0
3096 1 211 18.0
3097 276 26 15.0
3098 280 30 17.0
3099 277 28 8.0
3100 277 28 7.0
3101 278 880 8.0
3102 280 30 12.0
3103 280 30 5.0
3104 280 30 5.0
3105 283 804 18.0
3106 282 31 8.0
3107 287 32 5.0
3108 287 32 8.0
3114 103 33 10.0
3117 14 34 4.0
3118 315 842 23.0
3119 304 357 30.0
3120 308 302 10.0
3121 269 37 13.0
3115 268 38 18.0
3122 310 606 8.0
3123 396 99 14.0
3124 434 154 6.0
3125 45 40 9.0
3126 16 41 24.0
3127 16 41 8.0
3128 311 42 12.0
3129 311 42 10.0
3130 311 42 5.0
3131 316 300 61.0
3132 329 47 12.0
3133 104 46 16.0
3134 104 46 7.0
3135 104 46 10.0
3136 319 285 14.0
3137 104 46 5.0
3138 104 46 50.0
3139 104 46 15.0
3140 104 46 5.0
3141 104 46 11.0
3142 339 876 48.0
3143 104 46 6.0
3144 104 46 5.0
3145 838 757 18.0
3146 359 453 44.0
3147 85 50 6.0
3148 85 50 4.0
3149 285 72 9.0
3150 361 53 6.0
3151 361 53 8.0
3152 362 54 27.0
3091 274 55 15.0
3156 18 76 18.0
3157 364 56 7.0
3158 365 57 12.0
3047 116 86 8.0
3159 365 57 5.0
3160 265 58 10.0
3161 472 203 16.0
3162 367 830 29.0
3113 13 62 6.0
3163 107 63 6.0
3164 48 64 12.0
3165 374 311 36.0
3166 48 64 8.0
3167 48 64 6.0
3168 377 65 9.0
3169 378 241 15.0
3170 379 66 4.0
3171 102 67 22.0
3041 260 93 41.0
3172 70 69 17.0
3173 381 73 26.0
3174 381 73 7.0
3175 381 73 38.0
3176 381 73 4.0
3177 382 75 14.0
3178 18 76 18.0
3179 50 77 6.0
3180 383 80 8.0
3181 384 868 5.0
3182 108 81 23.0
3183 51 82 11.0
3184 386 85 24.0
3185 386 85 4.0
3186 71 87 6.0
3187 388 95 36.0
3188 72 89 8.0
3193 390 153 5.0
3194 117 92 7.0
3195 391 94 121.0
3196 388 95 6.0
3197 109 96 6.0
3198 392 97 13.0
3199 392 97 4.0
3202 52 248 31.0
3203 73 104 15.0
3204 271 100 6.0
3205 397 101 5.0
3206 397 101 19.0
3207 397 101 16.0
3208 397 101 9.0
3209 397 101 13.0
3210 86 103 4.0
3211 399 106 8.0
3212 400 278 26.0
3213 87 107 6.0
3214 87 107 8.0
3215 87 107 4.0
3216 406 109 17.0
3217 406 109 15.0
3218 406 109 8.0
3219 406 109 4.0
3220 406 109 5.0
3221 406 109 5.0
3222 406 109 4.0
3224 74 111 5.0
3225 74 111 7.0
3227 183 112 5.0
3228 409 116 9.0
3229 75 118 19.0
3230 411 120 5.0
3231 412 121 7.0
3232 412 121 5.0
3234 111 122 12.0
3235 272 123 6.0
3236 513 243 26.0
3237 418 127 4.0
3238 419 128 5.0
3239 419 128 4.0
3242 420 131 6.0
3243 169 132 12.0
3244 169 132 4.0
3245 189 172 11.0
3246 266 134 5.0
3247 421 136 10.0
3248 421 136 9.0
3249 422 137 11.0
3250 185 141 12.0
3251 424 139 10.0
3252 400 278 11.0
3253 423 140 21.0
3254 185 141 17.0
3255 425 142 12.0
3256 171 143 5.0
3257 64 145 17.0
3258 76 146 8.0
3260 427 149 11.0
3261 427 149 6.0
3262 427 149 26.0
3263 427 149 4.0
3264 428 150 8.0
3265 428 150 61.0
3266 431 151 9.0
3267 431 151 4.0
3268 112 152 6.0
3269 112 152 5.0
3270 447 460 243.0
3077 249 205 21.0
3271 11 157 11.0
3272 437 161 5.0
3273 220 162 15.0
3274 452 163 4.0
3275 452 163 4.0
3276 49 164 4.0
3279 188 168 12.0
3280 189 172 10.0
3281 189 172 5.0
3282 453 175 20.0
3283 190 173 7.0
3284 561 288 5.0
3285 453 175 13.0
3286 455 176 6.0
3287 191 182 42.0
3288 191 182 4.0
3289 113 183 5.0
3290 439 185 8.0
3291 439 185 4.0
3292 9 186 15.0
3293 9 186 19.0
3294 458 187 4.0
3295 458 187 10.0
3296 458 187 20.0
3297 458 187 4.0
3298 221 188 7.0
3299 20 189 6.0
3300 459 190 6.0
3301 459 190 7.0
3302 614 363 10.0
3303 462 192 10.0
3304 463 320 5.0
3305 440 193 7.0
3306 114 196 6.0
3307 114 196 4.0
3200 180 200 10.0
3308 480 340 27.0
3309 249 205 4.0
3310 488 208 7.0
3311 115 210 5.0
3312 195 212 5.0
3313 196 213 4.0
3314 78 215 8.0
3315 489 216 10.0
3316 251 217 4.0
3317 490 219 67.0
3318 490 219 6.0
3319 491 220 5.0
3320 493 797 43.0
3321 496 222 4.0
3322 496 222 7.0
3323 498 223 8.0
3324 498 223 10.0
3325 474 224 6.0
3326 502 711 10.0
3327 352 228 4.0
3328 352 228 4.0
3329 503 230 5.0
3330 656 431 26.0
3331 504 231 6.0
3332 504 231 6.0
3333 475 232 5.0
3334 198 233 4.0
3335 505 234 5.0
3336 505 234 13.0
3337 505 234 5.0
3339 506 236 71.0
3340 506 236 4.0
3341 508 246 8.0
3342 303 508 14.0
3343 512 240 5.0
3344 378 241 5.0
3346 513 243 18.0
3347 507 244 5.0
3348 507 244 8.0
3349 507 244 6.0
3350 199 245 4.0
3351 508 246 4.0
3352 515 247 11.0
3353 515 247 21.0
3354 515 247 8.0
3355 515 247 5.0
3356 515 247 22.0
3357 52 248 7.0
3358 516 799 6.0
3359 517 793 41.0
3360 200 250 7.0
3361 223 251 5.0
3364 466 252 4.0
3365 532 256 7.0
3366 532 256 8.0
3367 532 256 8.0
3368 533 257 4.0
3369 534 258 5.0
3370 444 259 6.0
3371 80 261 15.0
3372 120 335 8.0
3373 536 263 4.0
3374 536 263 7.0
3375 445 264 16.0
3376 537 266 6.0
3377 538 267 7.0
3378 538 267 5.0
3379 88 268 4.0
3380 224 270 20.0
3381 202 272 10.0
3382 202 272 4.0
3383 476 273 7.0
3384 540 289 25.0
3385 541 307 16.0
3386 539 275 5.0
3387 539 275 33.0
3388 539 275 5.0
3389 547 599 24.0
3390 556 276 11.0
3391 557 277 6.0
3392 557 277 6.0
3394 400 278 5.0
3395 558 279 11.0
3396 559 280 8.0
3397 559 280 4.0
3398 559 280 4.0
3399 559 280 13.0
3400 560 284 7.0
3401 319 285 7.0
3402 225 287 16.0
3403 561 288 8.0
3404 540 289 29.0
3407 457 290 4.0
3408 469 291 8.0
3409 573 293 4.0
3410 41 294 8.0
3411 353 295 5.0
3412 574 298 16.0
3413 671 471 71.0
3414 585 631 45.0
3416 118 299 6.0
3417 177 301 5.0
3418 177 301 7.0
3419 308 302 6.0
3420 55 303 8.0
3421 590 304 13.0
3422 590 304 24.0
3423 56 305 9.0
3424 591 306 11.0
3425 591 306 10.0
3426 541 307 13.0
3427 541 307 9.0
3428 321 366 9.0
3429 541 307 4.0
3430 592 310 6.0
3432 374 311 4.0
3433 593 312 7.0
3434 355 313 6.0
3435 594 314 5.0
3436 594 314 8.0
3437 595 315 8.0
3438 595 315 8.0
3439 212 316 4.0
3440 596 318 5.0
3441 596 318 4.0
3442 509 319 6.0
3443 562 321 5.0
3445 597 324 43.0
3446 597 324 10.0
3447 597 324 9.0
3448 597 324 8.0
3450 203 325 9.0
3451 203 325 5.0
3452 465 326 11.0
3453 226 327 8.0
3454 227 328 8.0
3455 599 329 15.0
3456 600 330 9.0
3457 600 330 5.0
3458 600 330 5.0
3459 600 330 4.0
3460 228 331 5.0
3461 601 334 6.0
3462 601 334 4.0
3363 531 487 54.0
3464 602 338 11.0
3465 602 338 12.0
3466 602 338 21.0
3467 602 338 4.0
3468 602 338 5.0
3469 602 338 25.0
3470 603 339 13.0
3471 603 339 5.0
3472 480 340 4.0
3473 286 343 5.0
3474 286 343 5.0
3475 229 344 16.0
3476 229 344 7.0
3477 448 345 19.0
3478 604 346 9.0
3479 604 346 7.0
3480 24 348 5.0
3481 204 349 4.0
3484 133 490 5.0
3406 621 472 36.0
3485 565 353 4.0
3486 205 355 10.0
3487 607 354 4.0
3488 607 354 4.0
3490 449 356 12.0
3491 449 356 4.0
3492 304 357 5.0
3493 304 357 13.0
3494 230 362 29.0
3495 231 358 4.0
3496 232 360 14.0
3497 232 360 4.0
3498 443 361 4.0
3499 230 362 7.0
3500 614 363 68.0
3501 450 364 5.0
3503 321 366 5.0
3504 615 367 6.0
3505 615 367 5.0
3506 615 367 31.0
3226 408 403 10.0
3507 407 368 9.0
3508 481 370 8.0
3509 616 372 6.0
3510 617 439 10.0
3511 626 464 25.0
3512 616 372 5.0
3513 627 373 4.0
3514 234 374 4.0
3515 566 376 5.0
3516 90 377 6.0
3517 628 378 7.0
3518 629 379 10.0
3519 235 382 4.0
3522 483 384 6.0
3523 543 855 17.0
3524 631 552 10.0
3525 632 387 5.0
3526 632 387 7.0
3527 236 388 5.0
3529 634 389 4.0
3530 636 585 9.0
3531 637 393 21.0
3532 567 394 6.0
3533 638 395 4.0
3534 613 397 4.0
3535 639 398 14.0
3536 639 398 11.0
3537 376 399 9.0
3538 641 677 11.0
3539 642 401 4.0
3540 642 401 17.0
3541 643 402 14.0
3542 643 402 50.0
3543 643 402 7.0
3544 408 403 13.0
3545 693 582 25.0
3546 545 405 6.0
3528 484 871 7.0
3547 646 407 9.0
3548 297 409 8.0
3549 608 411 4.0
3550 647 412 4.0
3551 647 412 17.0
3552 647 412 5.0
3553 648 413 4.0
3554 648 413 4.0
3555 649 414 13.0
3556 649 414 7.0
3557 403 415 10.0
3558 403 415 6.0
3559 568 416 5.0
3560 650 418 6.0
3561 651 420 5.0
3562 651 420 5.0
3563 652 476 8.0
3564 237 423 44.0
3565 193 424 5.0
3566 193 424 6.0
3567 653 425 4.0
3568 653 425 4.0
3569 654 427 13.0
3570 654 427 4.0
3571 655 428 7.0
3572 655 428 4.0
3573 323 430 8.0
3574 656 431 20.0
3575 658 470 15.0
3576 298 434 7.0
3577 238 437 6.0
3578 624 438 6.0
3579 617 439 9.0
3580 625 440 12.0
3581 660 441 9.0
3582 660 441 5.0
3583 660 441 8.0
3584 660 441 7.0
3585 660 441 5.0
3586 661 442 13.0
3587 661 442 10.0
3588 134 443 11.0
3589 299 444 4.0
3590 135 445 6.0
3591 662 447 13.0
3592 17 448 12.0
3593 619 449 5.0
3594 569 475 6.0
3595 663 597 35.0
3596 136 454 11.0
3597 358 455 5.0
3598 358 455 4.0
3599 485 456 14.0
3600 451 457 8.0
3601 666 458 8.0
3602 666 458 5.0
3603 667 459 4.0
3604 447 460 32.0
3605 447 460 11.0
3606 447 460 8.0
3607 447 460 7.0
3608 668 461 4.0
3609 575 462 6.0
3610 669 463 7.0
3611 626 464 7.0
3612 375 466 5.0
3613 659 467 4.0
3614 670 468 6.0
3615 671 471 27.0
3616 671 471 7.0
3617 671 471 6.0
3116 292 473 12.0
3618 292 473 12.0
3619 338 474 6.0
3620 569 475 4.0
3621 652 476 5.0
3622 672 477 5.0
3623 672 477 5.0
3624 673 478 12.0
3625 673 478 6.0
3626 674 479 5.0
3627 675 482 7.0
3628 676 731 8.0
3629 570 484 9.0
3630 677 486 25.0
3631 677 486 7.0
3632 677 486 8.0
3633 531 487 16.0
3634 678 489 4.0
3635 678 489 4.0
3636 678 489 5.0
3637 138 491 5.0
3638 679 492 8.0
3639 680 493 11.0
3640 681 497 29.0
3641 571 495 13.0
3642 139 496 11.0
3643 140 498 6.0
3644 683 499 4.0
3645 141 500 5.0
3646 749 621 15.0
3647 57 518 16.0
3648 685 504 8.0
3649 685 504 33.0
3651 688 513 10.0
3652 689 550 6.0
3653 686 509 12.0
3655 405 510 7.0
3656 696 583 73.0
3657 695 511 5.0
3654 693 582 41.0
3658 697 514 10.0
3659 699 836 44.0
3660 698 516 6.0
3661 700 517 6.0
3662 700 517 6.0
3663 691 520 4.0
3664 691 520 6.0
3665 25 521 9.0
3666 701 523 5.0
3667 701 523 5.0
3668 704 533 19.0
3669 142 525 8.0
3670 705 526 7.0
3671 705 526 4.0
3672 706 527 5.0
3673 706 527 5.0
3675 305 528 6.0
3676 707 530 4.0
3677 707 530 5.0
3678 708 531 5.0
3679 708 531 4.0
3681 704 533 5.0
3682 704 533 4.0
3683 704 533 9.0
3684 325 534 5.0
3685 325 534 9.0
3686 240 535 5.0
3687 326 536 5.0
3688 143 537 5.0
3690 550 538 15.0
3692 711 588 43.0
3693 712 542 10.0
3694 712 542 7.0
3695 492 544 12.0
3696 492 544 4.0
3697 713 545 9.0
3698 713 545 11.0
3699 714 734 16.0
3700 572 547 8.0
3701 715 548 16.0
3702 715 548 5.0
3703 715 548 4.0
3704 692 549 5.0
3705 716 551 11.0
3706 716 551 7.0
3707 631 552 5.0
3708 717 553 4.0
3709 717 553 6.0
3710 717 553 4.0
3711 132 555 6.0
3712 718 556 13.0
3713 718 556 97.0
3714 718 556 66.0
3715 144 557 6.0
3716 719 733 13.0
3717 720 558 7.0
3718 720 558 5.0
3719 721 559 5.0
3720 721 559 5.0
3721 722 560 9.0
3722 722 560 5.0
3723 145 561 4.0
3724 723 562 13.0
3725 723 562 6.0
3726 723 562 32.0
3727 724 563 9.0
3728 146 564 4.0
3729 333 568 4.0
3730 726 571 18.0
3731 726 571 8.0
3732 360 572 13.0
3733 360 572 13.0
3734 728 574 4.0
3735 728 574 19.0
3736 729 576 44.0
3737 729 576 5.0
3738 729 576 5.0
3739 730 578 17.0
3740 730 578 4.0
3741 581 579 5.0
3742 727 580 6.0
3743 731 581 9.0
3744 731 581 26.0
3745 731 581 28.0
3746 731 581 6.0
3747 696 583 35.0
3748 696 583 5.0
3749 696 583 17.0
3750 582 584 6.0
3751 582 584 4.0
3752 636 585 5.0
3753 732 586 6.0
3754 732 586 8.0
3755 91 587 5.0
3756 711 588 4.0
3757 711 588 15.0
3758 733 589 9.0
3759 734 590 4.0
3760 734 590 5.0
3761 735 591 4.0
3762 735 591 7.0
3763 58 592 11.0
3764 736 593 4.0
3765 736 593 5.0
3766 583 594 5.0
3767 737 595 6.0
3768 737 595 7.0
3769 551 596 4.0
3770 663 597 10.0
3771 738 598 16.0
3773 741 602 4.0
3774 743 603 7.0
3775 743 603 4.0
3776 147 604 5.0
3777 548 608 5.0
3778 148 609 4.0
3779 744 610 7.0
3780 744 610 4.0
3781 745 611 9.0
3782 745 611 4.0
3783 746 612 5.0
3784 746 612 6.0
3785 242 613 7.0
3786 747 614 13.0
3787 747 614 36.0
3788 747 614 25.0
3789 747 614 5.0
3791 584 615 13.0
3792 748 616 16.0
3793 748 616 5.0
3794 748 616 17.0
3796 149 617 5.0
3797 553 618 14.0
3798 749 621 32.0
3799 751 620 9.0
3800 752 622 13.0
3801 752 622 10.0
3802 753 624 10.0
3803 753 624 9.0
3804 755 627 5.0
3805 754 625 7.0
3806 756 626 4.0
3807 756 626 4.0
3808 755 627 5.0
3809 757 628 9.0
3810 757 628 7.0
3811 758 629 7.0
3812 758 629 6.0
3813 150 630 6.0
3814 585 631 8.0
3816 554 634 12.0
3817 586 635 6.0
3818 151 636 6.0
3819 750 637 11.0
3820 759 639 17.0
3821 759 639 10.0
3822 759 639 18.0
3823 327 640 7.0
3824 327 640 21.0
3825 486 641 4.0
3826 760 642 14.0
3827 761 643 15.0
3828 761 643 7.0
3829 762 644 6.0
3830 763 645 6.0
3831 763 645 5.0
3833 765 653 9.0
3834 92 648 6.0
3835 767 649 55.0
3836 767 649 78.0
3837 767 649 5.0
3838 587 650 4.0
3839 243 651 9.0
3841 769 652 4.0
3842 769 652 23.0
3843 769 652 6.0
3844 769 652 5.0
3845 765 653 29.0
3846 765 653 6.0
3847 770 654 20.0
3848 770 654 4.0
3849 152 655 17.0
3850 771 656 5.0
3851 771 656 6.0
3852 790 691 10.0
3853 773 659 21.0
3854 773 659 10.0
3855 521 660 4.0
3856 153 661 5.0
3857 774 662 5.0
3858 775 663 6.0
3859 775 663 9.0
3860 522 664 4.0
3861 255 666 11.0
3862 776 667 5.0
3863 776 667 4.0
3864 778 674 5.0
3865 777 669 8.0
3866 777 669 6.0
3867 779 670 6.0
3868 779 670 4.0
3869 523 671 9.0
3870 780 672 11.0
3871 780 672 47.0
3872 781 673 16.0
3873 778 674 8.0
3874 782 675 5.0
3875 782 675 4.0
3876 783 676 6.0
3877 783 676 10.0
3878 641 677 5.0
3879 784 678 9.0
3880 784 678 4.0
3881 81 679 4.0
3882 154 680 7.0
3883 244 681 4.0
3884 785 682 5.0
3885 785 682 26.0
3886 786 683 5.0
3887 786 683 14.0
3888 786 683 6.0
3889 787 684 41.0
3890 588 685 4.0
3891 788 688 6.0
3892 788 688 12.0
3893 789 718 13.0
3894 245 690 4.0
3895 792 770 11.0
3896 793 692 4.0
3897 793 692 7.0
3898 794 694 10.0
3899 794 694 4.0
3900 795 695 5.0
3901 795 695 13.0
3902 796 696 27.0
3903 796 696 8.0
3904 797 697 33.0
3905 797 697 13.0
3906 798 698 11.0
3907 798 698 5.0
3908 799 699 7.0
3909 799 699 25.0
3910 487 700 4.0
3912 800 701 6.0
3913 801 702 4.0
3914 802 703 9.0
3915 524 704 5.0
3916 742 705 5.0
3917 742 705 4.0
3918 791 706 6.0
3919 791 706 4.0
3920 803 707 17.0
3921 803 707 9.0
3922 555 708 7.0
3923 206 709 5.0
3924 804 710 6.0
3925 804 710 5.0
3926 502 711 4.0
3928 806 712 20.0
3929 806 712 71.0
3930 807 713 4.0
3931 807 713 4.0
3932 808 716 4.0
3933 808 716 5.0
3934 809 717 5.0
3935 809 717 7.0
3936 789 718 4.0
3937 810 719 9.0
3938 810 719 20.0
3939 811 753 66.0
3940 812 720 4.0
3941 813 721 41.0
3942 813 721 6.0
3943 813 721 17.0
3944 814 722 12.0
3945 256 723 4.0
3946 816 724 9.0
3947 816 724 32.0
3948 817 725 21.0
3949 817 725 4.0
3950 817 725 9.0
3951 207 726 11.0
3952 818 727 7.0
3953 818 727 4.0
3954 819 728 6.0
3955 819 728 10.0
3956 820 729 10.0
3957 820 729 7.0
3958 820 729 16.0
3960 676 731 4.0
3961 719 733 5.0
3962 821 735 9.0
3963 821 735 14.0
3964 822 736 7.0
3965 822 736 6.0
3966 822 736 4.0
3967 823 737 6.0
3968 823 737 4.0
3969 826 786 40.0
3970 824 740 4.0
3971 828 741 5.0
3972 829 742 7.0
3974 831 743 7.0
3975 831 743 5.0
3976 832 744 5.0
3977 342 779 5.0
3979 155 745 7.0
3980 833 746 9.0
3981 833 746 7.0
3982 127 747 6.0
3983 127 747 4.0
3984 208 748 4.0
3985 834 751 7.0
3986 835 752 8.0
3987 835 752 8.0
3988 835 752 4.0
3989 811 753 12.0
3990 811 753 15.0
3991 836 754 4.0
3992 665 755 24.0
3993 837 756 5.0
3994 837 756 4.0
3995 838 757 5.0
3996 343 759 5.0
3997 156 760 14.0
3998 344 761 4.0
3999 841 777 15.0
4000 346 763 18.0
4001 346 763 4.0
4002 527 764 13.0
4003 842 765 7.0
4004 843 766 4.0
4005 843 766 5.0
4006 844 767 37.0
4007 844 767 65.0
4008 845 768 5.0
4009 845 768 10.0
4010 840 769 8.0
4011 846 860 14.0
4012 848 772 63.0
4013 848 772 15.0
4014 848 772 9.0
4015 848 772 5.0
4016 589 774 5.0
4017 850 776 10.0
4018 850 776 5.0
4019 850 776 5.0
4020 850 776 6.0
4021 841 777 22.0
4022 347 781 5.0
4023 851 782 6.0
4024 851 782 8.0
4025 852 783 4.0
4026 825 785 5.0
4027 853 791 35.0
4028 827 787 12.0
4029 854 789 34.0
4030 854 789 51.0
4031 856 792 14.0
4032 856 792 6.0
4033 856 792 60.0
4034 856 792 8.0
4035 856 792 4.0
3832 710 795 10.0
3911 493 797 10.0
3772 694 798 5.0
3650 516 799 4.0
3153 363 800 12.0
3154 363 800 5.0
3463 442 857 14.0
3795 552 802 4.0
3277 19 803 7.0
3241 273 805 4.0
3345 385 806 10.0
3112 289 808 4.0
3035 2 811 8.0
3036 2 811 4.0
3037 2 811 9.0
3079 32 812 15.0
3155 258 814 5.0
3223 181 815 6.0
3790 546 819 5.0
3092 275 820 11.0
3093 275 820 4.0
3094 275 820 4.0
3042 26 821 8.0
3482 605 822 5.0
3483 605 822 4.0
3405 89 823 5.0
3109 288 825 4.0
3110 288 825 5.0
3111 288 825 4.0
3201 393 826 24.0
3069 99 827 4.0
3030 31 828 4.0
3840 328 831 10.0
3973 830 833 5.0
3075 246 834 4.0
3076 246 834 5.0
3691 699 836 7.0
3680 306 837 4.0
3259 426 840 5.0
3444 158 843 6.0
3521 598 844 4.0
3959 525 845 4.0
3431 542 846 4.0
3240 414 847 4.0
3449 23 848 4.0
3233 110 849 9.0
3927 494 850 5.0
3393 477 853 5.0
3689 709 856 4.0
3978 526 858 5.0
3815 664 861 6.0
3362 528 862 8.0
3278 77 863 4.0
3415 157 865 9.0
3338 222 869 5.0
3502 233 874 4.0
3074 160 875 5.0
3674 339 876 5.0
3189 62 878 17.0
3190 62 878 9.0
3191 62 878 5.0
3192 62 878 4.0
3489 356 879 4.0
3520 482 881 5.0
