Q_ID Answer_ID Score .....
1 13 264 29185 49 181951 6
2 4 19 10 6
9 19 18 21 4 22 88 33 7
27 46 41 76983 5
39 49 4 55 4 61 13
87 1470 4 10293 4
112 117 5 1640 7 11305 5
181 1272 4 2671 7
186 198 6 239 8
216 217 77 233 7 3435 9 4437 18 5641 105 7496 57 13256 9 51175 4 74705 6
224 230 8 238 4 3545 23
236 249 107 250 22 255 44 258 22 262 15 327 15 129384 7
245 1085 4 1701 5
253 259 8 17383 4
285 286 14 3272 6 3871 10 10988 11
338 342 11 344 22 11153 12 50738 26
341 404 14 412 12 39887 10
390 414 22 2176 5 9528 17 20303 11
422 1160 4 1234 4
591 3755 14 9321 24 66790 4
989 990 8 3600 11
1051 2606 5 9256 5
1054 1074 5 46341 11
1058 1059 7 1108 4 1739 8
1114 1117 15 1193 6
1120 7471 6 9415 9
1156 1158 12 21427 15 21608 5
1235 1236 5 1241 7 1243 6
1263 1279 8 1312 7
1291 1294 6 1295 4
1315 1324 12 1459 17 10904 5 57144 5
1333 1397 10 1403 9 12579 8
1340 1346 5 1347 4 1350 8
1431 1433 11 5391 10 28157 6
1468 1469 38 2876 4 37021 16 37022 5
1540 1541 7 1548 8
1592 1608 6 13292 4
1600 1602 10 1604 13
1620 1621 5 2940 18
1624 1627 13 1652 10 2994 5 3482 7 3483 5
1641 1643 5 140486 9
1699 1700 7 1722 24 1770 8
1705 22751 12 31807 10 59060 5
1714 1716 6 1725 5
1727 1728 6 1729 9 28085 8
1749 1754 7 1769 5
1759 1762 6 1764 16 1765 21 1772 8 1773 117 4958 7 14166 10 14170 4 14232 5 14743 50 14785 15 16348 5 18918 11 27748 10 30745 6 35783 5 146403 5
1784 1785 12 1786 13 10713 6 60884 5
1793 1811 7 1815 7
1795 1797 4 1798 5
1805 1858 18 1943 6 1944 4
1819 1822 17 1824 7
1841 1842 6 2421 6
1909 1910 6 1912 8
1949 1955 27 48422 10
1964 1965 15 1966 20 1988 7 2378 7
1975 2115 7 56837 7
2007 2008 12 2021 7 4314 5
2012 2014 15 2201 39 5046 10
2016 2017 13 130407 7
2018 2030 8 2035 8
2028 2029 5 2121 4
2032 2033 10 5426 6
2042 2056 11 124073 6
2065 2075 102 2076 12 3834 4 6820 8 33831 6
2108 2114 9 8271 4
2145 2162 4 7666 6
2172 2181 8 2212 14 3663 8 3689 4 11535 22
2208 2215 4 2217 14
2280 2281 17 2301 17
2305 2315 27 2319 5 2334 6
2310 2333 8 2340 5
2379 2380 4 2420 9
2432 2433 26 7268 7 8793 38 9223 4
2437 2440 5 2441 8 2444 30 8719 5
2453 2458 14 7153 20
2466 2467 24 2491 18 2529 18
2492 2134 11 2495 6 2503 15
2498 2502 7 2523 4
2538 2539 13 2541 4
2569 2570 8 2576 4
2581 2582 21 3546 23
2603 2604 26 2632 11
2650 2651 11 2652 9 2656 8
2722 2725 5 2727 4
2743 2746 24 5780 4 5804 5
2843 2848 8 3011 4
2845 2849 4 2886 6
2868 2875 15 2934 5
2906 2908 6 2909 8
2948 2965 4 3559 5
2951 2953 4 13064 8
2969 2970 11 3628 7
2974 2976 9 3325 41
2984 2988 121 43150 9 130468 13
2997 3000 36 34393 6
3002 3008 28 28155 6 28231 116
3129 3264 13 15993 4
3238 3239 4 3242 8
3246 3267 6 3365 14 3556 6
3273 3275 9 3285 6
3294 3637 5 11148 19 11648 16 11896 9 14591 4 17951 4 77124 13
3308 3309 14 3417 4
3333 3336 10 3341 4
3366 3371 8 3372 15
3396 3397 8 3404 12 3408 12
3493 3500 8 11576 4
3521 3523 40 4555 6 12669 8 32793 4
3533 3534 5 3535 8
3537 3538 17 3539 15 12858 9 28144 8 29306 4 64564 5 64583 5 145369 4
3579 3580 11 3586 10
3715 3720 29 3740 5 109741 7
3742 3744 4 4822 5
3774 3776 17 12671 4
3786 3794 4 3796 5
3830 3833 4 3848 7
3883 3884 9 3885 5 3887 11
3978 3980 5 4978 7
3983 3993 34 7454 19
3998 4002 6 4111 8
4044 4047 5 4056 16
4117 4119 7 4147 5
4206 4207 15 4964 12
4228 4232 10 4233 6
4236 4238 4 4244 9
4262 4264 10 4265 5 4298 5
4285 4292 5 4293 5
4351 4360 4 4371 5
4497 10982 5 46495 4
4570 4572 4 4584 4
4623 4624 10 4625 22
4676 4677 6 4684 4
4738 4744 4 4750 6 4767 5 4768 12 24799 4
4739 4741 20 4874 5
4814 4815 5 4817 5 4819 5
4829 4836 6 4845 6
4878 4879 10 5761 9
4929 4931 11 4967 7 4976 4
4943 4950 4 4957 9
4947 4948 10 15827 4
4955 4960 5 14182 21
4972 4973 6 4974 17 4977 12
4996 5002 12 5010 4
5001 5027 4 5065 8 16731 5
5006 5049 5 5580 11
5043 5051 18 5052 43 5162 17
5044 5050 5 7669 8
5084 5086 10 5087 7
5153 5156 6 5157 4
5232 5234 11 55653 6 119072 26 147842 4
5262 5267 8 5270 61
5273 5274 9 5278 4 5291 5
5295 5297 7 5302 6 35241 5
5341 5342 5 5343 5
5381 5383 7 5385 8 7742 6
5389 5392 9 5393 12 6517 17
5457 5458 7 5459 7
5566 5567 30 5569 13 5575 11
5628 5629 6 5630 5
5673 5676 5 5726 4
5768 5769 11 5774 9
5830 5831 5 5860 5
5884 5888 40 65459 15
5956 6077 4 17560 4
6034 6035 15 6036 11 10064 4
6042 6044 13 6045 9
6046 6049 4 6052 4
6063 6065 5 6070 4
6118 6119 6 6121 12
6199 6202 16 6210 4 6215 39
6203 6204 4 6209 5
6233 6234 14 6259 7
6268 6269 23 6270 10 6303 11 7440 5
6324 6326 4 6328 5 9561 7
6331 6336 10 6354 4
6372 6373 5 6374 20 11704 13
6435 6437 6 6438 18
6447 6449 6 6455 4 6486 4
6458 6461 8 6470 13 37583 5
6503 6504 8 6505 5
6529 6530 12 6539 6 6545 8
6541 6543 5 6547 4
6558 6559 9 6560 42 69194 4
6567 6610 4 12286 5
6677 6678 5 6679 4
6693 15355 8 18821 8 31894 4 32816 15
6851 6855 4 6856 55 11762 15 12307 19
6900 9907 4 10648 10 28469 20 148724 4
6925 6926 39 53946 7
6961 6963 5 6970 6
7034 13418 6 13509 7
7079 7084 21 19110 5
7133 7223 10 15048 4
7135 7138 8 7139 7
7194 7196 6 7201 7
7203 7204 8 7211 20
7258 7259 15 7292 6 7486 4
7491 7492 6 7493 5
7586 7587 6 7590 5
7600 7601 4 7607 4
7602 7604 25 12022 10
7644 7645 5 7965 4 8035 10
7675 7676 7 7677 9
7686 7687 8 154328 16
7725 7726 10 7727 5 7728 4
7731 7732 21 7733 22 56045 4
7774 8954 6 9722 7 41617 8
7856 7857 4 7862 7
7898 7899 7 7913 4
7916 7917 4 7919 8
7982 8002 7 18426 5
7997 7998 9 8000 11 8008 18
8179 8180 5 9177 5
8222 8224 5 8225 4
8235 8239 5 8245 5
8280 8287 7 60254 8
8301 8305 10 13280 5
8312 8313 20 16380 4
8354 8355 5 8356 6
8436 19439 67 33356 6
8452 8453 5 8458 5 8465 32 122757 26
8462 8463 4 8467 6
8570 8816 4 137528 7
8573 8577 8 8578 10 13046 4
8692 8698 5 9684 6
8694 8697 7 8701 4
8709 8710 15 8713 4
8759 8761 27 141323 4
8851 8859 7 10213 4 11320 4 11482 4
8924 8925 4 8926 9
8962 8970 5 38728 4
8979 8989 6 9004 20 16024 6
9085 9086 7 9087 5
9108 9136 5 30103 4
9163 9166 5 9190 13 10084 5
9267 9272 5 9277 5
9312 9328 71 166684 4
9363 9373 4 9408 6
9394 9395 7 9413 5
9422 9423 4 9424 9
9449 9451 12 33098 5
9464 9468 15 9501 5
9497 9500 6 14491 4
9545 9552 18 9554 26 13894 5
9550 9551 18 9843 5 11169 8 12654 4 12656 6
9622 9623 5 15933 4
9624 9625 8 9631 4
9727 9745 11 9792 21 23075 8 41469 5 42009 22
9767 3301 17 3303 31 3304 13 9770 7 9787 25 21799 5
9815 9831 12 125076 4
9861 9878 4 9889 7
9905 9906 40 28070 5
9977 9978 4 9979 9 9980 9 9990 4
10022 10034 4 10046 4
10093 10099 6 10104 4
10124 10126 5 10132 11
10145 10146 7 10148 29 130281 8 181926 8
10179 10183 4 10184 4
10223 10228 5 10231 4
10245 10246 6 14821 6
10341 10383 9 10402 4
10365 10367 9 10376 15
10443 10449 6 10834 4
10470 10477 4 15649 7
10707 10708 6 36745 16
10790 10791 13 10796 4
10930 10936 6 10947 17 10951 7
10996 16237 7 33971 5
11352 11362 11 11379 4
11389 11392 6 11397 4
11400 11401 46 11404 20
11761 11764 6 11779 4
12207 12209 5 18343 10 26979 4
12259 12271 4 12272 7
12320 12321 26 12328 12
12330 12346 10 12348 7 12414 9 13995 10 14577 9 15954 5 17761 34 28139 33 37954 5 56383 5 130478 8
12492 12526 11 22591 4
12503 12504 6 21393 6
12608 12609 26 12611 14 12612 6 12751 5 13564 11 52702 10
12616 12617 11 43539 6
12639 28158 8 31814 4 43848 4 52143 13
12741 12759 4 12784 5
12765 12767 8 12768 12
12802 12816 11 12821 4
12924 12925 7 12927 13
12962 12966 11 16163 7 16194 14 45966 5
13003 13006 10 13009 6
13183 13215 5 130467 16
13202 13209 8 13212 5
13335 13336 25 13338 4 13339 7 13349 29
13448 14554 14 78530 4
13521 13522 7 13523 4 13526 8
13533 13546 7 29153 6
13662 14646 4 14650 6
13839 13853 6 13863 12 13864 8
14046 14047 9 126265 5
14105 14106 6 14109 13
14219 14220 10 14221 9
14231 14265 16 28738 10 44276 4
14371 14381 5 14383 13 14419 6
14430 14431 61 15186 12 27892 57
14530 14531 5 14532 19 31910 5 38448 7
14552 14596 10 138981 6
14676 14686 14 14728 8
14695 14700 13 14704 24
14766 14767 94 32085 9
14884 14979 11 22228 10
14910 14911 16 14914 13 14921 18 25986 9 108436 6 157255 4
14929 14930 4 14931 10
14942 14943 5 14945 4
14949 14951 6 14953 9
15049 15051 36 141340 4
15126 15129 7 15130 10
15383 15385 16 15393 6
15552 16160 5 16182 8
15666 15758 8 16927 8
15701 15702 26 15703 12 15704 4 15749 4
15801 15802 5 15803 4
15812 17120 5 19318 4
15877 15898 7 21912 6 25583 6
15945 15950 5 15960 4
16022 16027 18 32919 5
16250 16251 30 44200 4
16847 16851 4 16852 5
16915 16916 43 54758 10 56312 9 155895 8
17152 17153 127 66812 9 171497 5
17185 17197 4 17202 11
17210 17211 13 17212 8
17224 17225 26 23714 8
17319 17329 15 17440 4
17320 20324 9 21713 5 26993 5 87717 4
17338 17345 11 17592 5 18105 6
17529 17604 13 17674 6
17584 17585 11 18104 5
17745 17746 6 17767 4
17760 17762 9 17772 8 17780 14
17801 17805 5 17817 8
17871 17872 4 17874 20 32077 22
18111 18115 11 18117 18 18128 12 18137 21 18159 4 18255 5 24311 25
18153 18173 13 36225 5
18232 18238 27 18323 4 28198 8
18242 18246 5 18247 4
18269 18270 4 18272 5
18392 18399 4 18409 5 18512 5
18450 18452 11 34731 16 167978 7
18469 18470 17 18472 19
18529 18532 9 112693 7
18601 18602 32 18845 11
18644 18646 33 32859 5
18948 18949 8 19059 4
19000 19001 16 19002 11 25786 5
19146 19148 4 19149 6
19274 19275 11 19291 6
19286 19290 13 23879 12 29705 4
19339 19505 4 28977 4 35055 4
19368 19441 4 19480 10
19558 19559 4 27191 12 160487 4
19566 19567 30 22064 5 23932 22 23984 13 26556 7
19673 19675 7 38690 4
19674 19678 5 19683 10
19710 19714 21 105881 14 176590 4
19821 19825 6 19829 14 20074 4
19935 19937 16 20793 29 106755 7
19987 19995 68 20465 21 20654 10 20663 78
20066 20068 12 20978 5
20135 20140 8 20141 5
20264 20290 5 38492 5 110394 9
20369 20391 6 27810 5 58529 31
20457 20458 4 30278 9
20487 20488 7 20540 8
20504 20505 14 28036 8
20599 20638 5 28245 7
20619 20838 6 27792 5 28164 13 37924 23 69964 14 82820 5
20670 20682 4 20693 7
20713 20714 11 35214 4
20732 20794 16 32592 11
20733 20760 4 20764 5
20857 20860 6 61303 6
20927 25194 7 25195 8 25196 11
21019 21020 10 21021 17
21112 21113 5 38277 15
21144 21146 6 21158 9
21149 21150 12 21160 4
21296 21297 13 21299 9
21320 21373 10 67689 6
21449 21451 13 27913 6
21513 26615 6 26699 4
21534 21544 5 38152 7
21566 21567 19 21568 5
21750 21801 4 21814 5
21803 21804 5 21805 12
21937 21944 4 29912 9
21971 21973 4 21977 4
22148 22149 21 23941 6
22189 22224 10 24434 6
22282 22283 4 22299 4
22372 22375 6 22386 10
22718 22720 18 67279 4
22848 23233 14 23281 10 28010 11
22884 22885 16 22927 9
22997 23000 4 23016 22 81017 4
23209 23211 4 23212 17
23357 23358 14 23608 50 81075 7
23572 23587 10 23654 13
23582 23584 10 23585 6
23622 23625 5 23626 11 23633 6
23640 23645 4 23656 5 24844 6
23838 23839 9 23850 6
23938 23940 7 23942 9
24119 24120 10 125459 8
24231 24248 4 24251 9
24249 24250 16 24254 8 24255 5 24276 4
24331 38326 4 51441 17 52256 4 52263 5
24341 24544 4 32602 4
24378 24413 13 33168 7
24436 24438 18 24442 10 186473 6
24522 24532 6 33514 5
24525 24529 10 24538 17
24563 24565 6 24579 6
24617 24618 7 36401 5
24705 24707 5 26004 5
24756 24757 12 24759 5
24802 24804 6 32729 5
24922 24925 4 24927 7 25252 44
24979 24984 4 25013 4 25336 5 41795 6
25096 25367 4 32773 4
25178 25179 8 25192 8
25183 25287 13 63190 4
25201 25205 7 25214 4 25219 6
25263 25264 4 25282 8 120158 12
25470 25472 5 103226 8
25623 25625 20 66829 26
25843 25845 7 25894 8
25902 25903 8 25941 5
25999 26013 10 45174 7
26105 26108 7 28090 4
26157 26158 5 28237 10
26393 26397 4 26398 6 26417 6
26456 26457 4 26458 6
26535 26546 10 29104 9
26809 26811 22 48969 12
26885 26889 9 26890 5 26907 8 117183 7 131131 5
27071 27955 13 32936 10
27127 27130 20 46202 11
27156 37056 11 46712 4
27166 27168 10 133122 6
27232 27233 27 27238 14
27277 27280 13 27348 10
27395 27397 4 27402 24 27421 5 27449 12
27484 27488 11 27492 14 36768 5
27581 27582 5 27584 8
27690 27693 8 27699 4
27746 27747 7 27750 8
27808 27809 44 48141 6
27815 27819 4 27820 11 27827 8
28080 28081 10 28082 4 28083 26 28115 5 28465 4
28087 28097 6 70021 14
28100 28102 4 28261 8
28221 28223 8 28224 5
28225 29546 4 33405 4
28296 28315 243 28601 24 37687 32 37738 18 55292 11 57603 8 159860 7 182183 7
28325 28351 4 28377 5
28529 28533 10 28577 6
28567 28569 7 60956 11
28686 28749 25 28899 7
28801 28802 7 28803 7 28814 7
28851 28854 4 28858 10 28912 5
28884 28886 8 28958 4
28891 28900 6 28910 7
28893 28895 17 28906 14
28927 28928 15 28929 8
29073 29077 27 29078 71 29100 7 44743 6
29192 29195 12 29198 36
29255 29257 12 73435 12
29291 29579 4 29851 6
29359 29441 18 29883 6 60275 4
29416 29419 8 45250 5
29460 29474 5 31942 5
29547 34809 12 52770 6
29598 29606 5 29613 5
29601 29603 12 29649 9
29741 29744 9 29745 17
29952 52121 7 52136 4
29962 29964 5 29965 6
30098 30102 12 30106 9
30136 30147 6 30149 6
30157 30158 25 55417 7 160931 8
30204 30205 54 139993 16
30207 30225 6 74660 4
30329 30341 4 54120 4 124181 5
30346 30348 7 30365 5
30355 30371 9 30585 5
30551 30552 8 30555 5
30728 30733 11 30748 6
32211 32212 10 32218 5
32285 32289 27 49802 13
32366 35700 5 75932 11
32697 32700 29 127947 36
32892 32905 4 32909 6
33142 33144 4 33153 12
33276 33279 5 54884 5
33324 33325 12 33333 5
33702 33733 6 34466 5
33704 33707 8 33720 12
33916 34062 8 147872 33
34154 34155 4 34166 7
34186 34188 6 34189 4
34230 34238 6 34240 4
34301 34303 14 34306 14
34358 34363 4 34366 12
34613 34685 16 46955 7
34625 46523 6 203636 5
34687 34688 6 34715 5
34757 34758 10 34760 4
34782 34788 10 34806 4
34969 34970 6 34972 37
35093 35094 7 42391 6
35313 35371 6 39478 6
35343 35344 6 35345 16
35411 35414 6 35415 5
35580 35581 4 35911 10 42932 4 86630 6 103167 4
35657 35665 4 35666 9
35658 35667 9 35671 8
35716 36354 5 142608 5
35758 35759 5 35761 8 35766 28
35847 35848 63 42218 8
35852 44150 7 65611 4
36220 36221 5 36222 5
36311 36314 4 36350 6
36329 36331 6 36336 4
37307 37309 4 37312 4 37368 5
37499 67311 5 74621 4
37877 37879 16 37880 7
37970 37971 19 37993 5 83975 4 126179 9
38129 38133 23 46159 5 51031 9
38297 38298 13 197576 5
38363 38364 5 38479 5
38760 38765 6 38911 5
39138 39140 5 39141 15
39230 39232 5 62651 4
39499 39504 4 39506 5
39649 39650 10 47434 10
39851 40886 10 41090 7
40062 40063 5 40066 7
40147 114033 10 157809 12 201509 4
40357 42584 9 42598 4 43741 11
40419 41223 22 134039 6
40459 40464 4 123067 8
40719 47117 16 179704 5 188796 4
40934 40946 21 45955 8 60733 5
40990 40992 6 51045 25
41463 41488 11 66730 7
41859 41894 10 68246 5
42079 42082 4 42583 6 140476 4
42129 42133 4 42517 11
42245 42629 7 49425 42 87808 6
42347 43994 13 44006 97 55800 66 60589 11
42474 42475 29 102424 6 120073 5
42642 42703 7 44528 5
42706 80968 5 137551 5
42749 42798 9 141656 5
42958 42959 11 42968 4
42983 43402 13 45457 6 49117 32
43361 43369 9 43390 39
43410 43414 13 162027 4
43436 43450 7 88056 4
43444 43448 18 155682 10
43462 43464 8 43477 6
43517 43518 5 43522 33 152366 4
43865 43867 7 43879 4
43892 43893 11 43896 6
43970 43974 18 49901 8
44037 44038 12 44039 13 44180 9 89795 13
44293 44295 18 51458 8
44443 44593 4 81166 19
44592 44595 20 44597 7
44677 44733 44 53518 5 59552 5
45070 45073 5 45074 11
45093 45102 17 189144 4
45601 45604 6 202285 5
45779 45797 5 46174 6
46142 46144 9 57356 26 87392 28 106468 6
46214 46215 41 46250 25
46315 46321 73 59687 35 108385 5 108684 17
46979 46988 14 52670 6 196941 4
47157 57549 9 103956 5
47448 47460 6 47479 8
47819 48408 30 55849 5
47886 47887 43 104022 4 182426 15
47924 47925 9 47951 93
48085 50298 4 52069 5
48837 49069 4 95461 7
48901 48902 7 48962 11
48935 48943 4 55590 5
49053 49070 9 86151 5
50221 50222 6 154380 7
50223 50483 6 52669 4
51065 51066 35 51778 10
51583 51584 16 104830 5
51689 51691 11 51702 24
51739 51740 10 51741 41
52184 52186 8 52187 4
52339 52351 9 52876 4
52596 57372 7 58287 4
52833 52837 6 194550 5
53064 53066 7 53067 7
53225 54541 8 54822 8
53601 53605 4 53607 6
54025 54029 15 54034 9 54035 7 67482 5
54149 54162 5 54164 4
54771 54772 7 54854 4
54806 56674 9 65242 4
55666 55669 5 55670 34 55671 12 55715 6
56620 56621 67 162256 7
56635 104153 13 177760 36 193858 25 199496 5
57913 57915 6 57995 13
58168 58922 16 60020 5 67513 17
58405 58408 18 58409 5
58594 58646 6 60041 14
59403 59406 4 59407 5
60826 60827 9 60829 13
60894 60895 32 85438 15
60897 66949 13 110918 10
60906 60924 14 60930 5
61115 61125 10 61214 9
61541 61544 4 137503 7
61641 61651 4 69822 4
61818 61819 5 66937 5
61957 61959 9 86042 7
61967 61992 7 116773 6
62210 62225 4 83586 6
62387 62393 45 83687 8
63170 63173 5 63174 7
63630 58833 11 63636 5 63654 5
63748 63751 4 63898 12
63758 63761 8 63958 6
64353 64364 20 133801 6
64692 64695 19 64714 11
64799 64805 4 64864 5
65557 65558 17 65578 4 65580 10 65587 18
65922 65926 17 65929 7 119669 21
66192 66194 4 66298 4
66250 66252 14 66253 4
67157 67162 15 67287 7
67237 67238 6 67239 9
68447 68450 6 68466 5
69009 69010 5 69011 5
69045 69047 4 69053 11
69076 69081 7 69226 6
69108 82271 55 94049 78 186696 5
69391 69397 5 125172 4
70225 70228 11 135851 9
73005 73012 4 73022 23 140442 6 140446 5
73168 73176 9 119324 29 143914 6
74618 74813 20 97229 4 97377 9
75360 75383 4 75436 17
75510 75514 5 75555 20 128055 6
77309 77311 22 77321 14
77423 77424 4 77426 6
79112 81339 21 91431 10 144816 4
81692 105508 6 109469 4
81769 81774 11 81775 5
82313 82314 5 82322 7
82339 92165 6 96297 9
85290 85301 12 86746 4
86920 86938 5 92208 5
87167 87196 9 87218 11
87410 87726 5 167306 4
87897 87900 15 88289 4
88088 88222 4 96486 8 110876 6
88120 88841 6 129296 4
88263 88278 4 91750 9
88306 88443 11 88995 47
88431 88440 16 88441 6
88633 88642 5 89185 8
88909 98998 5 158273 4
88923 88953 6 89065 10
89020 89021 11 89029 5
89622 90264 9 91661 11 149538 4
89737 89738 5 89774 4
90141 115664 7 188229 7
90152 90160 5 118872 4
90250 90375 5 91462 26
91656 91657 5 91662 14 91667 6
91888 91889 41 93055 5 110307 4
92480 92506 8 92524 4
92565 93678 4 102551 6
93609 93615 4 93616 4
93846 93868 6 93972 12
95192 96938 5 114173 5
95678 95679 30 95699 4
95753 95766 5 95830 10
95975 95980 4 114798 7
96253 96259 11 125133 8
96546 96561 10 170138 4
97304 115603 5 129032 13
97893 99062 27 104200 8
100657 100659 33 114041 13
100726 100728 11 102250 5
100991 101260 7 106805 25
101498 106278 4 115563 4
103328 104263 6 104322 4
104585 104587 4 104588 7
104842 104844 9 104850 9
105503 105504 20 204721 5
105902 112461 6 113079 5 147932 4
106028 106037 10 106038 6 106313 4
107107 107111 17 107127 9
107196 107201 4 107231 7
108926 108927 6 108975 5
109833 110497 6 110772 5
110041 147891 10 147915 4
111307 111313 20 115198 71
111525 111529 4 111536 4
111836 111841 17 111843 7
112040 112054 9 112111 5
113387 113402 4 130321 5
115020 115038 5 128260 7
115786 115790 13 119610 7 138480 4
116473 116493 9 116572 4 116675 20
117588 117593 6 117598 4
118741 118743 41 118754 6 118786 17
120394 120441 12 120453 4
121069 121070 8 195916 4
123129 123133 9 129811 32
123695 123697 21 123716 4 123772 9
123765 123829 4 123844 11
124344 124604 7 125422 4
125121 125155 6 133246 10
125140 125143 10 125679 7 125805 16
125250 125311 5 125319 5
125719 125721 8 140841 4
126019 126344 5 126367 6
126117 126118 13 137784 5
129074 129075 16 137699 4
129174 129177 9 169608 14
129886 129946 7 135365 6 140625 4
130922 130923 6 153930 4
131545 131548 11 131560 6
131851 131853 7 131858 4
131931 132014 5 132079 4
132368 132375 5 132576 5
132708 132709 7 132712 6
134561 134614 7 143789 5
134927 134935 5 134936 4
137895 137898 17 187579 7
137963 137964 9 172669 7
138311 138313 25 138314 27 138315 6 138373 4
139347 139348 4 139356 4
139498 139504 6 139511 8
140244 140246 5 140248 7
141382 141387 7 141402 6
141885 141887 8 141895 8 141924 4
143330 143373 66 143579 5 144430 12 144447 15 145358 14
143490 143491 4 143498 5
143685 143686 9 143691 24
144951 145395 5 147897 4
145273 145277 5 145281 18
146291 146300 11 146305 10
149942 150212 8 151565 5
152087 152090 10 152174 14
154077 154094 9 192178 4
155659 155663 7 155665 10
160091 160095 6 175996 18 193406 4
165399 165509 8 165510 13
165605 165606 7 165663 4
168085 168092 4 168107 5
168263 168281 37 182952 65
171202 171203 5 184831 10
172292 172293 4 172298 8
174463 174464 11 174466 4
176092 176097 5 176101 9
176501 176503 63 176528 15 176532 9 176549 5
176756 176757 8 176758 12
181711 181716 28 181763 5
181869 181870 23 181875 9
185116 186052 10 187702 5 199181 5 205536 6
186334 186348 15 202022 22
187373 187417 5 187433 4
189335 189336 9 189435 5
189450 189460 4 189727 5
191513 191669 5 197205 5
197232 197233 6 197304 8
201491 201493 4 201494 7
202491 202492 4 202494 7
204724 204725 9 204730 5
205430 205434 40 205494 16
206625 206629 5 206667 12
213167 213168 5 213344 16
214816 214817 34 214838 51
216085 216086 4 216092 4
216714 215550 35 216715 20 216719 5
217955 217961 6 217962 14 217963 60 217970 8 218046 4
218273 218275 41 218276 14
6981 6982 41 8489 9 25533 4
68611 68614 9 68618 10
7444 7445 6 7446 8
102821 119632 43 166934 10
52179 52183 9 55121 5
33994 34000 6 34011 7 34015 4
1967 1968 12 1989 5
17778 17791 10 17807 4
58203 58204 5 79196 4
6050 6056 5 21200 7
4003 4004 18 4005 12
4662 4663 4 4683 4
9541 9576 4 20228 10
27689 27703 7 27704 5
1358 1427 4 1473 4 4905 5
1373 1383 6 1388 6
2784 2788 8 3280 8
89 98 29 122 8 2157 4 12257 9
429 432 12 2410 15
5957 5958 6 5963 4
1970 1973 17 1974 11 1987 6 1998 5 2010 5
3624 3625 4 3861 6
26733 26736 4 26739 6
26001 26002 9 26003 17
12836 12843 4 12854 4
56838 56839 28 149718 5
1106 1107 13 1118 11 12827 4 13838 4
164 165 81 166 46 264 4 6010 31 6576 8
19112 19123 5 75061 4
13375 13376 7 13409 5 21496 4
4113 4114 6 4115 6
1351 1362 4 1368 16 1407 5 17614 4
3134 3421 7 9934 8 97214 24
345 365 12 1576 4
36 48 8 51 4
34454 34455 12 34646 7
7099 7100 29 7106 4
72855 72856 13 72858 10
10094 10096 4 10101 8
132753 132763 5 132849 13
421 428 4 3845 5 9242 12
3718 3741 17 19664 7
39548 39549 44 43350 7
37834 37835 6 58288 4
35499 35503 15 35533 15
16315 16317 22 16347 4 16527 5
5103 5104 5 5107 8
9470 9472 14 9473 6 9481 22
25480 25482 7 25485 23
16698 16699 8 16740 6 16863 5
21307 21318 7 21355 4
125339 125398 9 133619 4
14958 14960 8 14982 4
4546 4547 17 4552 8 4556 19 23017 4
17128 17130 20 17372 4 37651 4
4187 4188 36 4225 9
110939 110940 22 110942 5
27766 27777 11 27795 6 27833 4
194 196 4 226 4
12538 12539 22 62302 5
12961 12964 6 12978 12
21460 21461 5 21477 17
38790 38799 4 38815 4
18892 18896 6 18897 7 18907 14
136711 152172 6 168294 5
26209 26235 5 26506 11
172837 174607 6 174728 14
62982 62989 16 84656 6
9963 9966 8 34364 4
6088 6089 6 6090 4 6181 4
28451 28454 17 28455 11
14249 14250 15 14261 4 14264 9
10011 10024 4 10027 4
50491 50498 5 50608 14
2575 2577 5 2580 6
9229 9231 11 10224 5
9289 9290 4 9293 10
21645 21646 7 22677 7
67121 67123 22 67129 16
34524 34526 12 38247 4
20151 20152 6 34709 4
418 425 14 2050 5
36291 36294 48 36853 5 148288 8
1436 1505 6 21647 4
2918 2921 27 3542 17 8902 9 18198 5 18863 4
19526 19535 12 32228 4
1745 1746 4 1747 8
21171 21173 4 21178 5
