teamID expertID expertID ...
0 3018 3019 3020
1 3018 3031 3096
2 3018 3035 3036 3037
3 3018 3038 3034
4 3018 3038 3039
5 3018 3040
6 3018 3044
7 3018 3046
8 3018 3054
9 3018 3072 3292 3293
10 3018 3085
11 3018 3088 3271
12 3018 3101
13 3018 3113
14 3018 3117 3118 3119
15 3018 3120
16 3018 3126 3127
17 3018 3142 3041 3592
18 3018 3156 3178
19 3018 3277
20 3018 3299
21 3018 3302
22 3018 3303 3339
23 3018 3449 3054
24 3018 3480
25 3018 3665
26 3021 3018 3040 3041 3042
27 3021 3022
28 3023 3024 3025 3026
29 3023 3038 3048 3049 3050 3051 3052 3053 3054
30 3027 3028
31 3029 3030
32 3029 3079
33 3029 3087
34 3031 3029 3032
35 3031 3041
36 3032 3089
37 3033 3034
38 3034 3018
39 3034 3038 3018
40 3034 3041
41 3034 3041 3410
42 3034 3047
43 3034 3088 3131
44 3034 3095
45 3034 3125
46 3034 3142
47 3034 3162
48 3034 3164 3165 3166 3167
49 3034 3165 3276
50 3034 3179 3034
51 3034 3183
52 3034 3202 3041 3357 3308 3358
53 3034 3270
54 3034 3372
55 3034 3420
56 3034 3423
57 3034 3647
58 3034 3763
59 3038 3046
60 3038 3055 3056
61 3038 3063 3064 3065
62 3038 3189 3190 3191 3192
63 3041 3046
64 3041 3046 3257
65 3041 3054
66 3041 3072
67 3041 3122
68 3041 3129
69 3041 3165 3054
70 3041 3172
71 3041 3186
72 3041 3188
73 3041 3203
74 3041 3224 3225
75 3041 3229
76 3041 3258
77 3041 3270 3278
78 3041 3314
79 3041 3359
80 3041 3371
81 3041 3881
82 3043 3044
83 3044 3051 3054
84 3044 3146
85 3044 3147 3148
86 3044 3210
87 3044 3213 3214 3215
88 3044 3379
89 3044 3405 3406
90 3044 3516
91 3044 3755
92 3044 3834
93 3045 3046
94 3045 3046 3034
95 3045 3047
96 3046 3041
97 3046 3046
98 3046 3056
99 3046 3069
100 3046 3077
101 3046 3101
102 3046 3105 3034 3046 3171
103 3046 3114 3054
104 3046 3133 3131 3038 3018 3134 3135 3136 3137 3138 3139 3140 3141 3142 3143 3144 3145
105 3046 3149
106 3046 3161
107 3046 3163
108 3046 3182
109 3046 3197 3054
110 3046 3233
111 3046 3234
112 3046 3268 3269
113 3046 3289
114 3046 3306 3307
115 3046 3311
116 3047 3048
117 3048 3194
118 3049 3041 3416
119 3051 3072
120 3051 3372 3044
121 3054 3034
122 3054 3041
123 3054 3118 3320
124 3054 3119
125 3054 3145
126 3054 3320
127 3054 3320 3982 3983
128 3054 3359
129 3054 3387
130 3054 3389
131 3054 3414
132 3054 3414 3711
133 3054 3484
134 3054 3588
135 3054 3590
136 3054 3596 3406
137 3054 3607
138 3054 3637
139 3054 3642
140 3054 3643
141 3054 3645
142 3054 3669
143 3054 3688
144 3054 3715 3716
145 3054 3723
146 3054 3728
147 3054 3776
148 3054 3778
149 3054 3796
150 3054 3813
151 3054 3818
152 3054 3849
153 3054 3856
154 3054 3882
155 3054 3979
156 3054 3997
157 3056 3098 3415
158 3056 3444 3304
159 3057 3040 3046 3018 3058 3026 3020
160 3057 3074
161 3059 3060 3061 3062
162 3063 3044
163 3066 3067 3068
164 3070 3071 3072 3073
165 3072 3018
166 3072 3034
167 3072 3041
168 3072 3041 3044
169 3072 3041 3105 3243 3244
170 3072 3046
171 3072 3047 3256
172 3072 3049
173 3072 3073
174 3072 3105
175 3072 3146
176 3072 3146 3118
177 3072 3146 3417 3418
178 3072 3165
179 3072 3173
180 3072 3200
181 3072 3223
182 3072 3226
183 3072 3227
184 3072 3245
185 3072 3254 3250
186 3072 3264 3041
187 3072 3270
188 3072 3279
189 3072 3280 3245 3281
190 3072 3282 3283
191 3072 3287 3288
192 3072 3303
193 3072 3307 3565 3566
194 3072 3308
195 3072 3312
196 3072 3313
197 3072 3326
198 3072 3334
199 3072 3350
200 3072 3360
201 3072 3368
202 3072 3381 3382
203 3072 3450 3451
204 3072 3481
205 3072 3486
206 3072 3923
207 3072 3951
208 3072 3984
209 3073 3018
210 3073 3041
211 3073 3044
212 3073 3044 3146 3439
213 3073 3054
214 3073 3072 3077
215 3073 3121
216 3073 3131
217 3073 3162
218 3073 3165
219 3073 3253
220 3073 3273
221 3073 3298
222 3073 3338
223 3073 3361
224 3073 3380
225 3073 3402
226 3073 3453
227 3073 3454
228 3073 3460 3290
229 3073 3475 3476
230 3073 3494 3499
231 3073 3495
232 3073 3496 3497
233 3073 3502
234 3073 3514
235 3073 3519
236 3073 3527
237 3073 3563 3564
238 3073 3577 3088
239 3073 3654
240 3073 3686
241 3073 3692
242 3073 3785
243 3073 3839
244 3073 3883
245 3073 3894
246 3075 3076 3077
247 3077 3018
248 3077 3072
249 3077 3072 3309
250 3077 3073
251 3077 3316
252 3078 3046
253 3078 3073
254 3080 3081 3082
255 3082 3861
256 3082 3945
257 3083 3084
258 3084 3133 3018 3155 3105
259 3085 3018
260 3085 3041
261 3085 3072
262 3085 3086
263 3088 3018
264 3088 3018 3121
265 3088 3029 3160
266 3088 3072 3246
267 3088 3089 3090
268 3088 3115
269 3088 3121
270 3088 3133 3018 3162
271 3088 3204
272 3088 3235
273 3088 3241
274 3091 3046 3018 3046
275 3091 3092 3093 3094
276 3096 3097 3098
277 3099 3100
278 3101 3018
279 3101 3045
280 3102 3098 3103 3104
281 3105 3044
282 3105 3044 3106
283 3105 3046
284 3105 3048
285 3105 3149
286 3105 3473 3474
287 3107 3046 3108
288 3109 3046 3110 3111
289 3112 3033 3113
290 3115 3102 3122 3123 3124
291 3115 3116
292 3116 3618
293 3118 3054
294 3118 3146
295 3118 3308
296 3118 3323
297 3118 3548
298 3118 3576
299 3118 3589
300 3119 3054
301 3119 3072 3363
302 3119 3293
303 3119 3342
304 3119 3492 3308 3493 3494
305 3119 3675
306 3119 3680
307 3120 3179
308 3120 3419
309 3121 3018
310 3122 3656
311 3128 3129 3130
312 3131 3018
313 3131 3054
314 3131 3072 3162
315 3131 3118
316 3131 3146 3054
317 3131 3270
318 3131 3308
319 3131 3401 3136 3054
320 3131 3414
321 3131 3503 3428
322 3131 3511
323 3131 3573
324 3131 3652
325 3131 3684 3685
326 3131 3687
327 3131 3823 3824
328 3131 3840
329 3132 3018 3018 3146
330 3132 3127
331 3142 3041
332 3142 3054
333 3142 3054 3729
334 3142 3146
335 3142 3413
336 3142 3414
337 3142 3530
338 3142 3619
339 3142 3674 3414
340 3142 3699
341 3145 3054
342 3145 3977
343 3145 3996
344 3145 3998
345 3145 3999
346 3145 4000 4001
347 3145 4022
348 3146 3072
349 3146 3142 3406
350 3146 3252
351 3146 3290
352 3146 3327 3328 3328
353 3146 3411
354 3146 3414
355 3146 3434
356 3146 3489
357 3146 3494
358 3146 3510 3054 3597 3598
359 3146 3595
360 3146 3732 3658 3733
361 3150 3151
362 3152 3034
363 3153 3154
364 3156 3157
365 3158 3047 3159
366 3162 3045 3018
367 3162 3303
368 3162 3308
369 3165 3041
370 3165 3046
371 3165 3054
372 3165 3088
373 3165 3406
374 3165 3432
375 3165 3510 3612
376 3165 3537
377 3168 3169
378 3169 3344
379 3170 3051
380 3173 3018
381 3173 3174 3175 3176
382 3177 3051
383 3180 3181
384 3181 3018
385 3183 3345
386 3184 3185 3041
387 3187 3048
388 3187 3196
389 3193 3072
390 3193 3270
391 3195 3054 3161
392 3198 3199
393 3200 3072 3201
394 3202 3038
395 3203 3046
396 3203 3123 3072
397 3205 3206 3207 3208 3207 3207 3209
398 3207 3046
399 3211 3212
400 3212 3034 3034 3394 3252 3146
401 3212 3054
402 3212 3142
403 3212 3557 3558
404 3212 3654
405 3212 3655
406 3216 3217 3120 3218 3219 3220 3221 3222
407 3226 3507
408 3226 3544
409 3228 3046 3044
410 3229 3072
411 3230 3041
412 3231 3232
413 3236 3041
414 3236 3041 3044 3240
415 3236 3044
416 3236 3046
417 3236 3179 3048
418 3237 3131
419 3238 3239
420 3242 3018
421 3247 3248
422 3249 3041 3250
423 3249 3253
424 3251 3252
425 3255 3034
426 3259 3041
427 3260 3261 3262 3263
428 3264 3265
429 3265 3254
430 3265 3341
431 3266 3267 3072
432 3270 3044
433 3270 3054
434 3270 3072 3124
435 3270 3096 3077
436 3270 3252
437 3270 3272
438 3270 3284
439 3270 3290 3291 3081
440 3270 3305
441 3270 3308 3054
442 3270 3308 3463
443 3270 3308 3498
444 3270 3370
445 3270 3375
446 3270 3385
447 3270 3406 3604 3054 3605 3606 3607 3020
448 3270 3477
449 3270 3490 3491
450 3270 3501
451 3270 3600
452 3274 3275
453 3280 3282 3285
454 3282 3034 3024
455 3286 3165
456 3293 3146
457 3293 3407
458 3294 3295 3296 3297
459 3300 3301
460 3303 3077
461 3303 3270
462 3303 3304
463 3304 3018
464 3304 3445
465 3304 3452
466 3308 3034 3018 3364
467 3308 3044
468 3308 3054
469 3308 3072 3408
470 3308 3081
471 3308 3146
472 3308 3161
473 3308 3165
474 3308 3325
475 3308 3333
476 3308 3383
477 3308 3393
478 3308 3463
479 3308 3466
480 3308 3472 3054
481 3308 3508
482 3308 3520
483 3308 3522
484 3308 3528
485 3308 3599
486 3308 3825
487 3308 3910
488 3310 3264
489 3315 3049
490 3317 3318
491 3319 3308 3041 3320
492 3320 3695 3696
493 3320 3911
494 3320 3927
495 3320 4011
496 3321 3322
497 3323 3054
498 3323 3324 3169
499 3325 3044
500 3326 3041
501 3326 3893
502 3326 3926
503 3329 3330
504 3331 3308 3332
505 3335 3336 3337
506 3339 3340
507 3339 3347 3348 3134 3349
508 3341 3351
509 3341 3442 3118
510 3342 3054
511 3342 3270
512 3342 3343
513 3346 3236 3072
514 3348 3034
515 3352 3353 3354 3355 3356
516 3358 3413 3650
517 3359 3138
518 3359 3326
519 3359 3359
520 3359 3852
521 3359 3855
522 3359 3860
523 3359 3869
524 3359 3915
525 3359 3959
526 3359 3978
527 3359 4002
528 3362 3363
529 3363 3119
530 3363 3308
531 3363 3633
532 3365 3175 3366 3367
533 3368 3131
534 3369 3368
535 3372 3368
536 3373 3374
537 3376 3270 3044
538 3377 3378
539 3384 3034 3292 3293 3385 3386 3051 3387 3388 3389 3054
540 3384 3286 3041 3404
541 3385 3426 3293 3427 3428 3429
542 3385 3431
543 3385 3523
544 3385 3594
545 3386 3452 3546
546 3387 3790
547 3389 3054
548 3389 3118 3054 3777
549 3389 3385
550 3389 3690
551 3389 3769
552 3389 3795
553 3389 3797
554 3389 3816
555 3389 3922
556 3390 3304
557 3391 3392
558 3395 3142
559 3396 3397 3398 3399
560 3400 3146
561 3403 3284
562 3404 3443
563 3406 3044
564 3406 3073
565 3406 3118 3485
566 3406 3515
567 3406 3532
568 3406 3559
569 3406 3594 3620
570 3406 3629
571 3406 3641
572 3406 3700
573 3409 3131
574 3412 3413 3414
575 3413 3609
576 3414 3041 3146
577 3414 3044
578 3414 3054
579 3414 3131
580 3414 3308
581 3414 3741
582 3414 3750 3751
583 3414 3766
584 3414 3791
585 3414 3814
586 3414 3817
587 3414 3838
588 3414 3890
589 3414 4016
590 3421 3422
591 3424 3425
592 3430 3072
593 3433 3308
594 3435 3436
595 3437 3438
596 3440 3441
597 3445 3446 3447 3448
598 3452 3521
599 3455 3253
600 3456 3457 3458 3459
601 3461 3462
602 3464 3056 3465 3466 3467 3468 3469
603 3470 3471
604 3478 3479
605 3482 3483
606 3484 3385
607 3486 3487 3488
608 3494 3034 3212 3549
609 3494 3041 3538
610 3494 3054
611 3494 3072
612 3494 3406
613 3494 3534
614 3500 3131 3302 3073
615 3504 3505 3506
616 3509 3510 3511 3054 3054 3512
617 3510 3579
618 3511 3054
619 3511 3118 3593
620 3511 3146
621 3511 3406
622 3511 3413 3146
623 3511 3524
624 3511 3578
625 3511 3580
626 3511 3611
627 3513 3406
628 3517 3270 3118
629 3518 3494
630 3523 3054
631 3524 3707
632 3525 3526
633 3528 3131 3212
634 3529 3046
635 3530 3363
636 3530 3752
637 3531 3118
638 3533 3044
639 3535 3494 3536
640 3538 3447
641 3538 3878
642 3539 3540
643 3541 3542 3543
644 3545 3212
645 3545 3798
646 3547 3073
647 3550 3551 3552 3552
648 3553 3554
649 3555 3556
650 3560 3308
651 3561 3562
652 3563 3621
653 3567 3568
654 3569 3570
655 3571 3572 3406
656 3574 3330
657 3575 3041
658 3575 3511
659 3575 3613
660 3581 3582 3583 3584 3585
661 3586 3587
662 3591 3510
663 3595 3770
664 3595 3815
665 3595 3992
666 3601 3602
667 3603 3378
668 3608 3142
669 3610 3081
670 3614 3146
671 3615 3413 3616 3617
672 3622 3623
673 3624 3625
674 3626 3304
675 3627 3628
676 3628 3960
677 3630 3631 3632
678 3634 3635 3636
679 3638 3034
680 3639 3494
681 3640 3320
682 3640 3342
683 3644 3054
684 3646 3647
685 3648 3649
686 3648 3653
687 3651 3054
688 3651 3342
689 3652 3414
690 3654 3054
691 3654 3118 3663 3664 3592
692 3654 3414 3704
693 3654 3545
694 3654 3772
695 3656 3657
696 3656 3747 3748 3749
697 3658 3054
698 3659 3660
699 3659 3691
700 3661 3662
701 3666 3667
702 3668 3511
703 3668 3647 3054
704 3668 3681 3682 3683
705 3670 3671
706 3672 3673
707 3676 3389 3677
708 3678 3679
709 3689 3054
710 3690 3832
711 3692 3756 3757
712 3693 3694
713 3697 3330 3698
714 3699 3320
715 3701 3702 3703
716 3705 3706
717 3708 3709 3710
718 3712 3713 3714 3034
719 3716 3961
720 3717 3718
721 3719 3720
722 3721 3722
723 3724 3725 3726
724 3727 3054
725 3727 3524
726 3730 3731
727 3730 3742
728 3734 3735
729 3736 3737 3738
730 3739 3740
731 3743 3744 3745 3746
732 3753 3754
733 3758 3054
734 3759 3760
735 3761 3762
736 3764 3765
737 3767 3768
738 3771 3054
739 3771 3145
740 3771 3146
741 3771 3773
742 3771 3916 3917
743 3774 3775
744 3779 3780
745 3781 3782
746 3783 3054 3771 3784
747 3786 3787 3788 3789
748 3792 3793 3794
749 3798 3646
750 3798 3819
751 3799 3308
752 3800 3801
753 3802 3803
754 3804 3805
755 3804 3808
756 3806 3807
757 3809 3810
758 3811 3812
759 3820 3771 3821 3822
760 3826 3308
761 3827 3828
762 3829 3414
763 3830 3831
764 3833 3530
765 3833 3845 3846
766 3834 3131
767 3835 3836 3837
768 3839 3072
769 3841 3842 3843 3844
770 3847 3848 3054
771 3850 3054 3851
772 3852 3054
773 3853 3854 3081
774 3857 3054
775 3858 3859
776 3862 3863
777 3864 3865 3866
778 3864 3873
779 3867 3868
780 3870 3871
781 3872 3359
782 3874 3875
783 3876 3877
784 3879 3054 3880
785 3884 3885
786 3886 3887 3888
787 3889 3270 3072
788 3891 3892
789 3893 3320 3936
790 3895 3852
791 3895 3918 3919
792 3895 4011
793 3896 3897
794 3898 3899
795 3900 3901
796 3902 3903
797 3904 3905
798 3906 3907
799 3908 3909
800 3912 3073
801 3913 3359
802 3914 3771
803 3920 3921
804 3924 3925
805 3928 3893
806 3928 3929
807 3930 3931
808 3932 3933
809 3934 3935
810 3937 3072 3938
811 3939 3145 3989 3990 3771
812 3939 3940
813 3941 3942 3943
814 3944 3320
815 3946 3054
816 3946 3947
817 3948 3949 3950
818 3952 3953
819 3954 3955
820 3956 3957 3958
821 3962 3963
822 3964 3965 3966
823 3967 3968
824 3969 3970
825 3969 4026
826 3969 4027
827 3969 4028
828 3971 3145
829 3972 3145
830 3973 3699
831 3974 3975
832 3976 3977
833 3980 3981
834 3985 3699
835 3986 3987 3988
836 3991 3320
837 3993 3994
838 3995 3145
839 3999 3145
840 3999 4010
841 3999 4021
842 4003 3054
843 4004 4005
844 4006 4007
845 4008 4009
846 4011 4011
847 4012 3999
848 4012 4013 4014 4015
849 4012 4027
850 4017 4018 4019 4020
851 4023 4024
852 4025 3406
853 4027 3138 4031
854 4029 4030
855 4031 4027
856 4032 4031 4033 4034 4035
