teamID questionID questionID ...
0 0
1 211
2 811
3 839 83
4 6
5 13
6 235
7 51 148
8 573
9 186
10 68 138 202
11 157
12 880 809
13 62
14 34
15 36
16 41
17 448
18 76
19 803
20 189
21 191
22 841
23 848
24 348
25 521
26 821
27 1
28 2
29 9
30 3
31 828
32 812
33 22
34 4
35 283
36 24
37 5
38 84 309
39 83 839
40 159
41 294
42 78
43 44
44 25
45 40
46 539
47 61
48 64
49 164
50 77
51 82
52 248
53 165
54 281
55 303
56 305
57 518
58 592
59 810
60 10
61 15
62 878
63 144 124
64 145
65 380 485 503
66 91 129
67 71
68 480
69 178
70 69
71 87
72 89
73 104
74 111
75 118
76 146
77 863
78 215
79 249
80 261
81 679
82 7
83 206
84 113
85 50
86 103
87 107
88 268
89 823
90 377
91 587
92 648
93 8
94 27
95 852
96 124 144 170 198
97 12
98 114
99 827
100 167
101 43
102 67
103 33
104 46
105 52
106 59
107 63
108 81
109 96
110 849
111 122
112 152
113 183
114 196
115 210
116 86
117 92
118 299
119 194
120 335
121 540
122 503 380
123 429
124 532 522
125 780 738
126 714 715
127 747
128 566
129 488
130 599 543
131 758 657
132 555
133 490
134 443
135 445
136 454
137 873
138 491
139 496
140 498
141 500
142 525
143 537
144 557
145 561
146 564
147 604
148 609
149 617
150 630
151 636
152 655
153 661
154 680
155 745
156 760
157 865
158 843
159 11
160 875
161 14
162 48
163 16
164 17
165 158 195
166 214
167 129 91
168 204
169 132
170 184
171 143
172 130
173 229 383 390
174 870
175 226 296 336
176 794
177 301
178 179
179 110
180 200
181 815
182 835
183 112
184 133
185 141
186 169
187 181 308
188 168
189 172
190 173
191 182
192 199 209
193 424
194 253
195 212
196 213
197 227
198 233
199 245
200 250
201 265
202 272
203 325
204 349
205 355
206 709
207 726
208 748
209 282
210 347
211 352
212 316
213 322 577
214 177
215 171
216 274
217 225
218 297
219 381
220 162
221 188
222 869
223 251
224 270
225 287
226 327
227 328
228 331
229 344
230 362
231 358
232 360
233 874
234 374
235 382
236 388
237 423
238 437
239 829
240 535
241 541
242 613
243 651
244 681
245 690
246 834
247 796
248 218
249 205
250 166
251 217
252 18
253 242
254 19
255 666
256 723
257 20
258 814
259 138 68
260 93
261 207
262 21
263 49
264 70
265 58
266 134
267 23
268 38
269 37
270 74
271 100
272 123
273 805
274 55
275 820
276 26
277 28
278 809 880
279 29
280 30
281 117
282 31
283 35 60 804
284 119
285 72
286 343
287 32
288 825
289 808
290 39
291 877
292 473
293 469 507
294 435
295 417
296 807
297 409
298 434
299 444
300 522 532 838
301 337
302 501
303 508
304 357
305 528
306 837
307 818
308 302
309 832
310 606
311 42
312 160
313 569
314 201
315 842
316 300
317 817
318 854
319 285
320 600 632
321 366
322 436
323 430
324 506
325 534
326 536
327 640
328 831
329 47
330 45
331 554
332 446 481 515
333 568
334 421
335 483
336 867
337 452
338 474
339 876
340 546
341 738 771 780
342 779
343 759
344 761
345 773 762
346 763
347 781
348 296 226
349 851
350 332
351 333
352 228
353 295
354 872
355 313
356 879
357 410
358 455
359 453
360 572
361 53
362 54
363 800
364 56
365 57
366 105
367 830
368 221
369 126
370 115
371 607
372 824
373 392
374 311
375 466
376 399
377 65
378 241
379 66
380 79
381 73
382 75
383 80
384 868
385 806
386 85
387 88
388 95
389 90
390 153
391 94
392 97
393 826
394 98
395 108
396 99
397 101
398 102
399 106
400 278
401 426
402 419
403 415
404 512
405 510
406 109
407 368
408 403
409 116
410 271
411 120
412 121
413 135
414 847
415 156
416 147
417 125
418 127
419 128
420 131
421 136
422 137
423 140
424 139
425 142
426 840
427 149
428 150
429 813
430 237
431 151
432 254 255
433 686
434 154
435 155
436 260
437 161
438 174
439 185
440 193
441 350
442 857
443 361
444 259
445 264
446 359
447 460
448 345
449 356
450 364
451 457
452 163
453 175
454 180
455 176
456 292
457 290
458 187
459 190
460 197
461 239
462 192
463 320
464 323
465 326
466 252
467 286
468 623
469 291
470 565
471 317 408
472 203
473 238
474 224
475 232
476 273
477 853
478 801
479 341
480 340
481 370
482 881
483 384
484 871
485 456
486 641
487 700
488 208
489 216
490 219
491 220
492 544
493 797
494 850
495 775
496 222
497 816
498 223
499 866
500 687
501 689
502 711
503 230
504 231
505 234
506 236
507 244
508 246
509 319
510 859
511 365
512 240
513 243
514 269
515 247
516 799
517 793
518 693
519 732
520 668
521 660
522 664
523 671
524 704
525 845
526 858
527 764
528 862
529 519
530 570
531 487
532 256
533 257
534 258
535 262
536 263
537 266
538 267
539 275
540 289
541 307
542 846
543 855
544 451
545 405
546 819
547 543 599
548 608
549 342
550 538
551 596
552 802
553 618
554 634
555 708
556 276
557 277
558 279
559 280
560 284
561 288
562 321
563 369
564 396
565 353
566 376
567 394
568 416
569 475
570 484
571 495
572 547
573 293
574 298
575 462
576 633
577 575
578 657 758
579 632 600
580 638
581 579
582 584
583 594
584 615
585 631
586 635
587 650
588 685
589 774
590 304
591 306
592 310
593 312
594 314
595 315
596 318
597 324
598 844
599 329
600 330
601 334
602 338
603 339
604 346
605 822
606 351
607 354
608 411
609 400
610 371
611 375
612 422
613 397
614 363
615 367
616 372
617 439
618 450
619 449
620 864
621 432 472
622 465
623 386
624 438
625 440
626 464
627 373
628 378
629 379
630 385
631 552
632 387
633 406
634 389
635 391
636 585
637 393
638 395
639 398
640 665
641 677
642 401
643 402
644 404
645 619
646 407
647 412
648 413
649 414
650 418
651 420
652 476
653 425
654 427
655 428
656 431
657 433
658 470
659 467
660 441
661 442
662 447
663 597
664 861
665 755
666 458
667 459
668 461
669 463
670 468
671 471
672 477
673 478
674 479
675 482
676 731
677 486
678 489
679 492
680 493
681 497
682 494
683 499
684 502
685 504
686 509
687 505
688 513
689 550
690 529
691 520
692 549
693 582
694 798
695 511
696 583
697 514
698 516
699 836
700 517
701 523
702 601
703 524
704 533
705 526
706 527
707 530
708 531
709 856
710 795
711 588
712 542
713 545
714 734
715 548
716 551
717 553
718 556
719 733
720 558
721 559
722 560
723 562
724 563
725 567
726 571
727 580
728 574
729 576
730 578
731 581
732 586
733 589
734 590
735 591
736 593
737 595
738 598
739 739
740 605
741 602
742 705
743 603
744 610
745 611
746 612
747 614
748 616
749 621
750 637
751 620
752 622
753 624
754 625
755 627
756 626
757 628
758 629
759 639
760 642
761 643
762 644
763 645
764 646
765 653
766 647
767 649
768 749
769 652
770 654
771 656
772 658
773 659
774 662
775 663
776 667
777 669
778 674
779 670
780 672
781 673
782 675
783 676
784 678
785 682
786 683
787 684
788 688
789 718
790 691
791 706
792 770
793 692
794 694
795 695
796 696
797 697
798 698
799 699
800 701
801 702
802 703
803 707
804 710
805 730
806 712
807 713
808 716
809 717
810 719
811 753
812 720
813 721
814 722
815 750
816 724
817 725
818 727
819 728
820 729
821 735
822 736
823 737
824 740
825 785
826 786
827 787
828 741
829 742
830 833
831 743
832 744
833 746
834 751
835 752
836 754
837 756
838 757
839 762 773 778
840 769
841 777
842 765
843 766
844 767
845 768
846 860
847 784
848 772
849 788
850 776
851 782
852 783
853 791
854 789
855 790
856 792
